[0.00673762] [[-0.00754742]] 0.0
[-0.00876176] [[-0.00668295]] 0.5
[0.00643498] [[-0.00511196]] 0.3333333333333333
[-0.00614949] [[-0.00406738]] 0.5
[-0.00704118] [[-0.00897535]] 0.6
[-2.868654e-05] [[-0.0105209]] 0.6666666666666666
[-0.00654259] [[-0.01131039]] 0.7142857142857143
[-0.00703423] [[-0.00904618]] 0.75
[-0.00191393] [[-0.00934282]] 0.7777777777777778
[-0.00451468] [[-0.00971585]] 0.8
[-0.00290633] [[-0.00664005]] 0.8181818181818182
[9.7034615e-05] [[-0.00423189]] 0.75
[0.00134734] [[-0.00432215]] 0.6923076923076923
[-0.00278711] [[-0.0063537]] 0.7142857142857143
[-0.00242942] [[-0.00716957]] 0.7333333333333333
[-0.0010922] [[-0.00554405]] 0.75
[-0.00461059] [[-0.00689216]] 0.7647058823529411
[-0.00524906] [[-0.00575228]] 0.7777777777777778
[-0.00416365] [[-0.00187474]] 0.7894736842105263
[-0.00481794] [[0.00102784]] 0.75
[-0.00471728] [[0.00045862]] 0.7142857142857143
[-0.00371066] [[-0.00295562]] 0.7272727272727273
[-0.00400643] [[-0.00244174]] 0.7391304347826086
[-0.00445854] [[-0.00329034]] 0.75
[-0.00398662] [[-0.00448752]] 0.76
[-0.00344078] [[-0.00581856]] 0.7692307692307693
[-0.00502491] [[-0.00847993]] 0.7777777777777778
[-0.00474446] [[-0.01019006]] 0.7857142857142857
[-0.0041449] [[-0.01324714]] 0.7931034482758621
[-0.00594276] [[-0.01163334]] 0.8
[-0.00533792] [[-0.01034792]] 0.8064516129032258
[-0.0055024] [[-0.01094396]] 0.8125
[-0.00687987] [[-0.00684248]] 0.8181818181818182
[-0.0077965] [[-0.00394776]] 0.8235294117647058
[-0.0071488] [[0.00081183]] 0.8
[-0.00704968] [[-9.82221376e-05]] 0.8055555555555556
[-0.00595973] [[-0.00070467]] 0.8108108108108109
[-0.00927161] [[6.47859134e-05]] 0.7894736842105263
[-0.00651791] [[-0.0001995]] 0.7948717948717948
[-0.00655752] [[0.00084684]] 0.775
[-0.00466319] [[0.00199027]] 0.7560975609756098
[-0.00283261] [[0.00415288]] 0.7380952380952381
[-0.00207557] [[0.00563123]] 0.7209302325581395
[-0.0014484] [[0.0056589]] 0.7045454545454546
[-0.00062637] [[0.00568937]] 0.6888888888888889
[0.00029297] [[0.00595334]] 0.6956521739130435
[-0.00222146] [[0.00652481]] 0.6808510638297872
[-0.00153636] [[0.00877556]] 0.6666666666666666
[-0.00177341] [[0.01067618]] 0.6530612244897959
[-0.0015593] [[0.01231344]] 0.64
[-0.00022663] [[0.01222865]] 0.6274509803921569
[-0.00172848] [[0.01191813]] 0.6153846153846154
[-0.00075855] [[0.01123983]] 0.6037735849056604
[0.00022748] [[0.00745239]] 0.6111111111111112
[-0.00073071] [[0.00771983]] 0.6
[-0.00212829] [[0.00627249]] 0.5892857142857143
[-0.00158531] [[0.00800669]] 0.5789473684210527
[0.00040304] [[0.00561772]] 0.5862068965517241
[0.00043293] [[0.00551556]] 0.5932203389830508
[-0.00221213] [[0.00876435]] 0.5833333333333334
[-0.00212573] [[0.00852127]] 0.5737704918032787
[-0.00264503] [[0.00742608]] 0.5645161290322581
[0.00019424] [[0.00359372]] 0.5714285714285714
[0.00062069] [[0.00366446]] 0.578125
[0.00298222] [[0.00252055]] 0.5846153846153846
[0.00442718] [[0.00064042]] 0.5909090909090909
[0.00593148] [[-0.00051003]] 0.582089552238806
[0.00785431] [[-0.00031273]] 0.5735294117647058
[0.00480208] [[-0.00140184]] 0.5652173913043478
[0.00576649] [[-0.00391716]] 0.5571428571428572
[0.00428822] [[-0.00601854]] 0.5492957746478874
[0.00277402] [[-0.00846551]] 0.5416666666666666
[0.00329944] [[-0.0096396]] 0.5342465753424658
[0.00130485] [[-0.00485801]] 0.527027027027027
[0.0010098] [[0.00110388]] 0.5333333333333333
[0.00198394] [[0.00984005]] 0.5394736842105263
[0.0015973] [[0.01165553]] 0.5454545454545454
[0.00070082] [[0.01403278]] 0.5512820512820513
[0.00134284] [[0.01193464]] 0.5569620253164557
[0.00398069] [[0.00958169]] 0.5625
[0.00125507] [[0.00922382]] 0.5679012345679012
[-0.00077746] [[0.0089638]] 0.5609756097560976
[0.0002031] [[0.01016433]] 0.5662650602409639
[0.00174059] [[0.00805714]] 0.5714285714285714
[0.00077459] [[0.00701458]] 0.5764705882352941
[0.00207772] [[0.00407817]] 0.5813953488372093
[0.00473091] [[0.00086663]] 0.5862068965517241
[0.00209358] [[-0.00272855]] 0.5795454545454546
[0.0025823] [[-0.00477386]] 0.5730337078651685
[0.00068267] [[-0.00169088]] 0.5666666666666667
[0.00066997] [[0.00198647]] 0.5714285714285714
[0.00218215] [[0.00582047]] 0.5760869565217391
[0.00164403] [[0.00691695]] 0.5806451612903226
[0.00096217] [[0.00586815]] 0.5851063829787234
[0.00461399] [[0.00512714]] 0.5894736842105263
[0.0037538] [[0.0016686]] 0.59375
[0.00476685] [[0.00157626]] 0.5979381443298969
[-0.00124473] [[0.00199735]] 0.5918367346938775
[0.00143737] [[0.00426317]] 0.5959595959595959
[-0.00571115] [[0.00576483]] 0.59
[0.00182737] [[0.00751219]] 0.6
[0.00752537] [[0.00848794]] 0.6
[0.00588281] [[0.00504058]] 0.61
[0.01069511] [[-0.00058105]] 0.6
[0.00899661] [[-0.00711507]] 0.59
[0.00382128] [[-0.00989281]] 0.58
[0.00295447] [[-0.01199692]] 0.57
[0.0013746] [[-0.01163242]] 0.56
[0.00173522] [[-0.01107179]] 0.55
[-2.3134518e-05] [[-0.01081385]] 0.55
[0.00013193] [[-0.01012075]] 0.54
[0.00030256] [[-0.0101717]] 0.54
[0.0012203] [[-0.00943265]] 0.54
[0.00368204] [[-0.01052879]] 0.53
[0.00696198] [[-0.00889346]] 0.52
[0.00394528] [[-0.00625415]] 0.51
[0.00358746] [[-0.00343376]] 0.5
[0.00648843] [[0.00199429]] 0.5
[0.00387905] [[0.00637286]] 0.5
[0.00543492] [[0.01115179]] 0.51
[0.00668045] [[0.01092126]] 0.52
[0.00830817] [[0.0110553]] 0.52
[0.00723441] [[0.01332882]] 0.52
[0.00169316] [[0.01264187]] 0.52
[0.00171445] [[0.01128546]] 0.52
[0.0014092] [[0.00780067]] 0.52
[0.00548625] [[0.00753291]] 0.52
[0.00406696] [[0.0070884]] 0.52
[0.00118985] [[0.0067826]] 0.52
[0.00348322] [[0.00539759]] 0.52
[0.00197766] [[0.00381259]] 0.52
[0.00289466] [[0.00179397]] 0.52
[0.001804] [[0.00030846]] 0.52
[0.0017886] [[-0.00054676]] 0.51
[0.00258489] [[-0.00244908]] 0.51
[0.00402997] [[-0.00342688]] 0.5
[0.0042559] [[-0.0021776]] 0.49
[0.00249104] [[-0.00087054]] 0.49
[0.00083109] [[0.00151716]] 0.49
[0.00111025] [[0.00356408]] 0.5
[-0.00068935] [[0.00691471]] 0.5
[0.00057934] [[0.00848089]] 0.51
[0.00240021] [[0.00451858]] 0.52
[-0.00137727] [[0.0025343]] 0.52
[-0.00328033] [[0.00287799]] 0.52
[-0.00592116] [[0.00626651]] 0.51
[-0.0048163] [[0.00768376]] 0.51
[0.00119625] [[0.00714108]] 0.52
[0.00865918] [[0.00936485]] 0.53
[0.00896425] [[0.011204]] 0.54
[0.00474899] [[0.00941291]] 0.55
[0.00682994] [[0.00412039]] 0.56
[-0.00409938] [[-0.00033301]] 0.57
[0.00071959] [[-0.00125679]] 0.56
[-0.00811508] [[-0.00088437]] 0.57
[-0.00489944] [[-0.00091697]] 0.58
[-0.00479662] [[-0.00188544]] 0.59
[-0.00428193] [[-0.00309492]] 0.59
[-0.00720276] [[-0.00553907]] 0.59
[-0.00217043] [[-0.0068457]] 0.6
[-0.00102356] [[-0.00742906]] 0.61
[0.00209316] [[-0.00676383]] 0.61
[0.00355563] [[-0.0045888]] 0.6
[0.00329926] [[-0.00268983]] 0.59
[0.00403946] [[-0.00146976]] 0.58
[0.00521054] [[-0.00279165]] 0.57
[0.00139801] [[-0.00785595]] 0.57
[0.00119792] [[-0.0122839]] 0.57
[-0.00254783] [[-0.01585532]] 0.58
[-0.00495482] [[-0.01590574]] 0.59
[-0.01382262] [[-0.0141619]] 0.6
[-0.01464933] [[-0.01290415]] 0.61
[-0.01061471] [[-0.00833058]] 0.62
[-0.0078086] [[-0.00545445]] 0.63
[-0.00685271] [[-0.00097409]] 0.63
[-0.00338232] [[0.00020272]] 0.62
[-0.00125802] [[0.00105763]] 0.61
[0.0027322] [[0.00235396]] 0.61
[0.00357137] [[0.00342287]] 0.61
[0.00797737] [[0.00779661]] 0.61
[0.00896583] [[0.00936908]] 0.61
[0.01196908] [[0.01063821]] 0.62
[0.01275541] [[0.00881742]] 0.62
[0.01397157] [[0.00800565]] 0.62
[0.01126437] [[0.00851776]] 0.62
[0.01111308] [[0.0061447]] 0.62
[0.00859135] [[0.00321848]] 0.62
[0.00614172] [[0.00058846]] 0.63
[0.00341301] [[0.00196141]] 0.64
[0.00235961] [[0.00415541]] 0.65
[0.0023223] [[0.00431175]] 0.65
[0.00269314] [[0.00321742]] 0.65
[0.00294776] [[0.00282653]] 0.65
[0.00402386] [[0.00322472]] 0.65
[0.00589372] [[0.00253874]] 0.65
[0.00629121] [[0.00249705]] 0.65
[0.00809895] [[0.00259219]] 0.65
[0.01025725] [[0.00394006]] 0.66
[0.00842922] [[0.00490822]] 0.66
[0.01078221] [[0.0071522]] 0.67
[0.01007072] [[0.00921436]] 0.67
[0.01058626] [[0.00670892]] 0.67
[0.01344957] [[0.00206779]] 0.67
[0.0084062] [[-0.00242616]] 0.67
[0.00727378] [[-0.00393355]] 0.67
[0.0069975] [[-0.00637376]] 0.67
[0.00242768] [[-0.00906225]] 0.67
[0.00150547] [[-0.00699684]] 0.67
[-0.00188017] [[-0.00502561]] 0.68
[-0.00388634] [[-0.00270168]] 0.68
[-0.00508039] [[-0.00447922]] 0.69
[-0.00307259] [[-0.00436419]] 0.7
[-0.00359987] [[-0.00474023]] 0.71
[-0.00442947] [[-0.00766867]] 0.72
[-0.0038422] [[-0.00781068]] 0.73
[-0.00368746] [[-0.00658271]] 0.74
[-0.00335878] [[-0.00215109]] 0.75
[-0.0017278] [[-0.00052623]] 0.75
[-5.7803118e-06] [[0.00107532]] 0.74
[0.0031217] [[0.00144402]] 0.74
[0.00375256] [[0.00235998]] 0.74
[0.00304508] [[0.00098298]] 0.74
[0.00213796] [[-0.00107698]] 0.73
[0.00139321] [[-0.00385428]] 0.72
[6.0723076e-05] [[-0.00529528]] 0.71
[-0.00148795] [[-0.00405706]] 0.71
[-0.00274068] [[-0.00499485]] 0.71
[-0.004272] [[-0.00647194]] 0.71
[-0.0042901] [[-0.00919628]] 0.71
[-0.00431274] [[-0.00877559]] 0.71
[-0.00370193] [[-0.00906791]] 0.71
[-0.00481181] [[-0.00952173]] 0.71
[-0.00529702] [[-0.00900817]] 0.71
[-0.00320218] [[-0.00697469]] 0.72
[-0.00059367] [[-0.00462291]] 0.73
[0.00069936] [[-0.00360768]] 0.73
[4.462211e-05] [[-0.00160664]] 0.73
[-0.00052946] [[0.00156779]] 0.73
[0.0004515] [[0.00431687]] 0.73
[0.00092925] [[0.00631336]] 0.73
[0.00138095] [[0.00742758]] 0.74
[0.00105914] [[0.00840009]] 0.74
[0.00203644] [[0.00903443]] 0.74
[0.00330003] [[0.00707592]] 0.75
[0.003869] [[0.00657748]] 0.76
[0.00416463] [[0.0059215]] 0.77
[0.00432943] [[0.00672484]] 0.78
[0.00441192] [[0.00626973]] 0.78
[0.0043017] [[0.00547743]] 0.78
[0.0056031] [[0.00479739]] 0.78
[0.00617304] [[0.00448955]] 0.78
[0.00647832] [[0.00501619]] 0.78
[0.00620847] [[0.00591785]] 0.78
[0.00689591] [[0.00547717]] 0.79
[0.0070829] [[0.00504045]] 0.79
[0.00590327] [[0.00589542]] 0.79
[0.00513355] [[0.00582362]] 0.79
[0.00495204] [[0.0045489]] 0.79
[0.00323088] [[0.00059336]] 0.79
[0.00297142] [[-0.00147667]] 0.78
[0.00108472] [[-0.00320031]] 0.77
[0.00106479] [[-0.003951]] 0.77
[-0.00140011] [[-0.00404408]] 0.78
[-0.00319048] [[-0.00235587]] 0.79
[-0.00481991] [[0.00290622]] 0.79
[-0.00495619] [[0.00771863]] 0.79
[-0.00556217] [[0.01111935]] 0.79
[-0.00419172] [[0.01133794]] 0.79
[0.00083512] [[0.01031476]] 0.79
[0.00204176] [[0.00640651]] 0.79
[0.00013689] [[0.00108114]] 0.79
[-0.0005944] [[-0.00177627]] 0.79
[-0.0007001] [[-0.00038546]] 0.79
[-0.0007584] [[0.00245864]] 0.78
[0.0006691] [[0.00439162]] 0.78
[0.00117179] [[0.006124]] 0.79
[0.00136385] [[0.00635706]] 0.8
[0.00140645] [[0.00475734]] 0.8
[0.00134319] [[0.00082404]] 0.8
[0.00084099] [[-0.00211793]] 0.79
[-0.00121424] [[-0.00373817]] 0.79
[-0.00575271] [[-0.00386254]] 0.79
[-0.00678488] [[-0.00230874]] 0.79
[-0.00925181] [[0.00346825]] 0.78
[-0.00746723] [[0.0071714]] 0.77
[-0.00488885] [[0.01064338]] 0.76
[-0.00072782] [[0.0110849]] 0.75
[0.00465124] [[0.0132316]] 0.75
[0.00932178] [[0.01443264]] 0.75
[0.006373] [[0.01159396]] 0.75
[0.00890418] [[0.01047221]] 0.75
[0.00982146] [[0.00919921]] 0.75
[0.00703585] [[0.0103446]] 0.75
[0.00578446] [[0.01015177]] 0.75
[0.00294075] [[0.01010549]] 0.75
[0.00873464] [[0.00873756]] 0.75
[0.0040363] [[0.00505589]] 0.75
[0.00656104] [[6.03495862e-05]] 0.75
[0.00394052] [[-0.00383604]] 0.74
[0.00346271] [[-0.00655245]] 0.73
[0.00180392] [[-0.00814563]] 0.72
[-0.00143358] [[-0.00912454]] 0.72
[-0.00370252] [[-0.0077371]] 0.72
[-0.00356443] [[-0.00653967]] 0.73
[-0.00493354] [[-0.00580617]] 0.74
[-0.00415943] [[-0.00604147]] 0.75
[-0.00446862] [[-0.0081719]] 0.76
[-0.00278503] [[-0.00949175]] 0.77
[-0.00348731] [[-0.01143299]] 0.77
[-0.00422877] [[-0.00964993]] 0.77
[-0.00028717] [[-0.00809336]] 0.77
[0.00164928] [[-0.00588796]] 0.76
[0.00474913] [[-0.00488525]] 0.75
[0.009605] [[-0.00425823]] 0.74
[0.01525919] [[-0.00432815]] 0.73
[0.00791577] [[-0.00461284]] 0.72
[0.00140866] [[-0.00444226]] 0.71
[-0.00043947] [[-0.00635701]] 0.71
[0.00157531] [[-0.00626637]] 0.71
[0.00369604] [[-0.00608922]] 0.7
[0.00067481] [[-0.00376293]] 0.69
[0.00471824] [[-0.00505774]] 0.68
[0.00856845] [[-0.00664686]] 0.68
[0.00827746] [[-0.0071026]] 0.68
[0.00372885] [[-0.00335972]] 0.68
[0.0078431] [[0.00166484]] 0.68
[0.0085844] [[0.00510797]] 0.68
[0.01418926] [[0.00777671]] 0.68
[0.01186167] [[0.01041221]] 0.68
[0.0153016] [[0.01338787]] 0.68
[0.01997301] [[0.01244867]] 0.68
[0.01772723] [[0.00912593]] 0.68
[0.01698169] [[0.00365734]] 0.68
[0.0063292] [[-0.00034295]] 0.67
[-0.00376436] [[-0.00359224]] 0.67
[-0.01226232] [[-0.00539598]] 0.68
[-0.00797292] [[-0.00647867]] 0.69
[-0.0056079] [[-0.00757214]] 0.7
[-0.00495739] [[-0.00643802]] 0.7
[-0.00694274] [[-0.0045359]] 0.7
[-0.00776551] [[-0.00317455]] 0.7
[-0.0068419] [[-0.00286129]] 0.7
[-0.0080981] [[-0.00424516]] 0.7
[-0.00737041] [[-0.0046549]] 0.7
[-0.00344877] [[-0.00476363]] 0.7
[-0.00526234] [[-0.00345672]] 0.7
[-0.00502811] [[-0.00221391]] 0.7
[-0.00393208] [[-0.00074659]] 0.7
[-0.00515721] [[0.00139097]] 0.69
[-0.00322595] [[0.00208484]] 0.68
[-0.00211129] [[0.00177296]] 0.67
[8.403836e-05] [[-0.00041235]] 0.66
[0.00180636] [[-0.00041408]] 0.65
[0.00134862] [[-0.00069189]] 0.64
[0.00162958] [[0.0005163]] 0.64
[0.00162087] [[0.00264136]] 0.64
[0.00228994] [[0.0049833]] 0.64
[0.0028151] [[0.00655397]] 0.64
[0.00257427] [[0.00604226]] 0.64
[0.00243846] [[0.00418175]] 0.65
[0.00234706] [[0.00081214]] 0.66
[0.00188] [[-0.00123854]] 0.66
[0.00053377] [[-0.00210016]] 0.65
[-0.00077621] [[-0.0008819]] 0.65
[-0.00121237] [[-0.00054087]] 0.66
[-0.00066993] [[0.00083579]] 0.66
[-0.0011519] [[0.0023276]] 0.66
[-0.00021914] [[0.00246909]] 0.66
[0.00055173] [[0.0025514]] 0.66
[0.00205542] [[0.00182426]] 0.66
[0.00261465] [[0.00248042]] 0.66
[0.0034901] [[0.00238167]] 0.66
[0.0039714] [[0.00216701]] 0.66
[0.00309099] [[0.00288395]] 0.67
[0.00247828] [[0.0027198]] 0.67
[0.00082523] [[0.00131035]] 0.67
[-0.00189183] [[-0.00156441]] 0.67
[-0.0048374] [[-0.00419326]] 0.67
[-0.00431093] [[-0.00529471]] 0.67
[-0.00055605] [[-0.00644475]] 0.68
[0.0003311] [[-0.00684444]] 0.67
[-7.612794e-05] [[-0.00715556]] 0.67
[-0.00036293] [[-0.00676836]] 0.67
[-0.00047618] [[-0.00702101]] 0.68
[-0.00043335] [[-0.00794101]] 0.69
[1.1360738e-05] [[-0.00900428]] 0.69
[-0.00279145] [[-0.00933049]] 0.7
[-0.00591409] [[-0.00863592]] 0.7
[-0.00693579] [[-0.00840346]] 0.7
[-0.00673337] [[-0.00705457]] 0.7
[-0.0063974] [[-0.0045203]] 0.7
[-0.004491] [[-0.00104741]] 0.7
[-0.00426097] [[0.00107517]] 0.69
[-0.00189176] [[0.00200322]] 0.68
[0.0002361] [[0.00406446]] 0.68
[0.00248366] [[0.0058643]] 0.68
[0.00239925] [[0.00667638]] 0.68
[0.00434049] [[0.00541078]] 0.68
[0.00437441] [[0.00440147]] 0.69
[0.00621455] [[0.00392385]] 0.7
[0.00483532] [[0.00313217]] 0.71
[0.00773017] [[0.00237116]] 0.71
[0.00826236] [[0.00106591]] 0.71
[0.00714446] [[0.00249375]] 0.71
[0.00649946] [[0.00542124]] 0.71
[0.00403455] [[0.00891779]] 0.71
[0.00350465] [[0.01042826]] 0.71
[0.00468888] [[0.01040372]] 0.71
[0.00484027] [[0.01036191]] 0.71
[0.00553316] [[0.01113637]] 0.71
[0.00507617] [[0.01077437]] 0.71
[0.00572249] [[0.01038751]] 0.72
[0.00577352] [[0.00954162]] 0.73
[0.00487437] [[0.00984612]] 0.74
[0.00472088] [[0.01023019]] 0.75
[0.00540381] [[0.00785381]] 0.76
[0.00287653] [[0.00393019]] 0.77
[0.00199902] [[0.00120256]] 0.77
[0.00246486] [[0.00094165]] 0.78
[0.00168871] [[0.0026985]] 0.79
[0.00171223] [[0.00326784]] 0.8
[0.00163394] [[0.0033913]] 0.81
[0.00157187] [[0.00579918]] 0.82
[0.00091086] [[0.00637111]] 0.83
[0.0010891] [[0.00710541]] 0.84
[0.00199449] [[0.0041476]] 0.84
[-0.00074045] [[0.00338012]] 0.83
[0.00017035] [[0.00280356]] 0.83
[-0.00322092] [[0.0015501]] 0.82
[-0.00980353] [[0.00033643]] 0.81
[-0.01651184] [[-0.0010128]] 0.81
[-0.01406038] [[0.00234637]] 0.8
[-0.00695826] [[0.00512703]] 0.79
[-0.00068781] [[0.00780643]] 0.79
[0.00152671] [[0.00737967]] 0.79
[0.00787966] [[0.00746688]] 0.79
[0.00953122] [[0.00646965]] 0.79
[0.01288554] [[0.00293222]] 0.79
[0.01214898] [[-0.00109379]] 0.78
[0.00545858] [[-0.00405528]] 0.77
[0.00465997] [[-0.00581515]] 0.76
[0.00045049] [[-0.00743007]] 0.75
[-0.00407306] [[-0.00756371]] 0.75
[-0.00689365] [[-0.00614497]] 0.75
[-0.00631799] [[-0.00502201]] 0.75
[-0.00435373] [[-0.0055379]] 0.75
[-0.00125472] [[-0.00610664]] 0.75
[-0.00431466] [[-0.00655164]] 0.75
[-0.00373389] [[-0.00658763]] 0.76
[-0.00433874] [[-0.00708001]] 0.77
[-0.004357] [[-0.00601532]] 0.78
[-0.00367454] [[-0.00367248]] 0.79
[-0.00621222] [[0.00163045]] 0.79
[-0.00291945] [[0.00787129]] 0.79
[-0.00137196] [[0.01277556]] 0.78
[0.01035127] [[0.01504448]] 0.78
[0.01241963] [[0.01392244]] 0.78
[0.01432219] [[0.01167709]] 0.78
[0.01164292] [[0.00712154]] 0.78
[0.00602048] [[0.00037555]] 0.78
[0.00199624] [[-0.00543591]] 0.77
[0.00409613] [[-0.00901658]] 0.77
[0.0040326] [[-0.00929666]] 0.77
[-0.00319784] [[-0.00859765]] 0.77
[-0.00339569] [[-0.00627651]] 0.77
[0.00171492] [[-0.00377933]] 0.77
[0.00166399] [[-0.00274144]] 0.77
[-0.00063253] [[-0.0044972]] 0.78
[-0.00417177] [[-0.00460713]] 0.78
[-0.00262068] [[-0.00398883]] 0.78
[-0.00357265] [[-0.00285222]] 0.78
[-0.00367746] [[-0.00281193]] 0.78
[-0.00254264] [[-0.00037969]] 0.78
[-0.0003219] [[0.00376364]] 0.77
[0.00157108] [[0.00426398]] 0.77
[0.00308059] [[0.00234315]] 0.77
[0.0037915] [[-0.00058882]] 0.76
[0.00410874] [[-0.00040046]] 0.75
[0.00301842] [[-0.00171805]] 0.74
[0.00358145] [[-0.0023399]] 0.73
[0.0025338] [[-0.00204491]] 0.73
[0.00091286] [[-0.00074419]] 0.72
[0.00048693] [[-0.0012248]] 0.71
[0.00072201] [[-0.0028567]] 0.7
[0.00032186] [[-0.0037575]] 0.69
[-2.4659326e-05] [[-0.00372292]] 0.7
[-0.00275364] [[-0.00395759]] 0.7
[-0.0066661] [[-0.00250319]] 0.7
[-0.00472827] [[0.00112215]] 0.69
[-0.00217284] [[0.00717451]] 0.68
[0.00156401] [[0.01137817]] 0.68
[0.00489851] [[0.01327333]] 0.68
[0.00768807] [[0.0139069]] 0.69
[0.01222095] [[0.01187955]] 0.7
[0.01511275] [[0.00806943]] 0.7
[0.01046773] [[8.11767402e-05]] 0.7
[0.00488124] [[-0.00528345]] 0.69
[0.00316705] [[-0.00854251]] 0.68
[-0.00092344] [[-0.00926882]] 0.68
[-0.00563839] [[-0.00863777]] 0.68
[-0.00320301] [[-0.00568416]] 0.68
[0.00079362] [[-0.00039829]] 0.67
[0.00191801] [[0.0023201]] 0.67
[0.00154604] [[0.00312788]] 0.67
[0.00119519] [[0.00234962]] 0.67
[-0.00076044] [[0.00278533]] 0.66
[-0.00860617] [[0.00165719]] 0.65
[-0.00989593] [[0.00093514]] 0.64
[-0.00578595] [[0.00287623]] 0.63
[0.00195173] [[0.00430336]] 0.63
[0.00271975] [[0.00564319]] 0.63
[0.00368263] [[0.00434533]] 0.63
[0.00609948] [[0.0045551]] 0.63
[0.00729989] [[0.00431559]] 0.63
[0.00802237] [[0.00168824]] 0.63
[0.00512913] [[0.00148676]] 0.63
[0.0028751] [[0.00079729]] 0.63
[0.00209618] [[0.0010106]] 0.63
[0.002479] [[-0.00112815]] 0.62
[0.00236836] [[-0.00332311]] 0.61
[-0.00233685] [[-0.00469579]] 0.61
[-0.00593156] [[-0.00670555]] 0.61
[-0.00637538] [[-0.00853028]] 0.61
[-0.00600799] [[-0.00830228]] 0.61
[-0.00591278] [[-0.00734727]] 0.61
[-0.00576351] [[-0.00587287]] 0.61
[-0.00334801] [[-0.00419075]] 0.62
[-0.00175898] [[-0.00423343]] 0.62
[-0.00188292] [[-0.00414421]] 0.63
[-0.00437068] [[-0.00587885]] 0.64
[-0.00445835] [[-0.00473046]] 0.64
[-0.00462191] [[-0.00442193]] 0.65
[-0.00324382] [[-0.00386734]] 0.66
[-0.00657347] [[-0.0035299]] 0.67
[-0.00503538] [[-0.00171333]] 0.67
[-0.00370991] [[0.00011338]] 0.66
[-0.00218461] [[0.00044207]] 0.65
[0.00250748] [[0.00134246]] 0.65
[0.001863] [[0.00293768]] 0.66
[0.00048884] [[0.00498475]] 0.67
[-0.0008578] [[0.00568707]] 0.67
[-0.00150191] [[0.00545637]] 0.67
[-0.00214451] [[0.00117782]] 0.66
[-0.0012852] [[-0.00414243]] 0.66
[0.00615378] [[-0.01009323]] 0.65
[0.00718139] [[-0.01218117]] 0.64
[0.01001424] [[-0.01321238]] 0.63
[0.00325743] [[-0.01282265]] 0.62
[-0.00271888] [[-0.00921728]] 0.62
[-0.01093808] [[-0.00454983]] 0.62
[-0.01112489] [[-0.00067127]] 0.62
[-0.00326245] [[0.002245]] 0.61
[0.00309799] [[0.00393041]] 0.62
[0.0030211] [[0.00590316]] 0.63
[0.00297923] [[0.00571273]] 0.64
[-0.00111964] [[0.00510161]] 0.63
[0.0007158] [[0.00401137]] 0.63
[0.00270518] [[0.0016013]] 0.63
[0.00443226] [[0.00052667]] 0.63
[0.00173881] [[-0.00140389]] 0.62
[0.00181167] [[-0.00199948]] 0.62
[-0.00126804] [[-0.0033412]] 0.63
[-0.00280687] [[-0.00222361]] 0.64
[-0.00318846] [[-0.00218755]] 0.64
[-0.00229243] [[-0.00173109]] 0.64
[-0.00321943] [[-0.00139793]] 0.65
[-0.00280419] [[0.00013049]] 0.65
[-0.00132335] [[0.00123501]] 0.64
[-0.00134993] [[0.00125395]] 0.63
[0.00244216] [[0.00173548]] 0.63
[0.00123581] [[0.00110361]] 0.63
[0.00223201] [[0.00062059]] 0.63
[0.00104537] [[0.00024281]] 0.63
[0.00057469] [[-0.00119812]] 0.63
[-3.7560123e-05] [[-0.00269086]] 0.63
[-0.00157142] [[-0.00505885]] 0.63
[-0.00082069] [[-0.00559336]] 0.64
[-0.00146447] [[-0.00647895]] 0.65
[-0.00297493] [[-0.00828179]] 0.66
[-0.0039063] [[-0.00853543]] 0.67
[-0.00481778] [[-0.00804352]] 0.68
[-0.00647399] [[-0.00648476]] 0.69
[-0.00691909] [[-0.0056607]] 0.7
[-0.00554971] [[-0.00458006]] 0.71
[-0.00555719] [[-0.00429873]] 0.72
[-0.0061307] [[-0.00418901]] 0.72
[-0.00668742] [[-0.00547678]] 0.72
[-0.00691747] [[-0.00609549]] 0.72
[-0.00740325] [[-0.00700321]] 0.73
[-0.00810117] [[-0.00708732]] 0.74
[-0.00867322] [[-0.00628852]] 0.74
[-0.00894817] [[-0.0042626]] 0.74
[-0.00655703] [[-0.00142167]] 0.74
[-0.00369772] [[0.00079419]] 0.73
[-0.00099611] [[0.00176907]] 0.72
[-0.00107563] [[0.00187195]] 0.71
[-0.00934963] [[0.0022026]] 0.71
[-0.00746615] [[0.00291113]] 0.71
[0.00073841] [[0.00208822]] 0.71
[0.00253548] [[0.00058754]] 0.71
[0.00241305] [[-0.00196421]] 0.7
[0.00292671] [[-0.00351611]] 0.7
[0.00344875] [[-0.0047494]] 0.69
[0.00202694] [[-0.00615168]] 0.68
[-0.00167275] [[-0.00605349]] 0.68
[0.00030576] [[-0.00666977]] 0.68
[-0.00059353] [[-0.00678825]] 0.69
[-0.00236633] [[-0.0082053]] 0.7
[-0.00234241] [[-0.007486]] 0.71
[-0.00445747] [[-0.00640605]] 0.71
[-0.00509633] [[-0.00490325]] 0.71
[-0.00469202] [[-0.0042527]] 0.71
[-0.00493544] [[-0.00209776]] 0.71
[-0.00383461] [[0.00127695]] 0.7
[-0.00173737] [[0.00222332]] 0.69
[-0.00121332] [[0.00111405]] 0.68
[0.00014583] [[-0.00130052]] 0.67
[0.00313558] [[-0.0013653]] 0.66
[0.00222831] [[-0.00133179]] 0.66
[0.00188394] [[-0.0020713]] 0.66
[0.00378457] [[-0.00312898]] 0.65
[0.00079546] [[-0.00363881]] 0.64
[0.00155376] [[-0.00326606]] 0.63
[0.00047083] [[-0.0030602]] 0.62
[-0.00183829] [[-0.00293212]] 0.62
[-0.00026175] [[-0.00340423]] 0.62
[-0.00199583] [[-0.00327378]] 0.62
[0.00035871] [[-0.00307712]] 0.61
[-0.00290713] [[-0.00187549]] 0.61
[-0.00247468] [[-0.00126632]] 0.61
[-0.00224394] [[-0.00074771]] 0.61
[-0.0014422] [[0.00012379]] 0.6
[-0.00208731] [[-0.00119542]] 0.6
[-0.00390691] [[-0.00259628]] 0.6
[-0.00337839] [[-0.00747366]] 0.6
[-0.005198] [[-0.01037693]] 0.61
[-0.00492093] [[-0.01345518]] 0.62
[-0.00663312] [[-0.01394136]] 0.62
[-0.00577278] [[-0.01238224]] 0.62
[-0.00890027] [[-0.0093376]] 0.62
[-0.00335402] [[-0.00340603]] 0.63
[-0.0025336] [[0.00167035]] 0.63
[-0.00376908] [[0.00521482]] 0.63
[-0.00311927] [[0.00659555]] 0.62
[-0.00341528] [[0.00700692]] 0.62
[-0.00366692] [[0.00692517]] 0.62
[-0.00052833] [[0.00524477]] 0.62
[0.00047558] [[0.00474448]] 0.63
[0.00042734] [[0.00454197]] 0.63
[0.00085071] [[0.00359291]] 0.63
[0.00278565] [[0.00215159]] 0.63
[-0.0015454] [[0.00120682]] 0.63
[-0.00047144] [[0.00189008]] 0.62
[-0.00075254] [[-0.00035846]] 0.62
[-0.00134134] [[-0.00277223]] 0.62
[-0.00338417] [[-0.00349538]] 0.63
[-0.00539105] [[-0.00150747]] 0.63
[-0.00772891] [[-0.00019446]] 0.63
[-0.00874171] [[-0.00059032]] 0.63
[-0.0099479] [[-0.00110911]] 0.64
[-0.00723212] [[0.00014181]] 0.64
[0.00178171] [[-0.00030571]] 0.63
[0.00174301] [[-0.00144945]] 0.62
[0.0016346] [[-0.00074803]] 0.61
[-0.00063438] [[0.00059687]] 0.6
[0.00163386] [[0.00230812]] 0.6
[0.00280122] [[0.00155488]] 0.61
[0.00107244] [[0.0027751]] 0.62
[0.00141868] [[0.00298315]] 0.63
[0.00486786] [[0.00137845]] 0.63
[0.00390738] [[0.00061235]] 0.63
[0.00487798] [[-0.00045645]] 0.62
[0.00519913] [[-1.36280536e-05]] 0.61
[0.00561424] [[-0.00132272]] 0.61
[0.00343565] [[-0.00053237]] 0.6
[0.00213643] [[-0.00028038]] 0.59
[0.00224496] [[-0.00177374]] 0.58
[6.517582e-05] [[-0.00394727]] 0.57
[-0.0032324] [[-0.00532562]] 0.57
[-0.00369219] [[-0.00496938]] 0.57
[-0.00489052] [[-0.00527693]] 0.57
[-0.00757023] [[-0.0054346]] 0.57
[-0.00807403] [[-0.0024188]] 0.57
[-0.0083274] [[0.0018816]] 0.56
[-0.00407337] [[0.00582213]] 0.55
[0.0012131] [[0.00665578]] 0.55
[0.00205664] [[0.00678014]] 0.55
[-0.01101153] [[0.00656896]] 0.54
[-0.00491155] [[0.00184549]] 0.53
[0.00128798] [[-0.00265306]] 0.52
[-0.00480161] [[-0.00678754]] 0.52
[-0.01284428] [[-0.0040498]] 0.52
[-0.00735129] [[0.00040173]] 0.51
[-0.00034228] [[0.00473529]] 0.51
[0.00036692] [[0.00907536]] 0.52
[0.00326151] [[0.01300568]] 0.53
[0.00818938] [[0.01662478]] 0.54
[0.01358794] [[0.01530654]] 0.55
[0.01582296] [[0.00959015]] 0.55
[0.01438146] [[0.00484932]] 0.55
[0.01343303] [[0.00270688]] 0.56
[0.00953813] [[0.00195391]] 0.57
[0.00650311] [[-0.00033209]] 0.57
[0.00254225] [[-0.00049825]] 0.57
[0.00319421] [[0.00083924]] 0.57
[0.00291843] [[0.0024162]] 0.58
[0.00221358] [[0.00228948]] 0.58
[0.00267878] [[0.00207548]] 0.58
[0.00878729] [[0.0032796]] 0.58
[0.00631612] [[0.00172885]] 0.58
[0.00811451] [[0.00017392]] 0.58
[0.00503501] [[-0.00363196]] 0.57
[0.00239042] [[-0.00329065]] 0.56
[0.00134884] [[-0.00282336]] 0.56
[0.00026141] [[-0.00086283]] 0.56
[0.00105807] [[-0.00030697]] 0.56
[-0.00169161] [[0.00089366]] 0.56
[-0.00251495] [[0.0034506]] 0.56
[-0.00126121] [[0.00309305]] 0.56
[0.00185917] [[0.00103843]] 0.57
[0.00409661] [[-0.00414096]] 0.57
[0.00356411] [[-0.00684573]] 0.57
[-0.00328276] [[-0.00863695]] 0.58
[-0.00468447] [[-0.00937414]] 0.59
[-0.00199613] [[-0.01035022]] 0.59
[-0.01060911] [[-0.01036359]] 0.59
[-0.00722491] [[-0.00670133]] 0.59
[0.00471271] [[-0.00131393]] 0.59
[0.00358593] [[0.00311864]] 0.59
[0.00365108] [[0.0053939]] 0.59
[0.00826862] [[0.00658201]] 0.59
[0.00530304] [[0.00783136]] 0.6
[0.00562941] [[0.00749532]] 0.6
[0.00631156] [[0.00542383]] 0.6
[0.00354166] [[0.00282598]] 0.6
[0.00279898] [[0.00100208]] 0.6
[-0.0020669] [[0.00063463]] 0.59
[-0.00315487] [[0.00051429]] 0.58
[-0.00010501] [[-0.00033924]] 0.58
[-0.00244191] [[-0.00253512]] 0.58
[-0.00530945] [[-0.0022286]] 0.58
[-0.00743772] [[-0.00239525]] 0.59
[-0.00710516] [[-0.00133517]] 0.6
[-0.00199123] [[-0.00252301]] 0.61
[0.00140933] [[-0.0004]] 0.61
[-0.00119294] [[0.00423122]] 0.61
[-0.00110401] [[0.00633997]] 0.61
[0.00703454] [[0.00847289]] 0.61
[0.01196554] [[0.00826775]] 0.61
[0.01328197] [[0.0104477]] 0.61
[0.01300362] [[0.00878566]] 0.61
[0.01032116] [[0.00595332]] 0.62
[0.01032584] [[0.00373637]] 0.63
[0.00770483] [[0.00240401]] 0.63
[0.00609429] [[0.00164108]] 0.63
[-0.00014184] [[-0.00072089]] 0.63
[-0.00152795] [[-0.0022404]] 0.63
[-0.00457833] [[-0.00352089]] 0.63
[-0.00488641] [[-0.00293312]] 0.63
[-0.00356551] [[-0.00177432]] 0.63
[-0.00441234] [[0.00123948]] 0.63
[-0.00130522] [[0.00503536]] 0.63
[0.00272227] [[0.00803921]] 0.64
[0.0039502] [[0.00947098]] 0.65
[0.00559303] [[0.00841866]] 0.66
[0.00222361] [[0.00696661]] 0.66
[0.00464285] [[0.00429021]] 0.66
[0.00434566] [[0.00182188]] 0.66
[0.00154911] [[0.0015432]] 0.66
[-0.00236023] [[0.00393758]] 0.65
[-0.00427315] [[0.00697654]] 0.64
[-0.00523069] [[0.00846405]] 0.64
[-0.00416075] [[0.00846706]] 0.64
[-0.00168275] [[0.00848163]] 0.64
[0.00237053] [[0.00771324]] 0.65
[0.00513861] [[0.00646093]] 0.66
[0.00375076] [[0.00374209]] 0.67
[0.00269457] [[0.00182269]] 0.68
[0.00228637] [[0.00037227]] 0.68
[0.00247943] [[0.00207186]] 0.68
[0.00328041] [[0.00243394]] 0.68
[0.00507233] [[0.00204476]] 0.68
[0.00539584] [[0.00187142]] 0.68
[0.00456918] [[0.00261529]] 0.69
[0.00337756] [[0.00410115]] 0.7
[0.00479402] [[0.00202301]] 0.7
[0.00407468] [[0.00164726]] 0.7
[0.00333662] [[0.00120338]] 0.71
[0.00192859] [[0.00169941]] 0.72
[-0.00014853] [[0.00108124]] 0.72
[-0.00283109] [[-0.00035381]] 0.72
[-0.00417951] [[-0.00105438]] 0.72
[-0.00373864] [[-0.00245723]] 0.73
[-0.0048832] [[-0.00384165]] 0.74
[-0.00469751] [[-0.00458285]] 0.74
[-0.0064869] [[-0.00490713]] 0.74
[-0.0060342] [[-0.00294421]] 0.74
[-0.00693007] [[-0.00023218]] 0.74
[-0.00418976] [[0.00257314]] 0.73
[-0.00176458] [[0.00456976]] 0.72
[-0.00126702] [[0.00594413]] 0.71
[0.00267319] [[0.0083505]] 0.71
[0.00681374] [[0.01004411]] 0.72
[0.00987428] [[0.01127628]] 0.73
[0.01179127] [[0.01088035]] 0.73
[0.01137196] [[0.01058132]] 0.73
[0.01097213] [[0.00885704]] 0.73
[0.00748796] [[0.00615038]] 0.73
[0.00268053] [[0.00330221]] 0.73
[0.00015653] [[-0.00036934]] 0.72
[-0.00429114] [[-0.0021613]] 0.72
[-0.00469364] [[-0.00315557]] 0.73
[-0.0066063] [[-0.00220776]] 0.74
[-0.00722821] [[-0.00067078]] 0.75
[-0.00671043] [[-0.00119501]] 0.76
[-0.00490531] [[-0.00099694]] 0.77
[-0.00231016] [[-0.00098114]] 0.78
[-0.0010553] [[-0.00039743]] 0.79
[-0.00242833] [[0.00014578]] 0.79
[-0.00214692] [[1.11163773e-16]] 0.78
[-0.00194925] [[0.0017959]] 0.78
[-0.00023986] [[0.00362392]] 0.78
[0.00304501] [[0.00620912]] 0.78
[0.00627229] [[0.0090884]] 0.78
[0.00994919] [[0.00893797]] 0.78
[0.0116894] [[0.0077585]] 0.78
[0.01229583] [[0.00517485]] 0.78
[0.01096435] [[0.00372093]] 0.79
[0.00764369] [[0.00168561]] 0.79
[0.00495566] [[-0.00236793]] 0.78
[0.00188566] [[-0.00391902]] 0.77
[0.00022949] [[-0.00480307]] 0.76
[-0.00318409] [[-0.00460516]] 0.76
[-0.00210075] [[-0.00572038]] 0.76
[-0.0031019] [[-0.00690312]] 0.76
[-0.00287058] [[-0.00980387]] 0.76
[-0.00097541] [[-0.01264158]] 0.77
[-0.00156562] [[-0.01446916]] 0.78
[-0.0046858] [[-0.0127866]] 0.78
[-0.00298582] [[-0.00971105]] 0.78
[-0.00293904] [[-0.0073668]] 0.78
[-0.00162279] [[-0.00245755]] 0.78
[-0.00140137] [[0.00065741]] 0.77
[0.00128375] [[0.0040624]] 0.77
[0.00073861] [[0.00540201]] 0.78
[0.00033641] [[0.0040981]] 0.79
[0.00411247] [[0.00352654]] 0.8
[0.00224534] [[0.00159629]] 0.8
[0.00385882] [[0.00314834]] 0.8
[0.00108048] [[0.00338343]] 0.8
[0.00175737] [[0.00260208]] 0.8
[8.747069e-05] [[0.00225865]] 0.8
[0.00195419] [[0.00193533]] 0.8
[-0.00215609] [[0.00283877]] 0.79
[-0.00324925] [[0.00278903]] 0.78
[-0.00419868] [[0.00272878]] 0.77
[-0.00646111] [[0.00323479]] 0.76
[-0.00463591] [[0.00382942]] 0.75
[0.00111987] [[0.00311043]] 0.75
[0.00866675] [[-0.00043627]] 0.74
[0.0076654] [[-0.00404367]] 0.74
[0.00465008] [[-0.00607741]] 0.74
[-0.00790052] [[-0.0070964]] 0.74
[-0.00409579] [[-0.00798183]] 0.74
[-0.00684794] [[-0.00842953]] 0.74
[-0.00946946] [[-0.00595617]] 0.74
[-0.01056921] [[-0.00461305]] 0.74
[-0.00975226] [[-0.00302997]] 0.74
[-0.0054457] [[-0.00332097]] 0.74
[-0.0025147] [[-0.00241009]] 0.75
[0.00048988] [[-0.00029295]] 0.75
[0.00236784] [[0.00218858]] 0.76
[0.00387357] [[0.00566089]] 0.77
[0.00612318] [[0.00573721]] 0.78
[0.00638547] [[0.00488068]] 0.78
[0.00533198] [[0.00278884]] 0.78
[0.00357381] [[0.00075546]] 0.78
[0.00261899] [[-0.00215179]] 0.77
[3.7376827e-05] [[-0.00651076]] 0.76
[-0.0046139] [[-0.00867344]] 0.76
[-0.00666011] [[-0.00885889]] 0.76
[-0.00896277] [[-0.00754701]] 0.76
[-0.00906344] [[-0.00699946]] 0.76
[-0.00566571] [[-0.00592013]] 0.76
[-0.00433506] [[-0.00367455]] 0.76
[-0.00641222] [[-0.00213989]] 0.76
[-0.00517252] [[-0.00139921]] 0.76
[0.00058994] [[-0.00067285]] 0.75
[0.00432506] [[0.00121445]] 0.75
[0.00152397] [[0.00282778]] 0.76
[0.00102476] [[0.00328209]] 0.76
[0.00084446] [[0.00349586]] 0.76
[3.2098033e-05] [[0.0037739]] 0.76
[0.00016627] [[0.00305203]] 0.76
[0.00011444] [[5.14806339e-05]] 0.76
[-0.00218602] [[-0.00204105]] 0.76
[-0.00228617] [[-0.003154]] 0.76
[-0.00132876] [[-0.00157406]] 0.76
[-0.00250956] [[-0.00132675]] 0.77
[-0.0015672] [[-0.00093539]] 0.78
[-0.00031966] [[0.00101088]] 0.78
[0.001253] [[0.00245896]] 0.78
[0.00350386] [[0.00388017]] 0.78
[0.00302747] [[0.0031502]] 0.78
[0.00396708] [[0.00327579]] 0.78
[0.00427415] [[0.00402308]] 0.78
[0.00421374] [[0.00461255]] 0.78
[0.00395837] [[0.00517518]] 0.78
[0.00313849] [[0.00391919]] 0.78
[0.00404113] [[0.00143723]] 0.79
[0.00458653] [[-0.00101561]] 0.78
[0.00196437] [[-0.00347496]] 0.77
[0.00045524] [[-0.00541077]] 0.76
[0.00448872] [[-0.008204]] 0.75
[0.00119684] [[-0.00864263]] 0.74
[-0.00405649] [[-0.00553495]] 0.74
[-0.00459976] [[-0.00171904]] 0.74
[-0.00365888] [[0.00080545]] 0.73
[0.00154206] [[0.00116778]] 0.74
[0.00368124] [[0.00241643]] 0.75
[0.00292016] [[0.00278432]] 0.76
[0.00146941] [[0.00179427]] 0.77
[0.00073557] [[0.00012308]] 0.77
[-0.00190264] [[0.00122815]] 0.76
[-0.00236813] [[0.00316444]] 0.75
[-0.00217625] [[0.00502787]] 0.74
[-0.00071633] [[0.00830439]] 0.73
[0.00204644] [[0.01208792]] 0.73
[0.00910485] [[0.01737403]] 0.73
[0.01316583] [[0.01756009]] 0.74
[0.01170239] [[0.01790025]] 0.75
[0.01428101] [[0.01677698]] 0.76
[0.01249105] [[0.01472868]] 0.76
[0.00889205] [[0.00949297]] 0.76
[0.00935096] [[0.00223524]] 0.76
[0.00622888] [[-0.00124547]] 0.75
[0.00271272] [[-0.00243327]] 0.74
[-0.00113915] [[0.00035226]] 0.73
[-0.00216958] [[0.00214571]] 0.72
[-0.00149973] [[0.00572821]] 0.71
[0.00117936] [[0.00657094]] 0.71
[0.00301629] [[0.00635682]] 0.71
[-0.00287553] [[0.00444672]] 0.71
[0.0058062] [[0.00589563]] 0.71
[0.00628576] [[0.01068197]] 0.71
[0.00968499] [[0.01560249]] 0.71
[0.01187811] [[0.01920016]] 0.71
[0.01353113] [[0.02159592]] 0.71
[0.00876578] [[0.0270368]] 0.71
[0.01904586] [[0.02295671]] 0.71
[0.01659674] [[0.01527835]] 0.71
[0.01156516] [[0.00542242]] 0.71
[0.00368691] [[0.00378177]] 0.71
[-0.0005553] [[0.00351268]] 0.71
[-0.00087144] [[-0.00339757]] 0.72
[-0.0015137] [[-0.00660371]] 0.73
[-0.0016801] [[-0.00560271]] 0.74
[0.00073217] [[0.00051797]] 0.75
[0.00374555] [[-0.00044658]] 0.74
[0.00590922] [[-0.00449674]] 0.74
[0.00598886] [[-0.00543272]] 0.74
[0.00559899] [[-0.00163888]] 0.74
[0.00295898] [[-0.00184576]] 0.73
[0.00783665] [[-0.00251819]] 0.72
[0.00414621] [[-0.00044748]] 0.71
[0.00032271] [[0.00487133]] 0.71
[0.00439281] [[0.00820336]] 0.71
[0.00927538] [[0.00592199]] 0.71
[0.00507576] [[0.00617839]] 0.71
[0.00181872] [[0.00390005]] 0.71
[0.00085253] [[0.00247216]] 0.72
[0.00102074] [[0.00103834]] 0.72
[-0.00467877] [[0.00500215]] 0.71
[0.00442244] [[0.00960542]] 0.71
[0.01214552] [[0.01187636]] 0.71
[0.01498745] [[0.01003185]] 0.71
[0.01170272] [[0.00783747]] 0.71
[0.01096005] [[0.00550563]] 0.72
[0.00860155] [[0.00014171]] 0.73
[0.00885012] [[-0.00428819]] 0.72
[0.00306844] [[-0.00794072]] 0.71
[-0.00371464] [[-0.00582684]] 0.71
[0.00527625] [[-0.00416515]] 0.7
[-0.00056254] [[-0.00186415]] 0.7
[-0.00022653] [[0.00048597]] 0.69
[0.00854133] [[-0.00039842]] 0.68
[0.00532944] [[0.00238923]] 0.68
[0.0080509] [[0.00363153]] 0.69
[0.00853347] [[0.00819212]] 0.69
[0.00765153] [[0.01046825]] 0.69
[0.01179229] [[0.01249512]] 0.69
[0.01112544] [[0.02195553]] 0.69
[0.0160764] [[0.02366613]] 0.69
[0.02415999] [[0.0258267]] 0.69
[0.02550477] [[0.02051629]] 0.69
[0.02901552] [[0.01789467]] 0.69
[0.01666164] [[0.01587636]] 0.69
[0.01783174] [[0.00791033]] 0.69
[0.01472299] [[0.0059904]] 0.69
[-0.00082051] [[0.00333648]] 0.68
[-0.00454551] [[0.00633337]] 0.68
[0.00195474] [[0.0063266]] 0.68
[0.00164393] [[0.00540214]] 0.68
[0.00640692] [[0.00310754]] 0.68
[0.00188276] [[5.91231829e-06]] 0.68
[-0.00051356] [[-0.00272243]] 0.68
[0.00269768] [[-0.00407342]] 0.67
[0.00301353] [[-0.00439402]] 0.66
[0.00129089] [[-0.00429654]] 0.65
[0.00370004] [[-0.00187562]] 0.64
[0.00725075] [[-0.00059669]] 0.64
[0.00841271] [[0.00429092]] 0.65
[0.00806602] [[0.00760522]] 0.66
[0.01405043] [[0.01207721]] 0.67
[0.01086486] [[0.01153413]] 0.68
[0.00979858] [[0.01024286]] 0.68
[0.00920583] [[0.00882233]] 0.68
[0.00554395] [[0.00502111]] 0.69
[-1.0845251e-05] [[0.00217094]] 0.68
[-0.00106036] [[-4.72702402e-05]] 0.68
[-0.00252473] [[0.00086269]] 0.67
[-0.00148409] [[0.00022481]] 0.66
[-6.8361405e-05] [[-0.00102857]] 0.66
[-0.00187983] [[-0.00137651]] 0.67
[-0.00383397] [[-0.00420088]] 0.68
[-0.00555867] [[-0.00928568]] 0.69
[-0.00358647] [[-0.01346904]] 0.7
[-0.00584364] [[-0.01104009]] 0.7
[-0.00805191] [[-0.00782678]] 0.7
[-0.00730956] [[-0.00577096]] 0.7
[-0.00567511] [[-0.00550501]] 0.7
[-0.00474139] [[-0.00323747]] 0.7
[-8.126232e-05] [[0.00050276]] 0.69
[0.00553641] [[-0.0001521]] 0.68
[0.00594743] [[-0.00031057]] 0.67
[0.00774959] [[-0.00179208]] 0.67
[0.00763675] [[-0.00056251]] 0.67
[0.00849798] [[0.00026917]] 0.68
[0.01090509] [[0.00274442]] 0.69
[0.00875795] [[0.00489935]] 0.7
[0.01250202] [[0.0076056]] 0.7
[0.01032102] [[0.00577974]] 0.7
[0.00146859] [[0.00237135]] 0.71
[0.00078795] [[-0.00223848]] 0.7
[0.00052893] [[-0.00641809]] 0.69
[-0.00529913] [[-0.00896311]] 0.69
[-0.01093943] [[-0.01376402]] 0.69
[-0.00953932] [[-0.01162281]] 0.69
[-0.01521467] [[-0.0046688]] 0.69
[-0.01197387] [[0.00252181]] 0.68
[-0.0070786] [[0.00508141]] 0.67
[-0.00125709] [[0.00359669]] 0.66
[0.00640966] [[0.00564007]] 0.66
[0.00787428] [[0.00606408]] 0.67
[0.00720168] [[0.00343658]] 0.67
[0.00407825] [[-0.00010457]] 0.66
[0.00485651] [[-0.00376437]] 0.65
[0.00134419] [[-0.00490052]] 0.64
[-0.00569441] [[-0.00687804]] 0.65
[-0.00971885] [[-0.00636979]] 0.66
[-0.0116777] [[-0.00630354]] 0.67
[-0.00561084] [[-0.004928]] 0.68
[-0.00030559] [[-0.00173706]] 0.69
[0.00096639] [[0.00162501]] 0.7
[0.00197801] [[0.00390404]] 0.71
[0.00592071] [[0.00232594]] 0.71
[0.00786027] [[0.00154384]] 0.71
[0.00301279] [[0.00038047]] 0.71
[0.00431859] [[0.00064191]] 0.71
[0.00427117] [[0.00093714]] 0.71
[0.00735012] [[0.00347252]] 0.71
[0.00682375] [[0.00583906]] 0.71
[0.00662323] [[0.00749268]] 0.72
[0.0047294] [[0.00568452]] 0.72
[0.00252471] [[0.00229666]] 0.72
[-0.00039478] [[-0.00055527]] 0.72
[-0.00558059] [[-0.00160289]] 0.72
[-0.01085489] [[-0.00127104]] 0.72
[-0.00795314] [[-0.0012973]] 0.72
[-0.01024051] [[0.00078466]] 0.72
[-0.00517443] [[0.00383145]] 0.72
[-0.00201588] [[0.00399388]] 0.71
[0.00387603] [[-0.0005936]] 0.71
[0.00381383] [[-0.00582084]] 0.7
[0.00316545] [[-0.01043359]] 0.7
[0.00032253] [[-0.01263034]] 0.7
[-0.0002691] [[-0.01493397]] 0.7
[-0.00360875] [[-0.01333657]] 0.7
[0.00106737] [[-0.01215328]] 0.69
[-0.00264471] [[-0.00949473]] 0.69
[-0.00721559] [[-0.00586331]] 0.69
[-0.00719148] [[-0.0017855]] 0.69
[-0.00082618] [[0.0008835]] 0.68
[-1.0628719e-07] [[0.00150738]] 0.67
[-0.0011685] [[0.00290671]] 0.66
[-9.668438e-05] [[0.00322433]] 0.65
[-0.00016968] [[0.00289701]] 0.64
[-0.00596514] [[0.00119849]] 0.63
[-0.00630883] [[0.00030766]] 0.62
[-0.00150557] [[-0.00053183]] 0.63
[0.0076443] [[-0.00090964]] 0.63
[0.00592272] [[-0.00176126]] 0.62
[0.00218166] [[-0.00337598]] 0.61
[0.00288832] [[-0.00441114]] 0.6
[0.00234604] [[-0.00437627]] 0.59
[-0.00020738] [[-0.00297561]] 0.59
[0.0006451] [[-0.00204128]] 0.59
[-0.0012797] [[-0.00075892]] 0.6
[-0.00114642] [[0.00043709]] 0.6
[-0.00013884] [[0.00345798]] 0.6
[-3.024278e-05] [[0.00556383]] 0.6
[-0.00159053] [[0.00663819]] 0.59
[-0.00039619] [[0.00402095]] 0.58
[0.00209681] [[0.00166083]] 0.58
[-0.00122087] [[-0.00027996]] 0.58
[-0.00525721] [[-0.0019679]] 0.58
[-0.0064372] [[-0.00304561]] 0.58
[-0.00681018] [[-0.00389936]] 0.58
[-0.00659649] [[-0.00124447]] 0.59
[-0.00510917] [[0.00066466]] 0.58
[0.00059638] [[0.00246373]] 0.59
[0.00260651] [[0.00210357]] 0.6
[0.00275069] [[0.00277425]] 0.6
[0.00386549] [[0.00300007]] 0.6
[0.00373799] [[0.00313311]] 0.6
[0.00380133] [[0.00280384]] 0.6
[0.00075989] [[0.00316915]] 0.6
[0.00430064] [[0.00386323]] 0.6
[0.00888734] [[0.00288285]] 0.6
[0.00786679] [[0.00221329]] 0.6
[0.00532453] [[0.00172084]] 0.6
[0.00420018] [[0.00219019]] 0.6
[0.003185] [[0.00182937]] 0.61
[0.00262881] [[0.00453414]] 0.62
[0.00274569] [[0.0075278]] 0.63
[0.00338004] [[0.01047542]] 0.64
[0.00407747] [[0.0105406]] 0.65
[0.00374549] [[0.01061252]] 0.65
[0.00354247] [[0.01103983]] 0.65
[0.00312301] [[0.00916071]] 0.65
[0.00287212] [[0.00972443]] 0.65
[0.00229927] [[0.01026018]] 0.65
[8.166104e-05] [[0.01238969]] 0.65
[0.00351676] [[0.01480369]] 0.66
[0.00641788] [[0.01658981]] 0.67
[0.01078421] [[0.01777385]] 0.67
[0.011929] [[0.01135451]] 0.67
[0.00672589] [[0.00587038]] 0.67
[0.00760283] [[0.00132804]] 0.67
[0.00539937] [[-0.00111189]] 0.67
[0.01013335] [[-0.00369558]] 0.67
[0.00292056] [[-0.00728946]] 0.67
[0.0010417] [[-0.00528099]] 0.66
[0.0045797] [[-0.00314059]] 0.65
[-0.00090711] [[0.00036376]] 0.64
[-0.00243472] [[0.00101887]] 0.64
[0.00355303] [[0.00179077]] 0.65
[0.00657471] [[0.00305816]] 0.66
[0.00278036] [[0.002867]] 0.66
[0.00456709] [[0.00225339]] 0.66
[0.00078116] [[0.00113662]] 0.66
[0.00124982] [[0.00163744]] 0.66
[0.00148237] [[0.00213262]] 0.66
[0.0014485] [[0.00199477]] 0.66
[0.00031642] [[0.00449365]] 0.66
[0.00429897] [[0.00565727]] 0.66
[0.00585113] [[0.00640252]] 0.66
[0.0081874] [[0.00473186]] 0.66
[0.00864991] [[0.00506619]] 0.66
[0.00879248] [[0.00613015]] 0.66
[0.00775913] [[0.0050009]] 0.66
[0.00618969] [[0.0028152]] 0.66
[0.00615111] [[-0.00116463]] 0.65
[0.00553534] [[-0.00446425]] 0.64
[0.00474991] [[-0.00692397]] 0.63
[0.00179825] [[-0.00651902]] 0.62
[-0.00230209] [[-0.00498489]] 0.62
[-0.0052357] [[-0.00284836]] 0.62
[-0.00302012] [[0.00013542]] 0.61
[-0.00395485] [[0.00338081]] 0.61
[-0.00624084] [[0.00365975]] 0.61
[-0.0018144] [[0.00225404]] 0.61
[0.00572584] [[0.00130125]] 0.62
[0.00590186] [[0.00224031]] 0.63
[0.00304026] [[0.00289108]] 0.64
[0.00134516] [[0.0030631]] 0.65
[0.00125639] [[0.00501747]] 0.65
[0.00432921] [[0.00732596]] 0.65
[0.00632881] [[0.01031103]] 0.66
[0.01045193] [[0.0141916]] 0.66
[0.01512065] [[0.01778729]] 0.66
[0.0152347] [[0.02051607]] 0.66
[0.01913258] [[0.02269186]] 0.67
[0.02392149] [[0.02089963]] 0.68
[0.02193387] [[0.01567453]] 0.69
[0.01667605] [[0.00765465]] 0.7
[0.01466548] [[-0.00095426]] 0.7
[0.00555478] [[-0.00624749]] 0.7
[-0.00722479] [[-0.01376744]] 0.71
[-0.01123721] [[-0.0155365]] 0.71
[-0.01600476] [[-0.01409845]] 0.72
[-0.01110259] [[-0.00859644]] 0.73
[-0.00786637] [[0.00217238]] 0.73
[-0.00600722] [[0.01218038]] 0.73
[-0.00248273] [[0.02120855]] 0.73
[0.00342845] [[0.02492175]] 0.73
[0.00674534] [[0.02313731]] 0.74
[0.01709726] [[0.01666231]] 0.74
[0.02232083] [[0.00697537]] 0.75
[0.01389493] [[-0.01124134]] 0.75
[0.00668759] [[-0.0256389]] 0.75
[-0.02493908] [[-0.03791815]] 0.76
[-0.01507207] [[-0.03759421]] 0.77
[-0.03217515] [[-0.04263071]] 0.77
[-0.045082] [[-0.04227686]] 0.77
[-0.03274471] [[-0.03820744]] 0.77
[-0.03546217] [[-0.02969557]] 0.77
[-0.03095698] [[-0.02444836]] 0.77
[-0.00610736] [[-0.02391856]] 0.77
[-0.0142152] [[-0.01378104]] 0.78
[-0.01461172] [[-0.00766459]] 0.78
[-0.01073157] [[0.01094311]] 0.77
[-0.00721872] [[0.02406375]] 0.76
[-0.00374984] [[0.03997258]] 0.75
[0.00283811] [[0.04151447]] 0.75
[0.01555017] [[0.04069292]] 0.75
[0.03225311] [[0.03568488]] 0.75
[0.00742286] [[0.02415272]] 0.75
[0.00579789] [[0.0114924]] 0.75
[0.0062945] [[-0.00448366]] 0.74
[0.01037398] [[-0.005855]] 0.73
[0.00768527] [[-0.00665925]] 0.72
[0.00527572] [[-0.00094162]] 0.71
[0.00389705] [[-0.00144]] 0.7
[0.0042184] [[0.00317839]] 0.7
[0.00903026] [[0.0113383]] 0.7
[0.01098635] [[0.01514071]] 0.7
[0.02141574] [[0.01807113]] 0.7
[0.01787481] [[0.01749891]] 0.7
[0.02018869] [[0.02133064]] 0.7
[0.02121238] [[0.01759031]] 0.7
[0.01891866] [[0.01373344]] 0.7
[0.01299388] [[0.01640253]] 0.7
[0.0100901] [[0.0168266]] 0.7
[0.01364431] [[0.01849385]] 0.7
[0.01744407] [[0.01005241]] 0.7
[0.0147432] [[0.00735606]] 0.7
[0.0137633] [[0.00360974]] 0.7
[0.01076742] [[-0.00322921]] 0.69
[0.00848001] [[-0.0081656]] 0.69
[0.00607657] [[-0.01138511]] 0.69
[-0.00288915] [[-0.00121813]] 0.7
[-0.01112219] [[0.00498403]] 0.7
[-0.00581136] [[0.009384]] 0.7
[0.00320363] [[0.00791117]] 0.71
[0.00207471] [[0.00884541]] 0.72
[-0.00100147] [[0.00443603]] 0.71
[-0.00821544] [[-0.00190829]] 0.71
[0.00092076] [[-0.00647796]] 0.7
[-0.00661787] [[-0.00750534]] 0.7
[-0.00627152] [[-0.00720455]] 0.7
[-0.00592369] [[-0.00880694]] 0.7
[-0.00700845] [[-0.00410665]] 0.7
[-0.0081491] [[-0.00153579]] 0.7
[0.02644051] [[0.00026149]] 0.7
[0.01621582] [[0.00029279]] 0.7
[0.0051316] [[0.00259531]] 0.7
[-0.00415752] [[0.00577662]] 0.69
[0.00091822] [[0.00332236]] 0.69
[0.00124834] [[0.00175735]] 0.69
[0.00161621] [[0.00099948]] 0.69
[-0.00682842] [[0.00205496]] 0.68
[0.00531512] [[0.00477179]] 0.69
[0.00394292] [[0.00701696]] 0.7
[0.00690995] [[0.00993871]] 0.71
[0.00825141] [[0.01024728]] 0.72
[0.01038032] [[0.0101202]] 0.72
[0.02993147] [[0.00972663]] 0.72
[0.02171641] [[0.00806727]] 0.73
[0.01360723] [[0.00366703]] 0.74
[-0.00278998] [[0.00045743]] 0.74
[-0.00375513] [[-0.0014444]] 0.75
[-0.00334668] [[-0.00048942]] 0.75
[0.00134613] [[-0.00076373]] 0.74
[0.00233176] [[-0.00349484]] 0.73
[0.00194553] [[-0.0065221]] 0.72
[0.00229795] [[-0.00768981]] 0.71
[0.00413169] [[-0.00530101]] 0.7
[0.00497268] [[-0.00265593]] 0.69
[0.00936626] [[-0.00148138]] 0.68
[0.01609956] [[6.57028166e-05]] 0.68
[0.00616239] [[0.00532935]] 0.68
[-0.00819497] [[0.00458142]] 0.67
[-0.00650465] [[0.00068418]] 0.66
[0.00058492] [[-0.0085132]] 0.65
[-0.00127029] [[-0.01180538]] 0.65
[-0.01303655] [[-0.01348043]] 0.66
[-0.01130716] [[-0.01402555]] 0.67
[-0.00510604] [[-0.00875518]] 0.67
[-0.01173947] [[-0.00210668]] 0.67
[-0.00792404] [[0.00830591]] 0.66
[0.00501571] [[0.01248715]] 0.66
[0.00822638] [[0.0152706]] 0.67
[0.00539113] [[0.01415489]] 0.68
[0.01658896] [[0.00888354]] 0.69
[0.00137353] [[0.00370385]] 0.69
[-0.00029651] [[-0.00186079]] 0.69
[-0.00257561] [[-0.0029207]] 0.69
[-0.00046933] [[-0.00259528]] 0.69
[-0.00589251] [[-0.00112041]] 0.7
[-0.00372929] [[0.00262514]] 0.7
[0.00385535] [[0.00663329]] 0.7
[0.00540068] [[0.01090167]] 0.7
[0.00749532] [[0.0130954]] 0.7
[0.0065781] [[0.01114089]] 0.7
[0.00597002] [[0.00803279]] 0.7
[0.013214] [[0.00467822]] 0.7
[0.01476023] [[0.00112422]] 0.7
[0.00883717] [[0.00012746]] 0.7
[0.00246744] [[-0.00093154]] 0.69
[0.00126356] [[0.00188528]] 0.69
[0.0039656] [[0.00453213]] 0.7
[0.0050416] [[0.00680265]] 0.71
[0.00463819] [[0.00785778]] 0.72
[0.00262508] [[0.00506992]] 0.72
[-0.00056766] [[0.00452946]] 0.71
[-0.00282228] [[0.00384691]] 0.7
[-0.01033429] [[0.00695219]] 0.69
[-0.00919392] [[0.00878709]] 0.68
[-0.0022706] [[0.00990661]] 0.68
[0.00155485] [[0.00957863]] 0.69
[0.0066394] [[0.00727044]] 0.7
[-0.00431269] [[0.00607995]] 0.7
[0.00606341] [[0.00230159]] 0.71
[0.00522349] [[0.00012017]] 0.71
[0.00398906] [[-0.00116641]] 0.7
[-0.00163502] [[0.00012997]] 0.69
[-0.00274844] [[0.00126129]] 0.68
[-0.00182881] [[0.00080575]] 0.67
[0.00141563] [[0.00173523]] 0.67
[0.00250431] [[0.00502354]] 0.67
[0.00748165] [[0.00937635]] 0.67
[0.00841413] [[0.01485254]] 0.67
[0.01645583] [[0.02030268]] 0.67
[0.02017156] [[0.02512459]] 0.67
[0.02160446] [[0.0265504]] 0.67
[0.02145104] [[0.02659361]] 0.67
[0.02422594] [[0.02611588]] 0.67
[0.01443408] [[0.02503432]] 0.68
[0.01803399] [[0.02133575]] 0.69
[0.02048206] [[0.01886011]] 0.7
[0.02216449] [[0.0178698]] 0.7
[0.02161498] [[0.01509463]] 0.71
[0.02422906] [[0.01058862]] 0.72
[0.02751109] [[0.00703829]] 0.72
[0.02200458] [[0.01300001]] 0.72
[0.02077503] [[0.02110126]] 0.73
[0.01661732] [[0.02489801]] 0.73
[0.01823781] [[0.02266827]] 0.74
[0.01792003] [[0.01985593]] 0.74
[0.0197608] [[0.01992196]] 0.74
[0.01941222] [[0.00297232]] 0.74
[0.01041442] [[-0.01711333]] 0.73
[0.00184703] [[-0.0318814]] 0.72
[-0.02397036] [[-0.02965956]] 0.72
[-0.0244] [[-0.02483046]] 0.72
[-0.00540775] [[-0.02589985]] 0.72
[-0.01145989] [[-0.01445165]] 0.73
[-0.01150669] [[0.00097301]] 0.72
[-0.01361848] [[0.01390921]] 0.71
[-0.0160627] [[0.00913042]] 0.7
[0.00175068] [[-0.0001191]] 0.7
[0.0106912] [[-0.00554429]] 0.69
[0.01210814] [[-0.00844753]] 0.68
[0.00655023] [[-0.01259099]] 0.67
[-0.00415458] [[-0.01722618]] 0.67
[-0.01521375] [[-0.01209888]] 0.67
[-0.01633973] [[-0.00605994]] 0.67
[-0.02215009] [[0.00359702]] 0.66
[-0.00197498] [[0.00613608]] 0.65
[0.00688718] [[0.00741532]] 0.66
[0.00720266] [[0.00859962]] 0.66
[0.01500738] [[0.0091575]] 0.66
[0.01148859] [[0.01005087]] 0.67
[0.00749684] [[0.00422962]] 0.68
[0.00458019] [[-0.00229244]] 0.68
[-0.00184343] [[-0.00730799]] 0.69
[-0.00860289] [[-0.00861384]] 0.7
[-0.01202706] [[-0.00979902]] 0.71
[-0.01131501] [[-0.01026047]] 0.72
[-0.00990699] [[-0.00675802]] 0.72
[-0.00708573] [[0.00097583]] 0.71
[0.00145512] [[0.00623517]] 0.72
[0.0058688] [[0.00753804]] 0.73
[0.00670932] [[0.00557308]] 0.74
[0.00837181] [[0.00794124]] 0.74
[0.01118591] [[0.00616383]] 0.74
[0.00901549] [[0.00403155]] 0.74
[0.0052756] [[-0.00118452]] 0.73
[0.00182143] [[-0.00106612]] 0.72
[-0.0020146] [[-0.00037084]] 0.73
[-0.00399569] [[-8.24156189e-05]] 0.73
[-0.0009571] [[-0.00382113]] 0.73
[-0.00191796] [[-0.00889242]] 0.73
[-0.00607065] [[-0.01354972]] 0.73
[-0.00920711] [[-0.01769028]] 0.73
[-0.01707045] [[-0.02067502]] 0.73
[-0.0212271] [[-0.02311238]] 0.73
[-0.02310622] [[-0.01971511]] 0.73
[-0.00948023] [[-0.01530197]] 0.73
[0.00868288] [[-0.00665597]] 0.73
[0.0083665] [[-0.00049017]] 0.72
[-0.00034428] [[0.00638421]] 0.71
[0.00234241] [[0.00910841]] 0.71
[0.0117172] [[0.01057861]] 0.71
[0.00606184] [[0.01042932]] 0.71
[0.00347017] [[0.00909682]] 0.71
[0.01012351] [[0.00779905]] 0.71
[0.01339991] [[0.00297056]] 0.71
[0.00601251] [[-0.00056479]] 0.71
[0.00488892] [[-0.00110378]] 0.7
[0.00299175] [[0.0021133]] 0.7
[0.00128465] [[0.0045614]] 0.7
[0.00835846] [[0.00385685]] 0.7
[-0.00298622] [[0.0027521]] 0.69
[-0.00305355] [[0.00355785]] 0.69
[0.00704535] [[-0.00016882]] 0.69
[0.00040277] [[-0.00233453]] 0.69
[-0.00220321] [[-0.00584913]] 0.7
[-0.00617077] [[-0.00491555]] 0.71
[-0.00750238] [[-0.00210131]] 0.71
[-0.00369557] [[-0.00154071]] 0.71
[-0.00047864] [[0.00299992]] 0.71
[0.00624236] [[0.00141176]] 0.71
[0.00458426] [[0.00227827]] 0.71
[0.00268611] [[-0.00058804]] 0.71
[0.00189813] [[-0.00040383]] 0.71
[-0.00129339] [[-0.00028102]] 0.72
[-0.00404051] [[-0.00173803]] 0.73
[-0.01041053] [[-0.004247]] 0.73
[-0.00957986] [[-0.00714145]] 0.73
[-0.0122739] [[-0.00744779]] 0.73
[-0.01262804] [[-0.00665321]] 0.73
[-0.01362308] [[-0.00521607]] 0.73
[-0.0069951] [[-0.00467929]] 0.73
[-0.00358002] [[0.00051056]] 0.72
[0.00260158] [[0.0044697]] 0.72
[0.00378864] [[0.01064739]] 0.72
[0.00101942] [[0.01244557]] 0.72
[0.00627871] [[0.01491512]] 0.72
[0.0050346] [[0.01443235]] 0.72
[0.00762892] [[0.00587521]] 0.72
[0.0091561] [[-0.0009889]] 0.71
[0.00488612] [[-0.01197961]] 0.7
[0.00428372] [[-0.01414275]] 0.69
[-0.0038052] [[-0.01654873]] 0.69
[-0.00652366] [[-0.01428241]] 0.69
[-0.00360929] [[-0.00661313]] 0.69
[0.0028791] [[-0.00170397]] 0.68
[0.01432055] [[0.00518301]] 0.68
[0.01029831] [[0.00323159]] 0.68
[0.00047976] [[-0.00037524]] 0.67
[0.00061473] [[-0.00424515]] 0.67
[-0.00329264] [[-0.00571058]] 0.68
[-0.00163407] [[-0.00358197]] 0.68
[-0.00225524] [[-0.00654264]] 0.68
[0.00106836] [[-0.01190699]] 0.67
[-0.00074072] [[-0.01513658]] 0.67
[-0.00234667] [[-0.01679415]] 0.68
[-0.0140261] [[-0.01852693]] 0.69
[-0.01103615] [[-0.02281231]] 0.7
[-0.01262132] [[-0.02213447]] 0.71
[-0.02587871] [[-0.0170068]] 0.72
[-0.01259577] [[-0.00855288]] 0.73
[-0.01352427] [[-0.00186747]] 0.74
[-0.0017499] [[0.005997]] 0.73
[0.00821247] [[0.01144176]] 0.73
[0.00733716] [[0.01565439]] 0.73
[0.00596052] [[0.01813327]] 0.74
[0.00531644] [[0.01691051]] 0.75
[0.00714048] [[0.01540092]] 0.75
[0.01339411] [[0.00913237]] 0.75
[0.01346342] [[0.00493736]] 0.75
[0.01104732] [[0.00085303]] 0.75
[0.00365842] [[-5.68645315e-05]] 0.74
[-0.00182895] [[-0.00174633]] 0.75
[0.00061224] [[-0.00488231]] 0.74
[-0.00106987] [[-0.00402105]] 0.74
[0.00197058] [[-0.00178918]] 0.73
[0.00184168] [[0.00571734]] 0.73
[0.0042434] [[0.00825069]] 0.73
[0.00565644] [[0.0109064]] 0.74
[0.00632312] [[0.01088647]] 0.74
[0.00333952] [[0.01019509]] 0.74
[-0.00246405] [[0.00912311]] 0.73
[-0.00313243] [[0.00344236]] 0.72
[-0.00242305] [[0.00041249]] 0.71
[-0.00208888] [[-0.00223647]] 0.71
[-0.008463] [[-0.00126015]] 0.72
[-0.01029002] [[-0.00127661]] 0.73
[-0.01023788] [[-0.00104011]] 0.73
[-0.01242649] [[-0.00067942]] 0.73
[-0.00696332] [[0.00084931]] 0.72
[-0.00168024] [[0.00210996]] 0.71
[0.00295948] [[0.00325502]] 0.71
[0.00140166] [[0.0032939]] 0.71
[-0.00518541] [[0.00332574]] 0.7
[0.00492033] [[0.00838943]] 0.7
[0.01231048] [[0.01195371]] 0.7
[0.01464016] [[0.01476058]] 0.7
[0.01876204] [[0.01147182]] 0.71
[0.01623312] [[0.00460595]] 0.72
[0.01289972] [[-0.00149354]] 0.72
[-0.00462152] [[-0.01146945]] 0.72
[-0.01915702] [[-0.01756602]] 0.72
[-0.01961767] [[-0.02353349]] 0.72
[-0.02311993] [[-0.02187416]] 0.72
[-0.0193166] [[-0.01544293]] 0.72
[-0.00883913] [[-0.00944956]] 0.72
[-0.0017465] [[-0.00616192]] 0.73
[-0.00045548] [[-0.00507003]] 0.74
[0.01249889] [[-0.00368919]] 0.73
[0.00677371] [[-0.00373393]] 0.72
[-0.00197488] [[-0.00161492]] 0.72
[-0.00029389] [[0.00128028]] 0.72
[0.00597177] [[0.00481385]] 0.73
[0.00759594] [[0.00472316]] 0.74
[0.00506908] [[0.00437911]] 0.75
[0.00233639] [[0.00513045]] 0.75
[-0.01178176] [[0.00381748]] 0.74
[-0.00922935] [[0.00027701]] 0.73
[-0.00121975] [[-0.00163831]] 0.73
[0.00250355] [[-0.00063268]] 0.73
[-0.00209244] [[0.0020918]] 0.72
[0.00625042] [[0.00261783]] 0.72
[0.00391569] [[0.00219104]] 0.73
[0.002298] [[0.00030602]] 0.74
[0.00231444] [[-0.00197058]] 0.73
[-0.0004443] [[-0.00959003]] 0.73
[-0.00713157] [[-0.01420698]] 0.73
[-0.01265194] [[-0.01809013]] 0.73
[-0.01926824] [[-0.01643746]] 0.73
[-0.01244056] [[-0.01070447]] 0.73
[-0.00726841] [[-0.00479572]] 0.73
[-0.00590139] [[0.0056052]] 0.72
[-0.0003405] [[0.00867702]] 0.72
[0.00721491] [[0.00950961]] 0.72
[0.00921918] [[0.00566477]] 0.72
[0.00841515] [[0.00069967]] 0.72
[0.00335019] [[-0.00246277]] 0.71
[-0.00062918] [[-0.00794387]] 0.71
[-0.00238708] [[-0.01154389]] 0.71
[-0.00329007] [[-0.01340163]] 0.72
[-0.00600491] [[-0.01178335]] 0.73
[-0.00747163] [[-0.00918967]] 0.74
[-0.00673156] [[-0.00811808]] 0.74
[-0.00460407] [[-0.00426256]] 0.74
[-0.00249247] [[9.30206686e-05]] 0.73
[0.00437088] [[0.00415854]] 0.74
[0.01033661] [[0.00241251]] 0.74
[0.00721651] [[-0.00310333]] 0.73
[0.00318556] [[-0.00818285]] 0.73
[-0.00460853] [[-0.01316568]] 0.74
[-0.01129158] [[-0.0149873]] 0.74
[-0.01157276] [[-0.01683067]] 0.74
[-0.00813689] [[-0.01735659]] 0.74
[-0.00731541] [[-0.01447491]] 0.75
[-0.0131914] [[-0.01304041]] 0.75
[-0.01352467] [[-0.01113089]] 0.75
[-0.00060433] [[-0.01181333]] 0.75
[-0.00607651] [[-0.01093293]] 0.75
[-0.00973804] [[-0.00624224]] 0.75
[-0.01940026] [[-0.00245451]] 0.75
[-0.00801175] [[0.00340491]] 0.74
[-0.00418522] [[0.00368611]] 0.73
[-0.00938599] [[0.00409703]] 0.73
[-0.00603182] [[0.00316864]] 0.72
[0.00264975] [[0.00299636]] 0.72
[0.0018938] [[0.00390879]] 0.72
[0.00307005] [[0.00278553]] 0.72
[0.00538418] [[0.00407831]] 0.72
[0.00391393] [[0.00512967]] 0.72
[0.00298865] [[0.00738071]] 0.72
[0.00359987] [[0.00651226]] 0.72
[0.00228374] [[0.00388199]] 0.73
[0.00246123] [[0.00083287]] 0.73
[-0.00021949] [[0.000207]] 0.73
[-0.00141602] [[0.00029164]] 0.72
[0.00016064] [[0.0002957]] 0.73
[0.00322231] [[-0.00042115]] 0.72
[0.00218535] [[-0.001004]] 0.71
[0.00108552] [[-0.00253391]] 0.7
[0.00549005] [[-0.00652347]] 0.69
[-0.00374869] [[-0.0104151]] 0.69
[-0.01243811] [[-0.0091291]] 0.7
[-0.01290031] [[-0.00533443]] 0.71
[-0.00891364] [[-0.00158585]] 0.72
[-0.00742402] [[0.00078616]] 0.71
[-0.00075214] [[0.00512961]] 0.7
[0.00470816] [[0.01051786]] 0.7
[0.00712242] [[0.00981936]] 0.7
[0.00806666] [[0.008702]] 0.7
[0.00765025] [[0.00520026]] 0.71
[0.00949609] [[0.00548705]] 0.72
[0.00594348] [[0.00418823]] 0.72
[0.00328645] [[0.00171481]] 0.72
[0.00446317] [[0.00123679]] 0.73
[0.00021833] [[-0.00204183]] 0.72
[-0.00423875] [[0.00055528]] 0.71
[-0.00824094] [[0.00272931]] 0.7
[-0.00446113] [[0.0076686]] 0.69
[-0.00111657] [[0.01003791]] 0.68
[-0.00731459] [[0.00941889]] 0.68
[0.00566511] [[0.01031182]] 0.68
[0.00748241] [[0.01035131]] 0.68
[0.00678467] [[0.00917151]] 0.68
[0.00767524] [[0.00588936]] 0.68
[0.00487474] [[0.00267858]] 0.68
[0.00436115] [[0.00211132]] 0.68
[0.00102912] [[0.00097898]] 0.68
[-0.00161929] [[-0.00108867]] 0.68
[-0.00182615] [[-0.00331633]] 0.69
[0.00143913] [[-0.00475481]] 0.69
[0.0009902] [[-0.00477798]] 0.68
[-0.00066595] [[-0.00464936]] 0.69
[-0.00188621] [[-0.00331823]] 0.69
[-0.00093294] [[-0.00353721]] 0.69
[-0.00586741] [[0.00032403]] 0.68
[0.00060011] [[0.00277769]] 0.68
[0.00171381] [[0.00880944]] 0.69
[0.0033623] [[0.01306139]] 0.7
[0.00447352] [[0.01781704]] 0.7
[0.00595554] [[0.01999829]] 0.71
[0.00427545] [[0.01739696]] 0.72
[0.01332836] [[0.01526611]] 0.72
[0.01309607] [[0.01031959]] 0.72
[0.00937698] [[0.00477822]] 0.72
[0.00684176] [[0.00041802]] 0.73
[0.00413246] [[-0.00111932]] 0.72
[0.00228996] [[7.2180639e-05]] 0.72
[0.00093859] [[0.00229268]] 0.72
[0.00187551] [[0.00561599]] 0.72
[0.00364848] [[0.01225694]] 0.72
[0.00554136] [[0.01375494]] 0.72
[0.00702239] [[0.01393634]] 0.73
[0.00766985] [[0.01120529]] 0.74
[0.00526228] [[0.009542]] 0.74
[0.00348876] [[0.00721001]] 0.74
[0.00738951] [[0.00334133]] 0.74
[0.0061102] [[0.00324465]] 0.75
[0.00756974] [[0.00343279]] 0.75
[0.00726757] [[0.00589644]] 0.75
[0.00145094] [[0.00614433]] 0.75
[0.00377793] [[0.00653075]] 0.75
[0.00568832] [[0.00544505]] 0.75
[0.00473868] [[0.00308468]] 0.75
[0.00503052] [[0.0022741]] 0.75
[0.00715177] [[-0.00214291]] 0.75
[0.00609672] [[-0.00300464]] 0.74
[0.00456411] [[-0.00498446]] 0.73
[0.00272801] [[-0.00268131]] 0.73
[0.00113121] [[-0.00283744]] 0.73
[-0.00057706] [[-0.00284968]] 0.73
[0.00020082] [[0.00071189]] 0.73
[0.00298039] [[0.00155707]] 0.73
[0.00957396] [[0.00155746]] 0.73
[0.00944001] [[-0.00198064]] 0.72
[0.00865435] [[-0.00248615]] 0.71
[0.00580571] [[-0.00415966]] 0.7
[0.00062047] [[-0.00601132]] 0.69
[-0.0019051] [[-0.00792121]] 0.69
[-0.00378246] [[-0.0149299]] 0.69
[0.00297872] [[-0.02226579]] 0.68
[-0.00586652] [[-0.02978477]] 0.69
[-0.0152607] [[-0.02885584]] 0.7
[-0.01885886] [[-0.0272222]] 0.71
[-0.01588524] [[-0.02517777]] 0.72
[-0.02037921] [[-0.01532741]] 0.72
[-0.01824985] [[-0.00575233]] 0.72
[-0.00304294] [[0.00359766]] 0.71
[0.00414986] [[0.00365875]] 0.71
[0.00421437] [[0.00362253]] 0.71
[0.00455665] [[0.00283753]] 0.71
[0.00494394] [[-0.00178766]] 0.7
[0.00644057] [[-0.00484467]] 0.69
[0.00986265] [[-0.00575294]] 0.68
[0.00694134] [[-0.00248767]] 0.68
[0.00295645] [[-0.00055889]] 0.68
[-0.00086608] [[0.00044109]] 0.67
[0.00199104] [[0.00375455]] 0.68
[0.00531379] [[0.00807084]] 0.69
[0.00980383] [[0.00963215]] 0.7
[0.00562007] [[0.00830789]] 0.71
[0.00582482] [[0.00584833]] 0.71
[0.00632666] [[0.00553216]] 0.71
[0.00682023] [[0.00488623]] 0.71
[0.01033905] [[0.00152042]] 0.71
[0.00169626] [[0.00056857]] 0.72
[0.00229394] [[0.00064325]] 0.73
[0.00221384] [[0.00377309]] 0.73
[0.00422473] [[0.00458335]] 0.73
[0.00328322] [[0.00482981]] 0.73
[-0.00025171] [[0.00607716]] 0.72
[0.00225064] [[0.00453162]] 0.72
[-0.00252295] [[0.0028956]] 0.71
[-0.0041212] [[-0.00182373]] 0.71
[-0.00159821] [[-0.00410397]] 0.71
[-0.00260005] [[-0.00625376]] 0.72
[-0.00592177] [[-0.00652174]] 0.73
[-0.00682019] [[-0.00567899]] 0.74
[-0.00765849] [[-0.00551122]] 0.75
[-0.00794492] [[-0.00352019]] 0.76
[-0.00561215] [[-0.0024265]] 0.77
[-0.00410307] [[0.00221643]] 0.76
[-0.00240107] [[0.00467633]] 0.75
[0.00247002] [[0.00724569]] 0.75
[0.00805351] [[0.00687993]] 0.75
[0.0081921] [[0.00554731]] 0.75
[0.0007893] [[0.00465385]] 0.75
[0.00185031] [[0.00238551]] 0.75
[-0.00807716] [[-0.00081252]] 0.75
[-0.00954799] [[-0.00783617]] 0.75
[-0.01155065] [[-0.01344976]] 0.76
[-0.01884119] [[-0.0155939]] 0.77
[-0.01987236] [[-0.01662849]] 0.77
[-0.01296569] [[-0.02077656]] 0.77
[0.00287671] [[-0.02190314]] 0.76
[-0.00089965] [[-0.01675512]] 0.77
[-0.00676337] [[-0.00579571]] 0.77
[-0.01247383] [[0.00060083]] 0.76
[-0.01020622] [[0.00533765]] 0.75
[-0.00493967] [[0.01019292]] 0.74
[-0.0014681] [[0.01343589]] 0.73
[0.01329385] [[0.01351014]] 0.73
[0.01282432] [[0.00840196]] 0.73
[0.00930056] [[0.00461065]] 0.73
[-3.3713877e-07] [[0.00173569]] 0.72
[-0.00896259] [[0.00029058]] 0.71
[-0.00043217] [[0.00098289]] 0.71
[0.00134401] [[0.00284339]] 0.71
[0.00176916] [[0.00413576]] 0.71
[0.00180531] [[0.00365913]] 0.71
[0.00251367] [[0.00314052]] 0.71
[0.00370068] [[0.00433202]] 0.71
[4.3444918e-05] [[0.00328791]] 0.71
[-0.00233385] [[0.00055542]] 0.7
[-0.0030119] [[0.00117253]] 0.69
[-0.00068758] [[0.0038234]] 0.68
[0.00108789] [[0.00603485]] 0.68
[0.00412285] [[0.0059445]] 0.68
[0.0048428] [[0.00595496]] 0.68
[0.00500064] [[0.00697556]] 0.68
[0.00666619] [[0.00525922]] 0.68
[0.00344419] [[0.00204249]] 0.68
[-0.00251056] [[-0.00269329]] 0.68
[-0.00444689] [[-0.00655005]] 0.68
[-0.00559256] [[-0.00832656]] 0.68
[-0.00722491] [[-0.00886156]] 0.69
[-0.00725206] [[-0.00779596]] 0.7
