57 [0.00626716]
58 [-0.00860853]
59 [0.00647195]
60 [-0.00592579]
61 [-0.00734665]
62 [-0.00071289]
63 [-0.00728904]
64 [-0.00821014]
65 [-0.00410631]
66 [-0.00840405]
67 [-0.00876527]
68 [-0.00687373]
69 [-0.00608172]
70 [-0.00964326]
71 [-0.00806445]
72 [-0.00491755]
73 [-0.00661328]
74 [-0.00593984]
75 [-0.00456218]
76 [-0.00520877]
77 [-0.00525552]
78 [-0.00426304]
79 [-0.00451122]
80 [-0.00482464]
81 [-0.0041627]
82 [-0.00336827]
83 [-0.00473032]
84 [-0.00419297]
85 [-0.00339581]
86 [-0.00495501]
87 [-0.0043044]
88 [-0.00454276]
89 [-0.00569259]
90 [-0.00664932]
91 [-0.00597599]
92 [-0.00581749]
93 [-0.00452547]
94 [-0.00748589]
95 [-0.00486041]
96 [-0.00552617]
97 [-0.00456742]
98 [-0.00352818]
99 [-0.00324912]
100 [-0.00262043]
101 [-0.00117571]
102 [0.00041653]
103 [-0.00093448]
104 [0.00075205]
105 [0.00166608]
106 [0.00243804]
107 [0.00377162]
108 [0.00196862]
109 [0.00238439]
110 [0.00269468]
111 [0.0011297]
112 [-0.00049555]
113 [-0.0006369]
114 [0.00114584]
115 [0.00182887]
116 [0.00070985]
117 [0.00086479]
118 [-0.00035846]
119 [0.00177785]
120 [0.00211179]
121 [0.00354442]
122 [0.00332207]
123 [0.0040056]
124 [0.00569717]
125 [0.0031412]
126 [0.00391161]
127 [0.0037464]
128 [0.00317193]
129 [0.00330446]
130 [0.00038374]
131 [0.00023246]
132 [0.00175362]
133 [0.00201548]
134 [0.00095209]
135 [0.00140201]
136 [0.00390566]
137 [0.00498973]
138 [0.00644238]
139 [0.00638067]
140 [0.00846934]
141 [0.00717415]
142 [0.0081004]
143 [0.01076568]
144 [0.00544444]
145 [0.00454041]
146 [0.00234919]
147 [0.00295476]
148 [0.00454451]
149 [0.00393414]
150 [0.00365502]
151 [0.0064599]
152 [0.00553384]
153 [0.00661774]
154 [0.00145934]
155 [0.00398893]
156 [-0.00196917]
157 [0.00207158]
158 [0.00810348]
159 [0.00633012]
160 [0.01024676]
161 [0.00876321]
162 [0.00355018]
163 [0.00273317]
164 [0.00057978]
165 [-0.00028276]
166 [-0.00085698]
167 [-0.00132527]
168 [-0.00125663]
169 [-0.0027493]
170 [-0.00260068]
171 [-0.00380253]
172 [-0.00347843]
173 [-0.00260458]
174 [0.00214654]
175 [-0.0020517]
176 [-0.00219922]
177 [-0.00120453]
178 [0.00261445]
179 [0.00270878]
180 [0.00132213]
181 [0.00022007]
182 [0.00123881]
183 [0.00723541]
184 [0.00822159]
185 [0.00817091]
186 [0.00776914]
187 [0.00518192]
188 [0.00563589]
189 [0.00580346]
190 [0.00487572]
191 [0.00308322]
192 [0.00327971]
193 [0.00191663]
194 [0.0018476]
195 [0.00140269]
196 [0.00164062]
197 [-0.00062441]
198 [0.00076]
199 [0.00161975]
200 [0.00059829]
201 [0.00089585]
202 [0.00218993]
203 [0.00356041]
204 [0.00483431]
205 [0.00897959]
206 [0.01110277]
207 [0.0085839]
208 [0.00845499]
209 [0.00453128]
210 [0.00826037]
211 [0.00576388]
212 [0.00662236]
213 [0.00552528]
214 [0.00319715]
215 [0.00692976]
216 [-0.00113046]
217 [0.00096837]
218 [-0.00158398]
219 [-0.00360518]
220 [-0.0050412]
221 [-0.00679051]
222 [-0.00660085]
223 [-0.00677418]
224 [-0.00375478]
225 [-0.00217154]
226 [0.00172711]
227 [-0.0012286]
228 [-0.00539635]
229 [-0.00559475]
230 [-0.00806634]
231 [-0.00972413]
232 [-0.00985086]
233 [-0.01332707]
234 [-0.01314173]
235 [-0.01107441]
236 [-0.00948415]
237 [-0.00609184]
238 [-0.00366571]
239 [-0.00234398]
240 [0.00077912]
241 [0.00183921]
242 [0.00477803]
243 [0.00606425]
244 [0.00673352]
245 [0.00709204]
246 [0.00800424]
247 [0.00849984]
248 [0.00862094]
249 [0.00701299]
250 [0.00590118]
251 [0.00578931]
252 [0.00332051]
253 [0.00174019]
254 [0.0012961]
255 [0.00037207]
256 [0.00031499]
257 [0.00028567]
258 [0.00073433]
259 [0.00286706]
260 [0.00210641]
261 [0.00469134]
262 [0.00624199]
263 [0.00388178]
264 [0.00317535]
265 [0.00083939]
266 [-0.00022868]
267 [-0.0020183]
268 [-0.00017311]
269 [-0.00248181]
270 [-0.00350299]
271 [-0.00513739]
272 [-0.00548316]
273 [-0.00645117]
274 [-0.00547769]
275 [-0.00654404]
276 [-0.00483965]
277 [-0.00592455]
278 [-0.0050086]
279 [-0.00402864]
280 [-0.00264253]
281 [-0.00085623]
282 [0.00027764]
283 [0.00025355]
284 [0.0004419]
285 [-0.00024253]
286 [-0.0019397]
287 [-0.00179997]
288 [-0.00326199]
289 [-0.00444331]
290 [-0.0072545]
291 [-0.00932004]
292 [-0.00805134]
293 [-0.00792222]
294 [-0.00748448]
295 [-0.00669695]
296 [-0.00810844]
297 [-0.00384467]
298 [-0.00186236]
299 [5.813854e-05]
300 [-0.00021873]
301 [0.00032764]
302 [0.00110259]
303 [0.0025]
304 [0.0028404]
305 [0.00251969]
306 [0.00373403]
307 [0.00482963]
308 [0.00586951]
309 [0.00567138]
310 [0.00537617]
311 [0.0059617]
312 [0.00537465]
313 [0.00583669]
314 [0.00630222]
315 [0.0053938]
316 [0.0054744]
317 [0.00496509]
318 [0.00578213]
319 [0.00450052]
320 [0.00332151]
321 [0.00243816]
322 [0.00191643]
323 [0.00141549]
324 [0.00260501]
325 [0.0010089]
326 [0.00308199]
327 [0.00263875]
328 [0.00419021]
329 [0.00441738]
330 [0.00366115]
331 [0.00558897]
332 [0.00539758]
333 [0.00577463]
334 [0.0049536]
335 [0.00405832]
336 [0.00368327]
337 [0.00403559]
338 [0.00245192]
339 [0.00416723]
340 [0.00331636]
341 [0.00175457]
342 [0.00124939]
343 [0.00308968]
344 [-0.00072425]
345 [0.00318596]
346 [-0.00026363]
347 [0.00170397]
348 [0.0076131]
349 [0.00660937]
350 [0.00999417]
351 [0.00725601]
352 [0.01638744]
353 [0.00952481]
354 [0.01296203]
355 [0.0096906]
356 [0.00901215]
357 [0.00721672]
358 [0.00579256]
359 [0.00322285]
360 [0.00263134]
361 [-0.00127192]
362 [-0.00203388]
363 [-0.00221229]
364 [-0.00316952]
365 [-0.00606761]
366 [-0.00737728]
367 [-0.00593937]
368 [-0.00581346]
369 [-0.00665505]
370 [-0.00763213]
371 [-0.00693068]
372 [-0.00558178]
373 [-0.00721512]
374 [-0.00707206]
375 [-0.00581375]
376 [-0.00593143]
377 [-0.00526007]
378 [-0.0036781]
379 [-0.00136551]
380 [-0.00319708]
381 [-0.00830278]
382 [-0.01183862]
383 [-0.00855873]
384 [-0.00810932]
385 [-0.00703629]
386 [-0.00503117]
387 [-0.00374034]
388 [3.3932738e-06]
389 [0.00075903]
390 [0.00567393]
391 [0.0069299]
392 [0.00698834]
393 [0.01462233]
394 [0.01214467]
395 [0.01064985]
396 [0.00549359]
397 [0.00541253]
398 [0.00116416]
399 [-0.00546557]
400 [-0.01062404]
401 [-0.00209572]
402 [-0.00433462]
403 [-0.0028014]
404 [-0.0027043]
405 [-0.00447042]
406 [-0.00340367]
407 [-0.00179738]
408 [-0.00172305]
409 [-0.00106359]
410 [-0.00188065]
411 [-0.00186817]
412 [-0.00176376]
413 [-0.00095564]
414 [-2.8677401e-05]
415 [0.00051941]
416 [0.00184899]
417 [0.002465]
418 [0.00277653]
419 [0.0032279]
420 [0.00330787]
421 [0.00367522]
422 [0.00309101]
423 [0.00293898]
424 [0.00218786]
425 [0.00084844]
426 [-0.00030108]
427 [-0.00050858]
428 [-0.00022015]
429 [0.00112419]
430 [0.00041071]
431 [0.00034155]
432 [0.00087294]
433 [0.00237361]
434 [0.00279298]
435 [0.00334272]
436 [0.00399228]
437 [0.00330014]
438 [0.00175981]
439 [-0.00074243]
440 [-0.00414475]
441 [-0.00677077]
442 [-0.00538988]
443 [-0.00549104]
444 [-0.00740272]
445 [-0.00707072]
446 [-0.00661444]
447 [-0.00494551]
448 [-0.00299588]
449 [-0.00227533]
450 [-0.00391154]
451 [-0.00636921]
452 [-0.00468061]
453 [-0.00539038]
454 [-0.00311916]
455 [-0.00361495]
456 [-0.0022261]
457 [-0.00117938]
458 [0.00171033]
459 [0.00349439]
460 [0.00295668]
461 [0.00283594]
462 [0.00128251]
463 [0.00293502]
464 [0.00418883]
465 [0.0051338]
466 [0.00730643]
467 [0.00667259]
468 [0.00734636]
469 [0.00749156]
470 [0.00660887]
471 [0.00892361]
472 [0.0103011]
473 [0.00653132]
474 [0.00626522]
475 [0.00689398]
476 [0.00726946]
477 [0.00681422]
478 [0.00625507]
479 [0.00564001]
480 [0.00369882]
481 [0.00335195]
482 [0.00304565]
483 [0.00321102]
484 [0.00515986]
485 [0.00355271]
486 [0.00401716]
487 [0.00489818]
488 [0.00569822]
489 [0.00422216]
490 [-0.00046028]
491 [0.00069703]
492 [0.00145363]
493 [-0.00247158]
494 [-0.00546797]
495 [-0.00135882]
496 [0.001594]
497 [0.004272]
498 [0.00591554]
499 [0.0050286]
500 [0.00626722]
501 [0.00387313]
502 [-0.00023246]
503 [-0.00196039]
504 [-0.0041878]
505 [-0.00450077]
506 [-0.00575884]
507 [-0.00709292]
508 [-0.00688244]
509 [-0.0088618]
510 [-0.00616826]
511 [-0.00452687]
512 [-0.00507911]
513 [-0.00541784]
514 [-0.00214502]
515 [-0.00302681]
516 [0.00041818]
517 [0.00545786]
518 [0.00977294]
519 [0.01192028]
520 [0.00737406]
521 [0.01033437]
522 [0.01299802]
523 [0.00285268]
524 [-0.00055986]
525 [-0.00420588]
526 [-0.00408559]
527 [-0.00644397]
528 [-0.00787653]
529 [-0.00338755]
530 [-0.003691]
531 [-0.00347729]
532 [-0.00186556]
533 [-0.00242682]
534 [-0.00208347]
535 [-0.0023434]
536 [-0.00095916]
537 [-0.00029605]
538 [0.00015885]
539 [-0.00010934]
540 [0.00106174]
541 [0.00012877]
542 [-2.233684e-05]
543 [-0.00126817]
544 [-0.00200777]
545 [-0.00301682]
546 [-0.00282393]
547 [-0.00357471]
548 [-0.00405189]
549 [-0.00174658]
550 [4.0690764e-05]
551 [0.00106868]
552 [0.0037093]
553 [0.00479044]
554 [0.00887718]
555 [0.00972889]
556 [0.00981256]
557 [0.01429127]
558 [0.0074272]
559 [-0.00105273]
560 [-0.00382391]
561 [-0.00535502]
562 [-0.00884021]
563 [-0.00740867]
564 [-0.00265563]
565 [0.00157036]
566 [0.00210488]
567 [0.00282183]
568 [0.00152516]
569 [0.00128027]
570 [0.00037221]
571 [-0.00256739]
572 [0.0030483]
573 [0.00405442]
574 [0.00541774]
575 [0.00245489]
576 [0.00442625]
577 [0.00386608]
578 [0.00444557]
579 [0.00089722]
580 [0.00106751]
581 [-0.00102115]
582 [0.00115479]
583 [-0.00055588]
584 [-0.00487195]
585 [-0.00726578]
586 [-0.00739103]
587 [-0.0078616]
588 [-0.00733417]
589 [-0.00670102]
590 [-0.00507571]
591 [-0.00228907]
592 [-0.00308742]
593 [-0.00476683]
594 [-0.00303056]
595 [-0.00375204]
596 [-0.00257524]
597 [-0.00276384]
598 [-0.00377837]
599 [-0.00328121]
600 [-0.00052839]
601 [0.00291232]
602 [0.00523195]
603 [0.00458477]
604 [0.00427556]
605 [0.00232279]
606 [-0.00202169]
607 [-0.00888443]
608 [-0.0076915]
609 [-0.01156244]
610 [-0.01278715]
611 [-0.0118396]
612 [-0.00805857]
613 [-0.00365878]
614 [-0.00079998]
615 [0.00281683]
616 [0.00378775]
617 [0.00563083]
618 [0.00291741]
619 [0.00178787]
620 [0.00104645]
621 [0.00114437]
622 [0.00194]
623 [0.00042088]
624 [0.00021299]
625 [-0.00110471]
626 [-0.00175404]
627 [-0.00215706]
628 [-0.00071037]
629 [-0.00226026]
630 [-0.00173581]
631 [-0.00071932]
632 [-0.00165517]
633 [0.00110732]
634 [0.00044226]
635 [9.7377226e-05]
636 [-0.00126368]
637 [-0.00189952]
638 [-0.00329609]
639 [-0.0043255]
640 [-0.00589008]
641 [-0.00602654]
642 [-0.00629985]
643 [-0.00606787]
644 [-0.00600665]
645 [-0.0057801]
646 [-0.0061715]
647 [-0.00533182]
648 [-0.00540041]
649 [-0.00625904]
650 [-0.00671289]
651 [-0.00625373]
652 [-0.00674743]
653 [-0.00738764]
654 [-0.00657488]
655 [-0.00557234]
656 [-0.00326923]
657 [-0.00022604]
658 [0.00306363]
659 [0.00144266]
660 [-0.00651123]
661 [-0.00427007]
662 [-0.00203953]
663 [-0.00228147]
664 [-0.00290489]
665 [-0.00287134]
666 [-0.00231761]
667 [-0.0044778]
668 [-0.00554027]
669 [-0.00579597]
670 [-0.00654806]
671 [-0.00689005]
672 [-0.00508202]
673 [-0.00583688]
674 [-0.00396902]
675 [-0.00351645]
676 [-0.00318248]
677 [-0.00197459]
678 [-0.00272295]
679 [-0.00102396]
680 [-0.00090568]
681 [-0.00201165]
682 [-0.00091378]
683 [-0.00109533]
684 [-0.00103306]
685 [-0.00396507]
686 [-0.0035045]
687 [-0.00411715]
688 [-0.00364438]
689 [-0.00343608]
690 [-0.00254332]
691 [-0.00168933]
692 [-0.00065415]
693 [-0.00237741]
694 [-0.00221259]
695 [-0.00190493]
696 [-0.00484561]
697 [-0.00651693]
698 [-0.00683428]
699 [-0.01077995]
700 [-0.00643501]
701 [-0.01203887]
702 [-0.009318]
703 [-0.00626321]
704 [-0.00161241]
705 [0.0019932]
706 [0.00363919]
707 [0.0053037]
708 [0.00301953]
709 [0.00397235]
710 [0.00670613]
711 [0.00470832]
712 [0.00293506]
713 [0.0024631]
714 [0.00028475]
715 [0.0008645]
716 [-0.00012742]
717 [-0.00087705]
718 [0.00055715]
719 [-0.0016548]
720 [-0.00106283]
721 [-0.00512285]
722 [-0.00647339]
723 [-0.00535011]
724 [-0.00641701]
725 [0.00100202]
726 [0.00053936]
727 [-0.00164767]
728 [-0.0013438]
729 [-6.41197e-05]
730 [0.00238103]
731 [0.00080944]
732 [-0.00035443]
733 [-0.00055251]
734 [-0.00040605]
735 [0.00042932]
736 [-0.00031847]
737 [-0.00014077]
738 [-0.00152579]
739 [-0.00037499]
740 [-0.00245824]
741 [-0.00425362]
742 [-0.00443172]
743 [-0.0059664]
744 [-0.00665477]
745 [-0.00310805]
746 [-0.00123946]
747 [0.0026269]
748 [0.0033905]
749 [0.00532752]
750 [0.00848274]
751 [0.00710005]
752 [-0.0005301]
753 [0.00045373]
754 [-0.00499779]
755 [-0.00584697]
756 [0.0026752]
757 [0.00744505]
758 [0.00656805]
759 [0.00998039]
760 [0.00963695]
761 [0.00985237]
762 [0.00920177]
763 [0.00855968]
764 [0.0079375]
765 [0.00454362]
766 [0.00201599]
767 [0.0016852]
768 [0.00341899]
769 [0.00316087]
770 [-0.00058351]
771 [-0.0011299]
772 [0.00292592]
773 [0.00335017]
774 [0.00129503]
775 [-0.00242951]
776 [-0.00140747]
777 [-0.00090031]
778 [0.00078304]
779 [0.00183454]
780 [0.00163274]
781 [-0.00032294]
782 [-0.00088946]
783 [0.00065683]
784 [-0.0027719]
785 [-0.00479247]
786 [-0.00646983]
787 [-0.00936104]
788 [-0.01122868]
789 [-0.01211434]
790 [-0.00752414]
791 [3.658724e-05]
792 [0.00394424]
793 [0.00472947]
794 [0.00797454]
795 [0.00780807]
796 [0.00641676]
797 [0.00454701]
798 [0.00222329]
799 [0.00120146]
800 [-0.00091483]
801 [-0.00172091]
802 [0.00059962]
803 [-0.00122175]
804 [-0.00034442]
805 [-0.00442092]
806 [-0.00408439]
807 [-0.00171991]
808 [0.00332971]
809 [0.00302449]
810 [0.00496059]
811 [0.00763738]
812 [0.00937632]
813 [0.00906094]
814 [0.00728005]
815 [0.00580108]
816 [0.00443163]
817 [0.00316493]
818 [0.00119161]
819 [-0.00061531]
820 [-0.00323711]
821 [-0.00283856]
822 [-0.00308716]
823 [0.00091958]
824 [0.00191841]
825 [0.00320375]
826 [0.00774785]
827 [0.00855482]
828 [0.0074127]
829 [0.00488749]
830 [0.00523343]
831 [0.00391131]
832 [0.00843821]
833 [0.00585054]
834 [0.00446544]
835 [0.00522082]
836 [0.00813429]
837 [0.00829132]
838 [0.0083857]
839 [0.00584303]
840 [0.00226599]
841 [0.00051922]
842 [0.00189639]
843 [0.00067173]
844 [0.00215344]
845 [0.00299539]
846 [0.002891]
847 [0.00302412]
848 [0.00266334]
849 [0.00341391]
850 [0.00342196]
851 [0.00328423]
852 [0.00122347]
853 [0.00038562]
854 [-0.00134123]
855 [-0.00034585]
856 [-0.00107001]
857 [-0.00307035]
858 [-0.00162623]
859 [-0.00050262]
860 [-0.00087131]
861 [-0.00180477]
862 [0.00044858]
863 [0.00400226]
864 [0.00637457]
865 [0.00921092]
866 [0.01037562]
867 [0.01181048]
868 [0.01125062]
869 [0.01021152]
870 [0.0084834]
871 [0.00671387]
872 [0.00445294]
873 [0.00128174]
874 [-0.00135556]
875 [-0.0026075]
876 [-0.0018291]
877 [-0.00182021]
878 [-0.00053429]
879 [-0.00031956]
880 [0.00142424]
881 [0.00059442]
882 [0.00040814]
883 [0.00149349]
884 [0.00213875]
885 [0.00305027]
886 [0.00593253]
887 [0.00482081]
888 [0.00595509]
889 [0.00676691]
890 [0.00492894]
891 [0.00284047]
892 [0.00106226]
893 [-0.00079881]
894 [-0.00331042]
895 [-0.00362812]
896 [-0.00395002]
897 [-0.00719148]
898 [-0.00761396]
899 [-0.0098293]
900 [-0.0129691]
901 [-0.01351445]
902 [-0.01637624]
903 [-0.00790788]
904 [-0.00557106]
905 [-0.00283528]
906 [0.00109487]
907 [0.00370112]
908 [0.00315867]
909 [0.00354978]
910 [0.00404648]
911 [0.0027853]
912 [0.00297314]
913 [0.00416645]
914 [0.0026544]
915 [0.00093705]
916 [0.00240274]
917 [0.0014569]
918 [0.00331302]
919 [0.00284662]
920 [0.00223632]
921 [0.00220489]
922 [0.00099351]
923 [0.00040298]
924 [-0.00219922]
925 [-0.0081715]
926 [-0.00803033]
927 [-0.00692342]
928 [-0.00465316]
929 [-0.00580762]
930 [-0.00447157]
931 [-0.00427457]
932 [-0.00339384]
933 [-0.00136387]
934 [0.00079638]
935 [0.00294627]
936 [0.00327909]
937 [0.0052341]
938 [0.0045892]
939 [0.00171963]
940 [0.00147645]
941 [-0.00254764]
942 [-0.00818668]
943 [-0.00919821]
944 [-0.00914807]
945 [-0.00871526]
946 [-0.00775106]
947 [-0.00438966]
948 [-0.00368811]
949 [-0.00446623]
950 [-0.00141674]
951 [0.00280521]
952 [0.0019625]
953 [0.00250745]
954 [0.00344726]
955 [0.00298333]
956 [0.00236924]
957 [0.00091892]
958 [-0.00017792]
959 [-0.00051392]
960 [-0.00162742]
961 [-0.00143873]
962 [-0.00167917]
963 [-0.00013181]
964 [0.00050936]
965 [0.00213486]
966 [0.0032734]
967 [0.00428921]
968 [0.00440851]
969 [0.00331463]
970 [0.00406284]
971 [0.00213644]
972 [0.00026262]
973 [0.00073887]
974 [-0.0015504]
975 [-0.00369486]
976 [-0.00615059]
977 [-0.00716334]
978 [-0.00563735]
979 [-0.00580577]
980 [-0.00307337]
981 [-0.00023979]
982 [0.00281901]
983 [0.00391054]
984 [0.00320606]
985 [0.00321504]
986 [0.0025367]
987 [0.0013851]
988 [0.00450036]
989 [0.00474604]
990 [0.00907632]
991 [0.00998716]
992 [0.01472124]
993 [0.02067314]
994 [0.01877318]
995 [0.01953664]
996 [0.01453939]
997 [0.00727603]
998 [0.00376463]
999 [0.00200176]
1000 [0.00119225]
1001 [0.00142996]
1002 [0.00138545]
1003 [0.00462006]
1004 [0.0060272]
1005 [0.00379589]
1006 [0.0065443]
1007 [0.00539409]
1008 [0.00664089]
1009 [0.0153882]
1010 [0.01931037]
1011 [0.01949716]
1012 [0.02462009]
1013 [0.02063925]
1014 [0.01366314]
1015 [0.01172547]
1016 [0.00486513]
1017 [-0.00340158]
1018 [-0.0067243]
1019 [-0.0046073]
1020 [-0.00407523]
1021 [-0.00557919]
1022 [-0.00226125]
1023 [-0.00417186]
1024 [-0.00317014]
1025 [-0.00542017]
1026 [-0.00454523]
1027 [-0.00120664]
1028 [0.00179709]
1029 [0.00356055]
1030 [0.00471978]
1031 [0.00627064]
1032 [0.00603996]
1033 [0.00480892]
1034 [0.00275705]
1035 [0.00380918]
1036 [0.00590361]
1037 [0.01022484]
1038 [0.01173066]
1039 [0.00954057]
1040 [0.00708826]
1041 [0.00667014]
1042 [0.00146732]
1043 [-0.0029157]
1044 [-0.00366939]
1045 [-0.00903115]
1046 [-0.00176736]
1047 [-0.00244029]
1048 [-0.00116913]
1049 [0.00122584]
1050 [0.00182104]
1051 [0.00543611]
1052 [0.00918465]
1053 [0.01242363]
1054 [0.01709989]
1055 [0.01904009]
1056 [0.02028255]
1057 [0.02595177]
1058 [0.02017288]
1059 [0.01962589]
1060 [0.01354949]
1061 [0.01579197]
1062 [0.01167708]
1063 [0.00609395]
1064 [0.00532838]
1065 [0.00184972]
1066 [0.00266883]
1067 [0.00578397]
1068 [-0.00323332]
1069 [-0.00416721]
1070 [-0.00338161]
1071 [-0.00430648]
1072 [-0.00350322]
1073 [-0.00192692]
1074 [-0.00100603]
1075 [0.00397755]
1076 [0.00671774]
1077 [0.01275537]
1078 [0.01131777]
1079 [0.00986126]
1080 [0.00774883]
1081 [0.00660107]
1082 [0.00290667]
1083 [0.00101698]
1084 [-0.00011091]
1085 [-0.00064258]
1086 [-0.00074816]
1087 [-0.00355355]
1088 [-0.00607406]
1089 [-0.00853008]
1090 [-0.00834932]
1091 [-0.00749457]
1092 [-0.00897605]
1093 [-0.00743572]
1094 [-0.00637202]
1095 [-0.00210502]
1096 [0.00122847]
1097 [0.00404243]
1098 [0.00199304]
1099 [2.5120564e-05]
1100 [8.464861e-05]
1101 [0.00458623]
1102 [0.00280138]
1103 [0.00342434]
1104 [0.00604076]
1105 [0.00912511]
1106 [0.00290474]
1107 [-0.00114729]
1108 [-0.00642375]
1109 [-0.01121268]
1110 [-0.01142534]
1111 [-0.00848228]
1112 [-0.00481762]
1113 [0.00080759]
1114 [0.00247314]
1115 [0.00572717]
1116 [0.00634556]
1117 [0.0043112]
1118 [0.00358782]
1119 [-0.00020087]
1120 [-0.00401943]
1121 [-0.0046133]
1122 [-0.00512781]
1123 [-0.00585582]
1124 [-0.00676712]
1125 [-0.00479311]
1126 [-0.00131675]
1127 [0.00154747]
1128 [0.00210717]
1129 [0.00422481]
1130 [0.00163765]
1131 [-0.00153166]
1132 [0.00032871]
1133 [0.00148661]
1134 [0.00452927]
1135 [0.00418305]
1136 [0.00451093]
1137 [0.00306121]
1138 [0.00305424]
1139 [0.0030917]
1140 [0.00061272]
1141 [-0.00090135]
1142 [-0.00277756]
1143 [-0.00260962]
1144 [-0.00257626]
1145 [0.00167604]
1146 [-0.00345607]
1147 [-0.00160482]
1148 [-0.00499952]
1149 [-0.01194691]
1150 [-0.01340494]
1151 [-0.0129285]
1152 [-0.01037904]
1153 [-0.0087848]
1154 [-0.00589813]
1155 [-0.00488078]
1156 [-0.00065578]
1157 [0.00385291]
1158 [0.00178993]
1159 [0.00134386]
1160 [0.00149544]
1161 [0.00308691]
1162 [0.00216917]
1163 [-0.00393003]
1164 [-0.000902]
1165 [-0.00148716]
1166 [-0.00398286]
1167 [-0.00435758]
1168 [-0.00535909]
1169 [-0.00163453]
1170 [-0.00072623]
1171 [0.00034523]
1172 [0.0006761]
1173 [0.00094999]
1174 [0.00549743]
1175 [0.00688103]
1176 [0.00318861]
1177 [0.00232616]
1178 [0.0002203]
1179 [-0.00182788]
1180 [-0.00324753]
1181 [-0.00281156]
1182 [-0.00151815]
1183 [-0.00018421]
1184 [0.00155167]
1185 [0.00255133]
1186 [0.00250024]
1187 [0.00183465]
1188 [0.00177316]
1189 [0.00241264]
1190 [0.00187756]
1191 [0.00203229]
1192 [0.00355208]
1193 [0.00305618]
1194 [0.00219164]
1195 [0.00388827]
1196 [0.00653581]
1197 [0.00534221]
1198 [0.00171273]
1199 [0.00372416]
1200 [0.00547634]
1201 [0.0060482]
1202 [0.0045608]
1203 [0.00575365]
1204 [0.00929231]
1205 [0.01570001]
1206 [0.01251656]
1207 [0.01289464]
1208 [0.01376446]
1209 [0.01183005]
1210 [0.01099619]
1211 [0.00654214]
1212 [6.941636e-05]
1213 [0.00034837]
1214 [-0.00414217]
1215 [-0.00598222]
1216 [-0.00212023]
1217 [-0.00334387]
1218 [-0.00184199]
1219 [-0.00086446]
1220 [0.00152731]
1221 [0.00303155]
1222 [0.00327636]
1223 [0.00227029]
1224 [0.00129341]
1225 [0.00174175]
1226 [0.00338666]
1227 [0.0028327]
1228 [0.00241689]
1229 [0.00348655]
1230 [0.00302631]
1231 [0.0036833]
1232 [0.00258412]
1233 [0.00071719]
1234 [-0.00139037]
1235 [0.00214701]
1236 [0.00223993]
1237 [-0.00175229]
1238 [-0.00336023]
1239 [-0.00602976]
1240 [-0.00307065]
1241 [-0.00277993]
1242 [-0.00183284]
1243 [0.00033242]
1244 [0.00315645]
1245 [0.00234747]
1246 [0.00189802]
1247 [0.00301977]
1248 [0.0026777]
1249 [0.00277629]
1250 [0.00539499]
1251 [0.00840073]
1252 [0.01093389]
1253 [0.01519602]
1254 [0.01831001]
1255 [0.01698485]
1256 [0.02144714]
1257 [0.02398376]
1258 [0.01646017]
1259 [0.00442892]
1260 [0.0015027]
1261 [-0.00190095]
1262 [-0.00575887]
1263 [-0.01418304]
1264 [-0.0094928]
1265 [0.00321266]
1266 [0.00565923]
1267 [0.00812562]
1268 [0.02067083]
1269 [0.02467575]
1270 [0.02567172]
1271 [0.00840271]
1272 [0.01020417]
1273 [-0.0123453]
1274 [-0.02316122]
1275 [-0.03784706]
1276 [-0.03764914]
1277 [-0.04201694]
1278 [-0.03636702]
1279 [-0.03655415]
1280 [-0.0378081]
1281 [-0.03232437]
1282 [-0.02207956]
1283 [-0.01671421]
1284 [0.00439974]
1285 [0.00478006]
1286 [0.01700242]
1287 [0.0309248]
1288 [0.04057218]
1289 [0.04095077]
1290 [0.04065398]
1291 [0.02141653]
1292 [0.01178098]
1293 [-0.00214334]
1294 [-0.00597321]
1295 [-0.00608438]
1296 [-0.00347526]
1297 [-0.00064079]
1298 [0.00352628]
1299 [0.00855595]
1300 [0.01419142]
1301 [0.0185941]
1302 [0.01911345]
1303 [0.0177039]
1304 [0.01724402]
1305 [0.01509445]
1306 [0.0120152]
1307 [0.00928131]
1308 [0.0088343]
1309 [0.00846103]
1310 [0.00883462]
1311 [0.0057509]
1312 [0.00400988]
1313 [0.00148971]
1314 [0.00078277]
1315 [0.00295927]
1316 [0.00444716]
1317 [0.00688043]
1318 [0.00824809]
1319 [0.00697069]
1320 [0.00388878]
1321 [-0.00313315]
1322 [-0.00676719]
1323 [-0.00630835]
1324 [-0.0091113]
1325 [-0.00605646]
1326 [-0.00439317]
1327 [-0.00186187]
1328 [-0.00146846]
1329 [0.00475049]
1330 [0.00164564]
1331 [0.00673263]
1332 [0.00230302]
1333 [-0.00035079]
1334 [0.00246912]
1335 [0.00507607]
1336 [0.00488455]
1337 [0.00542833]
1338 [0.00972741]
1339 [0.00891656]
1340 [0.01082808]
1341 [0.01174911]
1342 [0.01010197]
1343 [0.00561951]
1344 [0.00156889]
1345 [-0.00019554]
1346 [-0.00151082]
1347 [-0.00321909]
1348 [-0.00377025]
1349 [-0.0048598]
1350 [-0.00509312]
1351 [-0.00482041]
1352 [-0.00502024]
1353 [-0.00182867]
1354 [0.0015771]
1355 [0.00513774]
1356 [0.00560964]
1357 [-0.00362058]
1358 [-0.00652265]
1359 [-0.01290131]
1360 [-0.01314138]
1361 [-0.01342903]
1362 [-0.00887258]
1363 [-0.00171736]
1364 [0.00564572]
1365 [0.01437428]
1366 [0.0122915]
1367 [0.01291427]
1368 [0.01254295]
1369 [0.00309238]
1370 [-0.00144052]
1371 [-0.00250157]
1372 [-5.228375e-05]
1373 [-0.0025424]
1374 [0.00215542]
1375 [0.00826374]
1376 [0.00704732]
1377 [0.01026774]
1378 [0.01004265]
1379 [0.00681783]
1380 [0.00489706]
1381 [0.00113906]
1382 [0.00095747]
1383 [0.0014106]
1384 [0.00413102]
1385 [0.00518328]
1386 [0.00906623]
1387 [0.00658266]
1388 [0.00709276]
1389 [0.00454285]
1390 [0.00567914]
1391 [0.00693737]
1392 [0.00969232]
1393 [0.00989419]
1394 [0.00980823]
1395 [0.00811691]
1396 [0.00301484]
1397 [0.00227543]
1398 [0.00249065]
1399 [0.00071508]
1400 [0.00099479]
1401 [0.00319525]
1402 [0.00263562]
1403 [0.00265113]
1404 [0.00796755]
1405 [0.00883571]
1406 [0.0130358]
1407 [0.02397832]
1408 [0.02395935]
1409 [0.02560608]
1410 [0.02559643]
1411 [0.02506629]
1412 [0.01768489]
1413 [0.0200935]
1414 [0.02059407]
1415 [0.02122831]
1416 [0.01603681]
1417 [0.00864122]
1418 [0.01185124]
1419 [0.01908097]
1420 [0.02406631]
1421 [0.02090013]
1422 [0.02538758]
1423 [0.01916743]
1424 [0.01082738]
1425 [0.00854644]
1426 [-0.01213082]
1427 [-0.02958065]
1428 [-0.03372766]
1429 [-0.02700102]
1430 [-0.01642459]
1431 [-0.00695298]
1432 [-0.0029993]
1433 [0.00945686]
1434 [0.01163777]
1435 [-0.00217089]
1436 [-0.00335706]
1437 [-0.01271384]
1438 [-0.01027694]
1439 [-0.01139648]
1440 [-0.00789106]
1441 [-0.00674175]
1442 [0.0028975]
1443 [0.00479923]
1444 [0.00704839]
1445 [0.00924877]
1446 [0.00879933]
1447 [0.00904365]
1448 [0.00398831]
1449 [-0.00345492]
1450 [-0.00806516]
1451 [-0.00976709]
1452 [-0.00941721]
1453 [-0.00697451]
1454 [-0.00500724]
1455 [-0.00230429]
1456 [0.00524622]
1457 [0.00608056]
1458 [0.00670134]
1459 [0.00687837]
1460 [0.00729513]
1461 [0.00117092]
1462 [-0.00037436]
1463 [0.00085878]
1464 [-0.00085641]
1465 [-0.0019545]
1466 [-0.00355765]
1467 [-0.00767421]
1468 [-0.01245046]
1469 [-0.01770261]
1470 [-0.02135176]
1471 [-0.02265394]
1472 [-0.01916853]
1473 [-0.01705657]
1474 [-0.00612964]
1475 [-0.00054163]
1476 [0.00245413]
1477 [0.00860026]
1478 [0.00979411]
1479 [0.00941299]
1480 [0.00389893]
1481 [0.00813564]
1482 [0.004174]
1483 [-0.00124763]
1484 [-0.00232261]
1485 [0.00011953]
1486 [0.00428697]
1487 [0.00422986]
1488 [0.00434496]
1489 [0.00323192]
1490 [-0.00170008]
1491 [-0.00176867]
1492 [-0.00352966]
1493 [-0.00273765]
1494 [-0.00346538]
1495 [-0.00293215]
1496 [0.00110989]
1497 [0.00178971]
1498 [-0.00110482]
1499 [-0.00090722]
1500 [-0.00052617]
1501 [-0.00054808]
1502 [-0.00208797]
1503 [-0.00554846]
1504 [-0.00552401]
1505 [-0.00556933]
1506 [-0.0068738]
1507 [-0.0077763]
1508 [-0.00520931]
1509 [-0.00115646]
1510 [0.01253781]
1511 [0.00728706]
1512 [0.01156417]
1513 [0.01020306]
1514 [0.00912845]
1515 [0.00535713]
1516 [0.00239125]
1517 [-0.00447702]
1518 [-0.01137949]
1519 [-0.01646836]
1520 [-0.01426666]
1521 [-0.00873863]
1522 [-0.00167235]
1523 [0.00378588]
1524 [0.00105895]
1525 [0.00076553]
1526 [-0.00237499]
1527 [-0.00503767]
1528 [-0.0048615]
1529 [-0.00706448]
1530 [-0.01292774]
1531 [-0.01314115]
1532 [-0.01862456]
1533 [-0.0195862]
1534 [-0.01640315]
1535 [-0.01607552]
1536 [-0.01443138]
1537 [-0.00844065]
1538 [-0.00294111]
1539 [0.00951603]
1540 [0.01162667]
1541 [0.01398803]
1542 [0.01116017]
1543 [0.01083155]
1544 [0.01106905]
1545 [0.01068025]
1546 [0.00748509]
1547 [0.001246]
1548 [-0.00162386]
1549 [-0.00210743]
1550 [-0.00372144]
1551 [-0.00442669]
1552 [0.00042923]
1553 [0.00245145]
1554 [0.00700935]
1555 [0.01145173]
1556 [0.01101047]
1557 [0.01035684]
1558 [0.00897203]
1559 [0.00206041]
1560 [-0.00035656]
1561 [-0.00130059]
1562 [-0.00302476]
1563 [-0.00215101]
1564 [-0.00073848]
1565 [-0.0014229]
1566 [0.00047148]
1567 [0.00173742]
1568 [0.00368052]
1569 [0.00360903]
1570 [0.00724618]
1571 [0.00897193]
1572 [0.01216997]
1573 [0.01435182]
1574 [0.01134646]
1575 [0.00236141]
1576 [-0.00315508]
1577 [-0.01048188]
1578 [-0.01960921]
1579 [-0.01665515]
1580 [-0.02056642]
1581 [-0.01791045]
1582 [-0.01016046]
1583 [-0.00428039]
1584 [-0.00410609]
1585 [-0.00219601]
1586 [-0.00481512]
1587 [-0.00304409]
1588 [0.0007786]
1589 [0.00306026]
1590 [0.00473223]
1591 [0.00540267]
1592 [0.00458339]
1593 [0.00387547]
1594 [-0.001976]
1595 [-0.00084121]
1596 [5.936317e-05]
1597 [0.0020631]
1598 [0.00252094]
1599 [0.00247771]
1600 [-0.00088631]
1601 [-0.0045877]
1602 [-0.01087593]
1603 [-0.01537606]
1604 [-0.0201792]
1605 [-0.01487707]
1606 [-0.01088295]
1607 [-0.004045]
1608 [0.00600869]
1609 [0.01203546]
1610 [0.0084591]
1611 [0.00662315]
1612 [0.00081434]
1613 [-0.00134826]
1614 [-0.00442002]
1615 [-0.01069274]
1616 [-0.01330876]
1617 [-0.01146824]
1618 [-0.01110264]
1619 [-0.00500039]
1620 [-0.00191724]
1621 [-0.0022574]
1622 [4.9076974e-05]
1623 [0.00130883]
1624 [-0.00189409]
1625 [-0.00479022]
1626 [-0.01548102]
1627 [-0.01563085]
1628 [-0.01583981]
1629 [-0.01965923]
1630 [-0.01356868]
1631 [-0.01564843]
1632 [-0.01442664]
1633 [-0.01394556]
1634 [-0.0111181]
1635 [-0.00958284]
1636 [-0.00800439]
1637 [0.00386836]
1638 [0.00304415]
1639 [0.00267729]
1640 [0.00314232]
1641 [0.00215838]
1642 [0.00534819]
1643 [0.00363961]
1644 [0.00594625]
1645 [0.00582584]
1646 [0.00542358]
1647 [0.00487385]
1648 [0.00362115]
1649 [0.0021808]
1650 [-0.00072244]
1651 [-0.00069413]
1652 [-0.00136628]
1653 [-0.00022885]
1654 [-0.00093472]
1655 [-0.00350072]
1656 [-0.00653818]
1657 [-0.00912759]
1658 [-0.00837521]
1659 [-0.00681418]
1660 [-0.00310929]
1661 [0.00074568]
1662 [0.00687471]
1663 [0.01030404]
1664 [0.00905909]
1665 [0.00739385]
1666 [0.00528172]
1667 [0.00700565]
1668 [0.00371012]
1669 [0.00202494]
1670 [-0.00038034]
1671 [-0.00140041]
1672 [0.00014205]
1673 [0.00233337]
1674 [0.00785824]
1675 [0.00943513]
1676 [0.01161577]
1677 [0.01147087]
1678 [0.00886413]
1679 [0.00664493]
1680 [0.00374134]
1681 [0.00175853]
1682 [0.00090967]
1683 [-0.00084905]
1684 [-0.00187051]
1685 [-0.00252154]
1686 [-0.00421403]
1687 [-0.0033054]
1688 [-0.00382547]
1689 [-0.00153988]
1690 [0.00072359]
1691 [0.00017013]
1692 [0.00302959]
1693 [0.00895007]
1694 [0.01066907]
1695 [0.01859704]
1696 [0.02164727]
1697 [0.01795872]
1698 [0.01425159]
1699 [0.0107875]
1700 [0.00396036]
1701 [0.00102009]
1702 [0.00081337]
1703 [0.0022449]
1704 [0.00289402]
1705 [0.00628162]
1706 [0.00911122]
1707 [0.01347098]
1708 [0.01378785]
1709 [0.01068051]
1710 [0.00797616]
1711 [0.0066604]
1712 [0.00430045]
1713 [0.00415046]
1714 [0.0062209]
1715 [0.00511605]
1716 [0.00397932]
1717 [0.00330298]
1718 [0.0042198]
1719 [0.00037058]
1720 [-0.0008785]
1721 [-0.00175973]
1722 [-0.00152244]
1723 [-0.00134106]
1724 [-0.00137764]
1725 [-0.00397796]
1726 [-0.00216275]
1727 [-0.0010676]
1728 [0.00218615]
1729 [0.00101032]
1730 [-7.71191e-05]
1731 [-0.00088948]
1732 [0.0014251]
1733 [-0.00654659]
1734 [-0.01074489]
1735 [-0.01557543]
1736 [-0.02309567]
1737 [-0.0274852]
1738 [-0.02769193]
1739 [-0.02858513]
1740 [-0.02254742]
1741 [-0.01251923]
1742 [-0.00228209]
1743 [0.00203445]
1744 [-0.00065213]
1745 [0.00256461]
1746 [0.00206638]
1747 [0.0003427]
1748 [-0.00260421]
1749 [-0.00444913]
1750 [-0.00167184]
1751 [0.00122835]
1752 [0.00068681]
1753 [0.00367156]
1754 [0.00738406]
1755 [0.00909232]
1756 [0.00734626]
1757 [0.00713893]
1758 [0.00556061]
1759 [0.00439118]
1760 [0.00213471]
1761 [0.00092576]
1762 [0.00035223]
1763 [0.00206085]
1764 [0.00215708]
1765 [0.00529635]
1766 [0.00632456]
1767 [0.00579131]
1768 [0.00173881]
1769 [-0.00253876]
1770 [-0.00478358]
1771 [-0.00648574]
1772 [-0.00615397]
1773 [-0.00714287]
1774 [-0.00553501]
1775 [-0.00254878]
1776 [-0.00183015]
1777 [0.00035181]
1778 [0.00212113]
1779 [0.00416712]
1780 [0.00615715]
1781 [0.00470422]
1782 [0.00446301]
1783 [0.0043184]
1784 [-0.00013497]
1785 [-0.01261282]
1786 [-0.0167965]
1787 [-0.01501028]
1788 [-0.01875616]
1789 [-0.02041401]
1790 [-0.02312254]
1791 [-0.00462352]
1792 [-0.00308502]
1793 [-0.00074747]
1794 [0.00261142]
1795 [0.01125984]
1796 [0.01331333]
1797 [0.0132666]
1798 [0.00875873]
1799 [0.00586687]
1800 [0.00326452]
1801 [-0.00029868]
1802 [0.00031533]
1803 [0.00287948]
1804 [0.00249951]
1805 [0.00369206]
1806 [0.00355575]
1807 [0.00422647]
1808 [0.00168817]
1809 [1.964788e-05]
1810 [0.00191143]
1811 [0.00360383]
1812 [0.00568918]
1813 [0.00651722]
1814 [0.00543362]
1815 [0.00709285]
