[0.01950943] [[0.01535768]] 1.0
[0.0108419] [[0.01812185]] 1.0
[0.0228166] [[0.02787432]] 1.0
[0.01942581] [[0.02951325]] 1.0
[0.01694952] [[0.03190735]] 1.0
[0.02804775] [[0.0308494]] 1.0
[0.02670556] [[0.03478386]] 1.0
[0.02158328] [[0.03824333]] 1.0
[0.02751294] [[0.03940822]] 1.0
[0.03398249] [[0.02602759]] 1.0
[0.02722204] [[0.01289469]] 1.0
[0.02398967] [[0.00083168]] 1.0
[0.02566862] [[0.00397122]] 1.0
[0.02612644] [[0.00813168]] 1.0
[0.02358061] [[-0.00038548]] 0.9333333333333333
[0.0226302] [[0.00635731]] 0.9375
[0.02137675] [[0.01307191]] 0.9411764705882353
[0.02048905] [[0.02252381]] 0.9444444444444444
[0.02175176] [[0.01087162]] 0.9473684210526315
[0.02105144] [[-0.00143672]] 0.9
[0.01848882] [[-0.00494827]] 0.8571428571428571
[0.01545096] [[-0.00535864]] 0.8181818181818182
[0.01695649] [[-0.00585305]] 0.782608695652174
[0.01525937] [[0.00045075]] 0.7916666666666666
[0.0115844] [[0.0145162]] 0.8
[0.01317794] [[0.02919727]] 0.8076923076923077
[0.01402427] [[0.02950675]] 0.8148148148148148
[0.00879599] [[0.02544487]] 0.8214285714285714
[0.00747467] [[0.01992859]] 0.8275862068965517
[0.00358774] [[0.01522852]] 0.8333333333333334
[0.00651953] [[0.00517983]] 0.8387096774193549
[0.01018068] [[-0.00482828]] 0.8125
[0.01976398] [[-0.00479562]] 0.7878787878787878
[0.00963381] [[-0.00492359]] 0.7647058823529411
[0.00479089] [[-0.00398846]] 0.7428571428571429
[0.00464256] [[-0.00732788]] 0.7222222222222222
[0.01741051] [[-0.00329977]] 0.7027027027027027
[0.01654998] [[0.00066397]] 0.7105263157894737
[0.0213713] [[0.01216698]] 0.717948717948718
[0.01780254] [[0.01954543]] 0.725
[0.01806725] [[0.02641618]] 0.7317073170731707
[0.01418784] [[0.02202979]] 0.7380952380952381
[0.01264074] [[0.01689338]] 0.7441860465116279
[0.0194301] [[0.01254998]] 0.75
[0.01066952] [[0.00678669]] 0.7555555555555555
[0.01182905] [[0.00474177]] 0.7608695652173914
[0.02027543] [[0.00213706]] 0.7659574468085106
[0.01328672] [[0.00801763]] 0.7708333333333334
[0.01331237] [[0.01141663]] 0.7755102040816326
[0.01789902] [[0.01435112]] 0.78
[0.01296026] [[0.01032263]] 0.7843137254901961
[0.01372558] [[0.0072174]] 0.7884615384615384
[0.01331897] [[0.00440738]] 0.7924528301886793
[0.00834948] [[0.00597174]] 0.7962962962962963
[0.01184166] [[0.00705305]] 0.8
[0.00989871] [[0.00793293]] 0.8035714285714286
[0.0123563] [[0.0093258]] 0.8070175438596491
[0.01548275] [[0.01737994]] 0.8103448275862069
[0.01540058] [[0.02792752]] 0.8135593220338984
[0.01679736] [[0.04923705]] 0.8166666666666667
[0.01647983] [[0.06201248]] 0.819672131147541
[0.01616508] [[0.07252014]] 0.8225806451612904
[0.01913819] [[0.07022141]] 0.8253968253968254
[0.02208654] [[0.07092123]] 0.828125
[0.01965301] [[0.0690313]] 0.8307692307692308
[0.02077119] [[0.05972557]] 0.8333333333333334
[0.01641053] [[0.04960246]] 0.835820895522388
[0.00557551] [[0.04297285]] 0.8382352941176471
[0.01299559] [[0.05174864]] 0.8405797101449275
[0.00927713] [[0.05709104]] 0.8428571428571429
[0.01008108] [[0.06067104]] 0.8450704225352113
[0.03355188] [[0.07355671]] 0.8472222222222222
[0.01934826] [[0.0634059]] 0.8493150684931506
[0.0163021] [[0.05379545]] 0.8513513513513513
[0.02078053] [[-0.00368986]] 0.84
[0.01705253] [[-0.03675766]] 0.8289473684210527
[0.01504374] [[-0.06863812]] 0.8181818181818182
[0.00488306] [[-0.09439993]] 0.8076923076923077
[-0.01397265] [[-0.11595316]] 0.810126582278481
[-0.02536231] [[-0.14052416]] 0.8125
[-0.04288738] [[-0.10766375]] 0.8148148148148148
[-0.08531029] [[-0.08168036]] 0.8170731707317073
[-0.06976781] [[-0.05396893]] 0.8192771084337349
[-0.07822341] [[-0.05509297]] 0.8214285714285714
[-0.08244501] [[-0.01027416]] 0.8235294117647058
[-0.04833771] [[0.03625103]] 0.813953488372093
[-0.04202995] [[0.06701509]] 0.8045977011494253
[0.00249792] [[0.05756529]] 0.8068181818181818
[0.01671731] [[0.04677335]] 0.8089887640449438
[0.04855581] [[0.05060939]] 0.8111111111111111
[0.0791726] [[0.03791137]] 0.8131868131868132
[0.07619188] [[0.02440743]] 0.8152173913043478
[0.0690034] [[0.00563376]] 0.8172043010752689
[0.06666725] [[0.00626965]] 0.8191489361702128
[0.0656824] [[0.00725966]] 0.8210526315789474
[0.06180102] [[0.00810239]] 0.8229166666666666
[0.05408484] [[0.00275301]] 0.8247422680412371
[0.04828866] [[-0.00221389]] 0.8163265306122449
[0.05067409] [[0.01022273]] 0.8181818181818182
[0.04067414] [[0.02242338]] 0.82
[0.04157245] [[0.03545631]] 0.82
[0.03833696] [[0.03865769]] 0.82
[0.03131031] [[0.04646178]] 0.82
[0.03882789] [[0.05445147]] 0.82
[0.05880698] [[0.04693283]] 0.82
[0.05298137] [[0.04012852]] 0.82
[0.04987319] [[0.03190143]] 0.82
[0.05049504] [[0.01779605]] 0.82
[0.0350337] [[0.00010698]] 0.82
[0.03215266] [[-0.01938896]] 0.81
[0.03300938] [[-0.01684327]] 0.8
[0.01774686] [[-0.02116293]] 0.79
[-0.01800005] [[-0.02533821]] 0.79
[-0.03648294] [[-0.01372028]] 0.79
[-0.02376841] [[0.00426528]] 0.79
[-0.01679246] [[0.02231103]] 0.78
[-0.0055104] [[0.02628631]] 0.77
[0.00322931] [[0.02869043]] 0.77
[-0.01129411] [[0.03002802]] 0.76
[-0.00134886] [[0.03954462]] 0.76
[0.00719397] [[0.04620654]] 0.77
[0.00620442] [[0.05480092]] 0.78
[0.02559616] [[0.05558885]] 0.79
[0.01971759] [[0.05680364]] 0.79
[0.03262404] [[0.05715246]] 0.79
[0.03270734] [[0.04831468]] 0.79
[0.03190918] [[0.04228802]] 0.79
[0.0197007] [[0.03527569]] 0.79
[0.01354567] [[0.03812112]] 0.79
[0.00924483] [[0.05087765]] 0.79
[0.00764637] [[0.06471116]] 0.79
[0.00381441] [[0.06290139]] 0.8
[0.0098932] [[0.05328773]] 0.81
[0.01550412] [[0.0437907]] 0.82
[0.01063774] [[0.01246989]] 0.83
[-0.01444226] [[-0.01751945]] 0.84
[-0.03865635] [[-0.0470418]] 0.85
[-0.05971591] [[-0.04521637]] 0.85
[-0.11539927] [[-0.03770456]] 0.85
[-0.0882609] [[-0.03058817]] 0.85
[-0.05165749] [[-0.00187481]] 0.85
[-0.03152912] [[0.01669194]] 0.84
[0.01431725] [[0.0366352]] 0.84
[0.04549123] [[0.0069817]] 0.84
[0.04273171] [[-0.04975535]] 0.83
[0.05832235] [[-0.10381517]] 0.82
[0.0576624] [[-0.12138079]] 0.81
[0.02244566] [[-0.09758901]] 0.8
[0.01024675] [[-0.07769984]] 0.79
[-0.00507944] [[-0.05358932]] 0.79
[0.01221436] [[-0.03286498]] 0.78
[-0.01462096] [[-0.01620985]] 0.78
[0.01156458] [[-0.02205632]] 0.77
[-0.01585913] [[-0.03236304]] 0.77
[0.04142691] [[-0.03637213]] 0.76
[0.0389225] [[-0.02210763]] 0.75
[0.00294189] [[0.00373484]] 0.75
[-0.00246966] [[0.02942903]] 0.74
[-0.00249002] [[0.04767527]] 0.73
[0.02519025] [[0.04235189]] 0.73
[0.04439784] [[0.03236477]] 0.73
[0.07405841] [[0.02775181]] 0.73
[0.05674907] [[0.03147549]] 0.73
[0.05501378] [[0.03849481]] 0.73
[0.05629347] [[0.03870463]] 0.73
[0.05125792] [[0.03708397]] 0.73
[0.04555403] [[0.03784283]] 0.73
[0.04462098] [[0.03396539]] 0.73
[0.05251426] [[0.03633176]] 0.73
[0.04723722] [[0.03461964]] 0.73
[0.01951625] [[0.02366449]] 0.73
[-0.00052804] [[0.01100935]] 0.72
[-0.02804593] [[-0.0027502]] 0.72
[-0.06781058] [[-0.00410443]] 0.72
[-0.04857086] [[-0.00743471]] 0.73
[-0.06116341] [[-0.01116021]] 0.74
[-0.03249494] [[-0.00349401]] 0.75
[0.00514313] [[0.00791004]] 0.76
[0.01394571] [[0.02666848]] 0.76
[0.01831005] [[0.03318956]] 0.76
[0.02029725] [[0.03077865]] 0.76
[0.02007896] [[0.02904962]] 0.76
[0.02285665] [[0.02716897]] 0.76
[0.0113967] [[0.03115648]] 0.76
[-0.05955635] [[0.03099356]] 0.75
[-0.05639327] [[0.03339601]] 0.75
[-0.01872171] [[0.03394384]] 0.75
[0.00824576] [[0.03939535]] 0.75
[0.02489225] [[0.04920236]] 0.75
[0.03349727] [[0.05976633]] 0.75
[0.04300597] [[0.07070726]] 0.75
[0.04618514] [[0.07587955]] 0.75
[0.0480465] [[0.08303485]] 0.75
[0.05057936] [[0.08589842]] 0.75
[0.05041748] [[0.07570582]] 0.75
[0.05184858] [[0.07347796]] 0.75
[0.0461255] [[0.07493502]] 0.75
[0.03677911] [[0.09353127]] 0.76
[0.03802027] [[0.10638675]] 0.76
[0.03898735] [[0.11988011]] 0.76
[0.05084609] [[0.1167051]] 0.76
[0.05273394] [[0.0942406]] 0.76
[0.06385875] [[0.06851724]] 0.76
[0.07605544] [[0.03319924]] 0.76
[0.07114349] [[0.01276935]] 0.76
[0.07476567] [[-0.0116499]] 0.75
[0.06461681] [[0.0185001]] 0.75
[0.04051893] [[0.0591051]] 0.75
[0.03905937] [[0.09735642]] 0.75
[0.04432422] [[0.11901893]] 0.76
[0.10788532] [[0.14583671]] 0.77
[0.11881621] [[0.17642162]] 0.78
[0.11452432] [[0.18427651]] 0.78
[0.12223697] [[0.14072321]] 0.78
[0.17565216] [[0.11379005]] 0.79
[0.08545069] [[0.07045147]] 0.8
[0.08813126] [[0.04720351]] 0.81
[0.04495884] [[0.01602444]] 0.81
[0.06284784] [[-0.01009972]] 0.81
[0.04648537] [[0.01513462]] 0.82
[0.05050891] [[0.02701784]] 0.82
[0.09156706] [[0.07957601]] 0.82
[0.09834957] [[0.08366196]] 0.82
[0.13500962] [[0.09411334]] 0.82
[0.13136917] [[0.12218151]] 0.82
[0.13014583] [[0.1228029]] 0.82
[0.15937538] [[0.12456842]] 0.82
[0.08066347] [[0.09159905]] 0.82
[0.07028052] [[0.09627051]] 0.82
[0.07981382] [[0.10357408]] 0.82
[0.07747809] [[0.04675549]] 0.82
[0.07492568] [[0.02165488]] 0.82
[0.07708481] [[-0.01102966]] 0.81
[0.06374702] [[-0.02570836]] 0.8
[0.04742327] [[-0.06903677]] 0.79
[0.0221745] [[-0.11130456]] 0.78
[0.0394344] [[-0.08983251]] 0.77
[0.02835373] [[-0.06589209]] 0.76
[0.03560901] [[-0.036325]] 0.75
[0.01431101] [[-0.00075741]] 0.74
[0.06528689] [[0.03318937]] 0.74
[0.06480572] [[0.06030206]] 0.75
[0.00137356] [[0.04710704]] 0.75
[-0.0364657] [[0.01663258]] 0.74
[-0.03806216] [[-0.00912162]] 0.75
[-0.15920946] [[-0.02567753]] 0.76
[-0.11606129] [[-0.02866668]] 0.77
[-0.12718493] [[-0.03272705]] 0.78
[-0.12664598] [[-0.03056514]] 0.79
[-0.0470626] [[-0.02058746]] 0.79
[-0.02886704] [[-0.01505182]] 0.8
[0.0024978] [[-0.00354812]] 0.79
[0.0165179] [[-0.0016535]] 0.79
[0.03626624] [[0.00692681]] 0.79
[0.06992764] [[0.01276746]] 0.8
[0.04416063] [[0.01093191]] 0.81
[0.02308697] [[0.01346742]] 0.81
[0.04260745] [[0.00294005]] 0.82
[0.01938845] [[-0.01095267]] 0.82
[0.00039249] [[-0.03221535]] 0.81
[-0.00023923] [[-0.04462015]] 0.81
[-0.01849267] [[-0.03784376]] 0.81
[-0.03294208] [[-0.03062517]] 0.81
[-0.01897922] [[-0.04630213]] 0.81
[-0.05130687] [[-0.0648185]] 0.81
[-0.00610207] [[-0.08187574]] 0.81
[-0.03657354] [[-0.05804426]] 0.81
[-0.00104086] [[-0.03755031]] 0.81
[-0.02185183] [[-0.01549846]] 0.81
[0.00395689] [[0.03086471]] 0.81
[-0.00701184] [[0.09380519]] 0.8
[-0.0078096] [[0.15626346]] 0.8
[0.00287804] [[0.14088317]] 0.8
[-0.02844167] [[0.10267648]] 0.79
[0.0059066] [[0.06330405]] 0.79
[0.01273438] [[0.03491635]] 0.79
[-0.02162948] [[0.01526206]] 0.78
[0.02037586] [[-0.0066583]] 0.77
[-0.00670985] [[-0.00481585]] 0.77
[-0.00077989] [[0.01701831]] 0.76
[-0.01751069] [[0.03903701]] 0.75
[-0.01946266] [[0.0426465]] 0.74
[-0.0135979] [[0.02368872]] 0.73
[0.0378199] [[0.00430333]] 0.73
[-0.0182992] [[0.03272728]] 0.73
[0.0234378] [[0.05694183]] 0.74
[0.02895571] [[0.07768135]] 0.75
[0.06636687] [[0.09586697]] 0.75
[0.10728413] [[0.10871663]] 0.75
[0.13873853] [[0.12343647]] 0.75
[0.11148151] [[0.10144883]] 0.75
[0.09238143] [[0.10566206]] 0.75
[0.07582504] [[0.11570318]] 0.75
[0.09915326] [[0.14720833]] 0.75
[0.12790145] [[0.16580115]] 0.75
[0.12501599] [[0.17834453]] 0.75
[0.16845216] [[0.17739304]] 0.75
[0.18479735] [[0.14327952]] 0.75
[0.20391169] [[0.10252596]] 0.75
[0.15646592] [[0.03154613]] 0.75
[0.09473111] [[-0.00478385]] 0.74
[0.07385886] [[-0.03591411]] 0.73
[0.07579713] [[-0.03610369]] 0.72
[0.07711043] [[-0.00887097]] 0.71
[0.07232091] [[0.01702647]] 0.71
[0.04100011] [[0.03813336]] 0.72
[0.05129527] [[0.04547627]] 0.72
[0.03841438] [[0.05496373]] 0.72
[0.12717947] [[0.07052635]] 0.72
[0.11891355] [[0.06508216]] 0.72
[0.11746623] [[0.057125]] 0.72
[0.10821218] [[0.06355859]] 0.72
[0.135639] [[0.0612143]] 0.72
[0.12397867] [[0.06040066]] 0.72
[0.10054882] [[0.01238946]] 0.72
[0.11159118] [[-0.00740271]] 0.71
[0.04538114] [[-0.03428798]] 0.7
[0.08484267] [[-0.03185835]] 0.69
[0.06373195] [[-0.03910183]] 0.69
[0.07011065] [[-0.04132006]] 0.68
[0.01479648] [[-0.02807878]] 0.67
[0.003603] [[-0.02633859]] 0.66
[-0.0127226] [[-0.0217235]] 0.66
[-0.01989019] [[-0.0542321]] 0.66
[-0.09896058] [[-0.08641273]] 0.66
[0.03178104] [[-0.12244051]] 0.65
[-0.01990958] [[-0.11051356]] 0.65
[-0.08492617] [[-0.08748762]] 0.65
[-0.04614898] [[-0.06263483]] 0.65
[-0.0071356] [[-0.04086004]] 0.65
[-0.00288599] [[0.0047477]] 0.64
[0.06921969] [[0.05245689]] 0.64
[0.10392167] [[0.04881173]] 0.65
[0.01759367] [[0.02365652]] 0.66
[-0.01683069] [[0.00013508]] 0.66
[-0.03120001] [[0.00526662]] 0.66
[-0.01068204] [[0.00123894]] 0.66
[0.00206793] [[-0.00317554]] 0.66
[0.00065162] [[0.01855931]] 0.67
[0.01643839] [[0.03710526]] 0.68
[0.02470601] [[0.05241067]] 0.68
[0.05151214] [[0.04593542]] 0.68
[0.0406829] [[0.04731178]] 0.68
[0.03676623] [[0.05106144]] 0.69
[0.04603487] [[0.03594345]] 0.69
[0.03163356] [[0.02421138]] 0.69
[0.02461241] [[0.01146399]] 0.69
[0.01734874] [[0.01166006]] 0.69
[0.01219604] [[0.01435254]] 0.69
[-0.01956974] [[0.01673707]] 0.68
[0.02154082] [[0.03637135]] 0.68
[0.02150892] [[0.04678984]] 0.69
[0.03106187] [[0.05804215]] 0.7
[0.05571701] [[0.08383558]] 0.7
[0.05741902] [[0.10970891]] 0.7
[0.06612792] [[0.13873382]] 0.7
[0.07048187] [[0.13243176]] 0.7
[-0.02557226] [[0.1277706]] 0.69
[-0.15027705] [[0.11839405]] 0.69
[-0.06409147] [[0.0835241]] 0.69
[0.09182107] [[0.05483522]] 0.69
[0.09772494] [[0.02521841]] 0.69
[0.08668796] [[0.02957642]] 0.69
[0.09470104] [[0.03038042]] 0.69
[0.07076627] [[0.0359815]] 0.69
[0.06119558] [[0.02260237]] 0.69
[0.07472526] [[0.00714504]] 0.69
[0.06859171] [[-0.01076496]] 0.68
[0.04329942] [[-0.01693676]] 0.67
[0.02852228] [[-0.00102117]] 0.66
[0.01931989] [[0.01315707]] 0.67
[0.00805571] [[0.05145694]] 0.68
[0.00934998] [[0.07034097]] 0.68
[0.02070985] [[0.09368559]] 0.69
[0.03602088] [[0.12011382]] 0.69
[0.0483118] [[0.13806252]] 0.69
[0.05823653] [[0.14962445]] 0.7
[0.06476817] [[0.11963728]] 0.71
[0.10028154] [[0.08707864]] 0.71
[0.12739708] [[0.05448847]] 0.72
[0.08294857] [[0.02930104]] 0.73
[0.04822776] [[-0.01433282]] 0.73
[0.02697017] [[-0.05722112]] 0.73
[0.00923577] [[-0.09962979]] 0.72
[0.00643521] [[-0.09190404]] 0.72
[-0.11947578] [[-0.08491718]] 0.72
[-0.00149726] [[-0.03398505]] 0.72
[0.05181989] [[0.01872869]] 0.72
[0.09232724] [[0.07410067]] 0.72
[0.10723741] [[0.13011856]] 0.72
[0.12210144] [[0.14170239]] 0.72
[0.12983784] [[0.15122657]] 0.72
[0.17342953] [[0.11142282]] 0.72
[0.20050573] [[0.07997641]] 0.72
[0.21654175] [[0.04462999]] 0.72
[0.19244578] [[0.03495421]] 0.72
[0.14915362] [[0.0420701]] 0.72
[0.09764531] [[0.05215896]] 0.72
[-0.00863251] [[0.08819433]] 0.71
[-0.04329482] [[0.1163021]] 0.7
[-0.04370708] [[0.14396865]] 0.7
[0.02485979] [[0.14986477]] 0.71
[0.01772382] [[0.1614632]] 0.72
[-0.00673849] [[0.1711248]] 0.72
[-0.03448553] [[0.15796927]] 0.71
[-0.02987657] [[0.13959366]] 0.7
[-0.00259391] [[0.12417664]] 0.69
[0.07765925] [[0.16245809]] 0.69
[0.0985885] [[0.24977243]] 0.69
[0.12741622] [[0.34072304]] 0.69
[0.3668277] [[0.35354359]] 0.69
[0.17038642] [[0.30484618]] 0.69
[0.3118618] [[0.24924558]] 0.69
[0.20842116] [[0.24552632]] 0.69
[0.1337704] [[0.17898485]] 0.69
[0.19135894] [[0.08395599]] 0.7
[-0.04909061] [[0.06121812]] 0.7
[0.05386951] [[0.17650942]] 0.71
[0.1582317] [[0.30567156]] 0.72
[0.15840748] [[0.25866658]] 0.73
[0.23254795] [[0.157916]] 0.74
[0.18862173] [[0.08146184]] 0.75
[0.17132822] [[0.00712706]] 0.75
[0.13915789] [[-0.10343522]] 0.74
[0.11452439] [[-0.24158435]] 0.73
[-0.00403964] [[-0.30732684]] 0.74
[-0.0594034] [[-0.28989895]] 0.74
[0.31398463] [[-0.24980638]] 0.73
[-0.06529779] [[-0.15588857]] 0.73
[0.10373698] [[-0.09745051]] 0.72
[-0.06105794] [[-0.01615318]] 0.73
[-0.11847341] [[-0.02034537]] 0.73
[-0.12120278] [[-0.0043892]] 0.73
[-0.04564213] [[-0.01067926]] 0.73
[-0.14778726] [[-0.00802592]] 0.74
[-0.04975777] [[0.00233075]] 0.74
[0.06270432] [[0.01432798]] 0.75
[0.05507648] [[0.08243274]] 0.76
[-0.03106292] [[0.11742641]] 0.75
[-0.02854758] [[0.1517317]] 0.74
[0.21442327] [[0.09224089]] 0.74
[0.05663024] [[0.03940263]] 0.74
[0.06315494] [[-0.00725717]] 0.73
[0.0278921] [[-0.04966587]] 0.72
[0.00296347] [[-0.08411425]] 0.71
[-0.01667952] [[-0.11810145]] 0.71
[-0.07926687] [[-0.08666776]] 0.71
[-0.07021761] [[-0.05574151]] 0.71
[-0.04922754] [[-0.02978246]] 0.71
[-0.03057631] [[-0.03703515]] 0.72
[-0.02944128] [[-0.05259979]] 0.72
[0.09128719] [[-0.0651071]] 0.71
[-0.04870073] [[-0.05270098]] 0.71
[-0.05196472] [[-0.0538191]] 0.71
[-0.03621561] [[-0.05038482]] 0.71
[-0.03337766] [[-0.04340221]] 0.71
[-0.01839627] [[-0.02054412]] 0.71
[0.00104201] [[0.00288973]] 0.72
[-0.00390571] [[-0.02128463]] 0.73
[0.00377998] [[-0.02084153]] 0.73
[0.00847383] [[-0.02443819]] 0.72
[-0.02674481] [[-0.00083903]] 0.72
[-0.02526951] [[-0.01361968]] 0.72
[-0.03706351] [[-0.02736421]] 0.72
[-0.05079289] [[-0.0513543]] 0.72
[-0.06490338] [[-0.06994734]] 0.72
[-0.09882212] [[-0.08606802]] 0.72
[-0.08111411] [[-0.09325111]] 0.73
[-0.07461667] [[-0.09959945]] 0.74
[-0.08077005] [[-0.10326664]] 0.75
[-0.08292649] [[-0.0791849]] 0.75
[-0.06519199] [[-0.04847039]] 0.75
[-0.07846613] [[-0.02180394]] 0.75
[-0.06244677] [[-0.01356814]] 0.75
[-0.05924437] [[0.00865808]] 0.74
[-0.04784067] [[0.02888976]] 0.73
[-0.05378035] [[0.03704501]] 0.72
[-0.03426092] [[0.03282901]] 0.71
[-0.04483699] [[0.03437081]] 0.7
[-0.02097561] [[0.04966603]] 0.69
[-0.02244493] [[0.06640509]] 0.68
[0.0042515] [[0.08840854]] 0.69
[-0.00215609] [[0.10378571]] 0.69
[-0.02167835] [[0.10532345]] 0.69
[-0.04218657] [[0.09428992]] 0.69
[0.02430533] [[0.05122501]] 0.69
[-0.01483266] [[0.0126067]] 0.68
[-0.00409315] [[-0.02488911]] 0.68
[-0.07568046] [[-0.04393438]] 0.68
[-0.0873789] [[-0.04954166]] 0.68
[-0.0841933] [[-0.04989593]] 0.68
[-0.03476056] [[-0.02272635]] 0.68
[-0.00189363] [[0.00530945]] 0.67
[0.03420326] [[0.03015653]] 0.67
[0.02100593] [[0.04737421]] 0.67
[0.02311766] [[0.05287779]] 0.67
[0.04074826] [[0.06209336]] 0.67
[0.02407188] [[0.04551953]] 0.67
[0.00775703] [[0.01245346]] 0.68
[-8.11331e-05] [[-0.02811231]] 0.69
[-0.00541873] [[-0.0791361]] 0.7
[-0.00705106] [[-0.12312099]] 0.7
[0.02179455] [[-0.17282508]] 0.69
[0.02330504] [[-0.16017013]] 0.69
[-0.03028062] [[-0.11353871]] 0.7
[-0.10405055] [[-0.06732877]] 0.71
[-0.10306682] [[-0.04961471]] 0.72
[-0.00822023] [[-0.03439956]] 0.72
[0.03901386] [[-0.02883459]] 0.71
[0.03272831] [[-0.03411755]] 0.7
[-0.00054184] [[-0.04295267]] 0.7
[-0.03209177] [[-0.04200101]] 0.7
[-0.0042191] [[-0.01211289]] 0.7
[0.01895303] [[0.00331361]] 0.7
[0.03515615] [[0.01836092]] 0.7
[0.05620048] [[0.01632096]] 0.7
[0.06939062] [[0.0167282]] 0.71
[0.06129539] [[0.00812726]] 0.71
[0.03487394] [[-0.01556731]] 0.7
[0.000932] [[-0.03109953]] 0.69
[-0.0504642] [[-0.04256386]] 0.69
[-0.0327041] [[-0.05468921]] 0.69
[0.00663116] [[-0.07010117]] 0.68
[-0.00294555] [[-0.08203721]] 0.69
[-0.04055124] [[-0.06512233]] 0.7
[-0.0516025] [[-0.0459114]] 0.7
[-0.05744109] [[-0.02962523]] 0.7
[-0.03887701] [[-0.01698502]] 0.71
[-0.02457296] [[-0.01353224]] 0.71
[-0.01470115] [[-0.01007332]] 0.72
[-0.00274652] [[-0.00968067]] 0.72
[0.00511147] [[-0.01593047]] 0.71
[0.00922717] [[-0.02226213]] 0.7
[0.01600124] [[-0.02151682]] 0.69
[0.01582517] [[0.01263982]] 0.69
[0.01006107] [[0.04979784]] 0.7
[0.00715848] [[0.06683094]] 0.7
[0.0134815] [[0.07315364]] 0.7
[0.01814863] [[0.07718902]] 0.71
[0.01723055] [[0.07864431]] 0.72
[0.02175357] [[0.05510187]] 0.72
[0.02187128] [[0.03018974]] 0.72
[-0.00844647] [[0.02735631]] 0.72
[-0.03503754] [[0.03048799]] 0.72
[-0.03459406] [[0.03662626]] 0.72
[-0.01563451] [[0.03981066]] 0.71
[0.01140129] [[0.05699535]] 0.71
[0.04091689] [[0.07417821]] 0.71
[0.07015382] [[0.06285787]] 0.71
[0.10646792] [[0.04020268]] 0.71
[0.06436023] [[0.01178712]] 0.71
[0.02876207] [[0.01205311]] 0.72
[-0.00147922] [[0.00210743]] 0.71
[-0.02758934] [[-0.00660255]] 0.71
[-0.02843502] [[-0.01648504]] 0.71
[-0.05857681] [[0.00398316]] 0.7
[-0.07758352] [[0.03413002]] 0.69
[-0.04355526] [[0.04597981]] 0.68
[-0.00404226] [[0.03891703]] 0.67
[-0.00760536] [[0.02815102]] 0.67
[0.00049286] [[0.01776355]] 0.68
[0.00524928] [[0.00196208]] 0.68
[-0.00068124] [[-0.01876456]] 0.68
[-0.00581715] [[-0.05170575]] 0.68
[-0.02370201] [[-0.07181958]] 0.68
[-0.0596428] [[-0.08897536]] 0.68
[-0.07518487] [[-0.07080565]] 0.68
[-0.06219073] [[-0.05925902]] 0.68
[-0.03257349] [[-0.04900743]] 0.68
[-0.00854607] [[-0.04223493]] 0.68
[-0.00884104] [[-0.02973576]] 0.68
[-0.00242575] [[-0.01679914]] 0.68
[-0.00783221] [[-0.01246457]] 0.68
[-0.00319167] [[-0.01013108]] 0.68
[0.00524611] [[-0.00711667]] 0.68
[0.00579154] [[-0.01489882]] 0.68
[0.01192239] [[-0.02513307]] 0.68
[0.01693933] [[-0.03547392]] 0.68
[0.00279354] [[-0.04687859]] 0.68
[0.00145118] [[-0.05197889]] 0.68
[-0.00059896] [[-0.05755913]] 0.69
[-0.00519054] [[-0.03813666]] 0.69
[-0.03330319] [[-0.02378952]] 0.7
[-0.04104079] [[-0.0085803]] 0.71
[-0.03463095] [[-0.00327465]] 0.72
[-0.01508052] [[0.00518656]] 0.71
[-0.00604588] [[0.01379877]] 0.71
[0.00198952] [[0.01111615]] 0.71
[0.00641408] [[0.01002311]] 0.71
[0.00337872] [[0.00879697]] 0.71
[0.00069507] [[0.01034669]] 0.71
[0.00635534] [[0.00597602]] 0.71
[0.00477642] [[0.00162622]] 0.72
[0.00613209] [[-0.01351305]] 0.71
[0.00471571] [[-0.02634703]] 0.7
[-0.00157967] [[-0.03954537]] 0.7
[0.0002036] [[-0.05240977]] 0.69
[0.00328621] [[-0.05851907]] 0.68
[-0.00351042] [[-0.06515101]] 0.68
[-0.01918911] [[-0.04333476]] 0.68
[-0.00540652] [[-0.0323264]] 0.68
[-0.01245083] [[-0.02169432]] 0.68
[-0.0066601] [[-0.00843981]] 0.69
[-0.0106271] [[0.00111787]] 0.69
[-0.01516602] [[0.01245513]] 0.68
[-0.02084824] [[0.00028559]] 0.67
[-0.02896871] [[-0.00748525]] 0.67
[-0.01884699] [[-0.01532229]] 0.67
[-0.01917095] [[-0.02308513]] 0.68
[-0.01944323] [[-0.02757409]] 0.69
[-0.04139026] [[-0.03711765]] 0.69
[-0.04481308] [[-0.03077866]] 0.69
[-0.01987808] [[-0.02515426]] 0.69
[-0.01305858] [[-0.00917853]] 0.69
[-0.00405513] [[-0.00037843]] 0.69
[0.00600246] [[0.01044624]] 0.69
[0.01088276] [[0.02113533]] 0.69
[0.00804719] [[0.02828333]] 0.69
[-0.01022618] [[0.03786605]] 0.69
[0.01334309] [[0.03313907]] 0.7
[0.04332303] [[0.02735495]] 0.7
[-0.00345287] [[0.01844246]] 0.69
[0.01594001] [[0.01329682]] 0.7
[0.00342599] [[0.00660353]] 0.7
[-0.01604367] [[-0.00460185]] 0.7
[-0.01239576] [[-0.01005677]] 0.7
[-0.02450933] [[-0.01654207]] 0.7
[-0.02998053] [[-0.02385763]] 0.7
[-0.05206021] [[-0.03257577]] 0.7
[-0.04015371] [[-0.02451735]] 0.7
[-0.03743919] [[0.00052784]] 0.69
[-0.03538184] [[0.03608617]] 0.69
[-0.00322556] [[0.06474313]] 0.69
[0.00973459] [[0.08305257]] 0.7
[0.00387961] [[0.08819013]] 0.7
[4.202177e-05] [[0.0816934]] 0.7
[0.00904096] [[0.07144165]] 0.7
[0.00945123] [[0.05319348]] 0.7
[0.00050052] [[0.05220628]] 0.7
[0.00970823] [[0.05218408]] 0.7
[0.00679584] [[0.05950403]] 0.7
[0.00572415] [[0.05655141]] 0.7
[0.02785847] [[0.04979005]] 0.71
[0.0499653] [[0.04731426]] 0.72
[0.04993067] [[0.01866872]] 0.73
[0.03040551] [[-0.01228353]] 0.73
[0.02773871] [[-0.03516825]] 0.72
[0.03256863] [[-0.04691042]] 0.71
[0.08561168] [[-0.05451174]] 0.7
[0.03222887] [[-0.07592117]] 0.69
[0.02994404] [[-0.07865884]] 0.68
[0.05554712] [[-0.06849854]] 0.67
[-0.04170536] [[-0.06064009]] 0.68
[-0.03026662] [[-0.06238373]] 0.68
[-0.02161151] [[-0.06879422]] 0.68
[-0.03579189] [[-0.06778939]] 0.69
[-0.05978381] [[-0.06004841]] 0.7
[-0.06042747] [[-0.0559782]] 0.71
[-0.05514209] [[-0.04638069]] 0.72
[-0.05112123] [[-0.03013521]] 0.73
[-0.02832104] [[-0.01466659]] 0.73
[-0.02045415] [[0.0022907]] 0.72
[-0.00841348] [[0.00645945]] 0.71
[0.01412723] [[0.00907579]] 0.71
[0.01339948] [[0.01007037]] 0.71
[0.02651291] [[0.00764345]] 0.71
[0.02700949] [[0.01141555]] 0.71
[0.01340364] [[0.00706221]] 0.71
[0.01783729] [[0.00858331]] 0.71
[0.01636636] [[0.01032451]] 0.71
[0.01178521] [[0.01474389]] 0.71
[0.00672749] [[0.0187071]] 0.71
[0.0049001] [[0.02058743]] 0.71
[0.00549849] [[0.03007697]] 0.71
[0.0120551] [[0.03162251]] 0.72
[0.01247883] [[0.02826231]] 0.73
[0.00996221] [[0.01893666]] 0.74
[0.02063626] [[0.02201146]] 0.75
[0.0308319] [[0.02256754]] 0.76
[0.03766803] [[0.02113992]] 0.77
[0.03452102] [[0.01391494]] 0.77
[0.04272398] [[-0.00407591]] 0.76
[0.03744186] [[-0.02045526]] 0.75
[0.01844708] [[-0.04584366]] 0.74
[0.00435009] [[-0.0565416]] 0.73
[-0.00686662] [[-0.06957671]] 0.74
[-0.02592752] [[-0.07000447]] 0.75
[-0.02808142] [[-0.05127701]] 0.75
[-0.00624505] [[-0.03042517]] 0.75
[-0.02319606] [[-0.00536779]] 0.75
[-0.02370489] [[0.00505486]] 0.74
[-0.00954727] [[0.01709632]] 0.73
[0.01919468] [[0.01629372]] 0.73
[0.0304474] [[0.01079218]] 0.74
[0.01854167] [[0.00378914]] 0.75
[0.02367872] [[-0.00106472]] 0.74
[0.00853205] [[0.00227598]] 0.75
[0.00589492] [[0.00787914]] 0.76
[0.00499065] [[0.01801042]] 0.76
[0.01031324] [[0.02276741]] 0.76
[0.00857246] [[0.02311248]] 0.76
[0.01026985] [[0.01627348]] 0.76
[0.01065247] [[0.00399168]] 0.76
[0.00807709] [[-0.00386187]] 0.76
[0.00691727] [[-0.0090332]] 0.76
[0.00951066] [[-0.00675007]] 0.76
[0.01534028] [[-0.00429306]] 0.75
[0.01600925] [[0.00179457]] 0.75
[0.01719506] [[0.00134584]] 0.75
[0.0121471] [[-0.00414205]] 0.74
[0.00438891] [[-0.00586741]] 0.73
[-0.02116209] [[-0.0045505]] 0.73
[-0.03016729] [[-0.00071125]] 0.73
[-0.02958431] [[0.00015892]] 0.72
[-0.05275834] [[0.00408034]] 0.71
[-0.02432536] [[0.00873811]] 0.7
[0.01788112] [[-0.00066019]] 0.69
[0.01188188] [[-0.01299354]] 0.68
[-0.004825] [[-0.02560374]] 0.69
[-0.01784647] [[-0.02567888]] 0.69
[-0.02612679] [[-0.0216616]] 0.69
[-0.0250809] [[-0.01365374]] 0.7
[-0.02367691] [[0.00394854]] 0.69
[-0.02136656] [[0.01621893]] 0.68
[-0.01169812] [[0.02348401]] 0.67
[-0.00532633] [[0.01953401]] 0.66
[0.00154904] [[0.01381574]] 0.66
[-0.00390763] [[0.00457117]] 0.65
[-0.0023937] [[-0.00341623]] 0.65
[-0.00399064] [[-0.0069212]] 0.65
[0.00032275] [[-0.00489857]] 0.65
[-0.00057945] [[-0.00235004]] 0.66
[0.00337013] [[-0.00250167]] 0.66
[0.00359887] [[-0.00321892]] 0.65
[-0.00595801] [[-0.00538336]] 0.65
[-0.00856862] [[-0.00881133]] 0.65
[-0.00879918] [[-0.01233545]] 0.65
[-0.00931596] [[-0.01311169]] 0.65
[-0.01111447] [[-0.01003233]] 0.65
[-0.01165171] [[-0.00699851]] 0.65
[-0.01036731] [[-0.00343577]] 0.65
[-0.00910334] [[0.00177985]] 0.64
[-0.00758195] [[0.00699058]] 0.63
[-0.00695852] [[0.01178556]] 0.62
[-8.364022e-05] [[0.01098202]] 0.61
[0.00329181] [[0.00886338]] 0.62
[0.00704093] [[0.00405305]] 0.63
[0.00850237] [[7.60408879e-05]] 0.64
[0.00902197] [[-0.00203267]] 0.64
[0.01837669] [[-0.00653051]] 0.64
[0.01462375] [[-0.01322254]] 0.64
[0.0034757] [[-0.03105707]] 0.64
[-0.0092445] [[-0.04788494]] 0.64
[-0.01740873] [[-0.06082082]] 0.64
[-0.02725933] [[-0.06353516]] 0.64
[0.00233496] [[-0.06932597]] 0.63
[-0.00796209] [[-0.08622962]] 0.63
[-0.01693267] [[-0.09751728]] 0.63
[-0.04842084] [[-0.09752318]] 0.63
[-0.02059327] [[-0.09116959]] 0.63
[-0.02172625] [[-0.09003133]] 0.63
[-0.01462318] [[-0.10115882]] 0.64
[-0.0328051] [[-0.08852039]] 0.65
[-0.07690714] [[-0.07521993]] 0.65
[-0.09283225] [[-0.04867048]] 0.65
[-0.07720144] [[-0.03061148]] 0.65
[-0.02752277] [[-0.01456698]] 0.65
[-0.03349411] [[0.00449351]] 0.64
[-0.00275541] [[0.01216925]] 0.63
[0.01477289] [[0.02336365]] 0.63
[0.00907249] [[0.01193192]] 0.63
[0.01044162] [[-0.00525823]] 0.62
[0.00396599] [[-0.0282731]] 0.61
[-0.00434058] [[-0.04304541]] 0.61
[-0.00987659] [[-0.05143619]] 0.61
[-0.02249229] [[-0.0552843]] 0.61
[-0.04824314] [[-0.04781926]] 0.61
[-0.06076532] [[-0.03998994]] 0.61
[-0.07780313] [[-0.03100647]] 0.61
[-0.06257761] [[-0.01988437]] 0.61
[-0.0341864] [[-0.01283789]] 0.61
[-0.02597144] [[-0.00956661]] 0.62
[-0.02850557] [[-0.01620471]] 0.63
[-0.02989011] [[-0.01312848]] 0.64
[-0.0245735] [[-0.00374889]] 0.65
[-0.01469603] [[0.0147399]] 0.64
[-0.00991721] [[0.03710607]] 0.63
[-0.00094537] [[0.05973999]] 0.62
[0.01103774] [[0.06805697]] 0.62
[0.02996752] [[0.06970444]] 0.62
[0.0699589] [[0.0592152]] 0.63
[0.06439829] [[0.03936267]] 0.64
[0.03926687] [[0.01074882]] 0.64
[0.02276713] [[-0.01660019]] 0.63
[-0.0150322] [[-0.02448856]] 0.63
[-0.01742789] [[-0.02352813]] 0.64
[-0.03474122] [[-0.02197509]] 0.64
[-0.01858212] [[-0.01533072]] 0.64
[0.02367748] [[-0.01316761]] 0.63
[0.04309304] [[-0.00347033]] 0.62
[0.0053759] [[0.00222978]] 0.62
[0.003454] [[0.00158812]] 0.62
[-0.00488016] [[0.00476837]] 0.61
[0.00270891] [[0.00511472]] 0.62
[-0.01819816] [[0.02086012]] 0.62
[-0.00842359] [[0.02546959]] 0.62
[-0.04868607] [[0.02854637]] 0.62
[-0.09852977] [[0.01580725]] 0.61
[0.02110181] [[-0.00252899]] 0.6
[-0.0023944] [[-0.02374549]] 0.61
[-0.00945683] [[-0.04424977]] 0.62
[-0.03332266] [[-0.05844367]] 0.62
[-0.05216184] [[-0.06415357]] 0.62
[-0.06886831] [[-0.05295849]] 0.63
[-0.0425911] [[-0.02989096]] 0.64
[-0.02734802] [[-0.01174862]] 0.65
[-0.0279747] [[0.00262015]] 0.65
[-0.03847817] [[0.01216959]] 0.65
[-0.01442189] [[0.00717414]] 0.64
[-0.0322287] [[-0.00077499]] 0.64
[-0.04562149] [[-0.00937811]] 0.64
[-0.0032021] [[-0.00753702]] 0.64
[-0.00564664] [[-0.00846258]] 0.65
[-0.01877501] [[-0.01242114]] 0.66
[-0.01968304] [[-0.00855787]] 0.67
[0.00507111] [[-0.00360299]] 0.67
[0.0052348] [[-0.00419664]] 0.66
[-0.00520357] [[-0.01178411]] 0.67
[-9.513763e-05] [[-0.01737683]] 0.67
[-0.00871411] [[-0.01724186]] 0.67
[-0.01763668] [[-0.01526033]] 0.68
[-0.02263814] [[-0.0124724]] 0.68
[-0.02339765] [[-0.0062199]] 0.69
[-0.01805913] [[-0.00043969]] 0.7
[-0.00635526] [[0.00153885]] 0.69
[0.00301419] [[-0.00047726]] 0.68
[0.01636451] [[-0.00527341]] 0.67
[0.02250989] [[0.00148902]] 0.67
[0.02633435] [[0.01178809]] 0.67
[0.01286594] [[0.02467097]] 0.67
[0.01132073] [[0.02544117]] 0.67
[-0.00581114] [[0.02709438]] 0.67
[-0.00987146] [[0.02740117]] 0.67
[-0.00816116] [[0.01770449]] 0.67
[-0.00948928] [[0.00476844]] 0.67
[-0.00490367] [[-0.00851316]] 0.67
[-0.00265305] [[-0.00377659]] 0.67
[-0.00409341] [[0.01160192]] 0.66
[-0.00152621] [[0.0290425]] 0.66
[0.00192322] [[0.0446477]] 0.67
[0.01077905] [[0.04695699]] 0.68
[0.01331236] [[0.0496887]] 0.69
[0.01198898] [[0.05418012]] 0.69
[0.01607278] [[0.03226363]] 0.69
[0.0286192] [[0.01153709]] 0.69
[-0.00139075] [[-0.01759032]] 0.7
[-0.02641208] [[-0.01610279]] 0.7
[-0.03274807] [[-0.0186577]] 0.7
[-0.03161518] [[-0.02568172]] 0.7
[-0.02048987] [[-0.01766786]] 0.7
[-0.00257998] [[-0.01315052]] 0.7
[0.00498937] [[-0.0033689]] 0.69
[0.00355521] [[-0.00460508]] 0.68
[-0.00193219] [[-0.00166889]] 0.68
[-0.00050111] [[0.00565825]] 0.67
[-0.00135814] [[0.00591565]] 0.66
[-0.00776536] [[0.01117183]] 0.65
[-0.00010309] [[0.01820068]] 0.65
[0.01159505] [[0.0165616]] 0.66
[0.01531833] [[0.0107954]] 0.66
[0.01631742] [[0.00073842]] 0.66
[0.01424052] [[0.00073972]] 0.67
[0.00907015] [[-0.00062933]] 0.67
[-0.00087065] [[0.00377818]] 0.66
[-0.00248445] [[0.00856535]] 0.65
[0.00504632] [[0.01415313]] 0.65
[0.01036253] [[0.01712096]] 0.65
[0.00817026] [[0.01980918]] 0.65
[0.01033402] [[0.01747174]] 0.65
[0.00497568] [[0.00964079]] 0.65
[0.00391454] [[0.00249752]] 0.65
[0.0123154] [[-0.00019769]] 0.64
[0.02983314] [[-0.00342001]] 0.63
[0.00670281] [[-0.00870846]] 0.62
[-0.00108548] [[-0.00611428]] 0.62
[0.00530764] [[-0.00058751]] 0.62
[-0.00704344] [[0.00833097]] 0.62
[0.01056997] [[0.01115585]] 0.63
[0.01628005] [[0.01756974]] 0.63
[0.01280039] [[0.02186179]] 0.63
[0.01788569] [[0.05286389]] 0.63
[0.02725887] [[0.08515419]] 0.63
[0.03199431] [[0.11082272]] 0.63
[0.0748276] [[0.11464779]] 0.64
[0.05669537] [[0.11643579]] 0.64
[0.12379503] [[0.12658075]] 0.64
[0.0859201] [[0.10287603]] 0.64
[0.05196241] [[0.07041515]] 0.64
[0.06451119] [[0.04298977]] 0.65
[0.04303788] [[0.02651635]] 0.66
[0.01039613] [[0.01805747]] 0.66
[-0.00600335] [[-0.00421733]] 0.66
[-0.00765464] [[-0.00947036]] 0.67
[-0.0125607] [[-0.01633284]] 0.67
[-0.0055061] [[-0.01584489]] 0.68
[-0.00060082] [[-0.00289799]] 0.69
[0.00832927] [[0.0116273]] 0.7
[-0.00076528] [[0.0251616]] 0.7
[0.0099367] [[0.02384126]] 0.71
[0.03762121] [[0.02556975]] 0.71
[0.0137654] [[0.02412059]] 0.71
[0.01167598] [[0.02997139]] 0.71
[0.01546462] [[0.02640358]] 0.71
[0.01482828] [[0.01558902]] 0.71
[0.01229779] [[0.00249894]] 0.71
[0.00958566] [[-0.00416683]] 0.7
[0.00714942] [[-0.00395656]] 0.7
[0.00513533] [[-0.01403981]] 0.7
[-0.00018897] [[-0.02068413]] 0.71
[-0.00344768] [[-0.01191868]] 0.71
[-0.00091434] [[0.00260814]] 0.7
[-0.00485417] [[0.02451931]] 0.69
[0.00647938] [[0.03812536]] 0.69
[0.01982533] [[0.04957386]] 0.69
[0.01900413] [[0.04792636]] 0.69
[0.0819228] [[0.04408114]] 0.7
[0.09251764] [[0.04665459]] 0.71
[0.04334456] [[0.04886708]] 0.71
[0.03303648] [[0.05281901]] 0.71
[0.0524838] [[0.08372304]] 0.71
[0.05383189] [[0.10879396]] 0.71
[0.04585359] [[0.1552616]] 0.71
[0.11256723] [[0.17452215]] 0.71
[0.06850383] [[0.20052309]] 0.71
[0.04951802] [[0.18632077]] 0.72
[0.09559441] [[0.12138145]] 0.73
[0.07152183] [[0.06353605]] 0.74
[0.03464784] [[0.02505372]] 0.74
[-0.00080869] [[0.02172204]] 0.73
[0.00868459] [[0.00415877]] 0.73
[-0.00637629] [[-0.015852]] 0.73
[0.00177608] [[0.00011474]] 0.74
[0.01849422] [[0.0313915]] 0.75
[0.02870914] [[0.03550879]] 0.76
[0.01647256] [[0.04182898]] 0.77
[0.01536655] [[0.04386835]] 0.77
[0.0370455] [[0.08201965]] 0.77
[0.04775201] [[0.08460286]] 0.78
[0.05015254] [[0.06804142]] 0.79
[0.05148868] [[0.04832494]] 0.79
[0.02511532] [[0.01773562]] 0.79
[0.02143461] [[0.00826536]] 0.79
[0.00507131] [[-0.02540217]] 0.78
[-0.00953288] [[-0.05014099]] 0.78
[-0.04259269] [[-0.06286075]] 0.78
[-0.04354346] [[-0.06612349]] 0.78
[-0.05338043] [[-0.05230149]] 0.78
[-0.05086454] [[-0.06157206]] 0.78
[-0.0364705] [[-0.05415917]] 0.78
[-0.04596914] [[-0.02754863]] 0.78
[-0.01734029] [[-0.00050983]] 0.78
[0.01397834] [[0.0229483]] 0.79
[0.04937493] [[0.0187649]] 0.8
[0.05659917] [[0.03333372]] 0.8
[0.12451798] [[0.05035612]] 0.81
[0.08277231] [[0.06448352]] 0.82
[0.10800438] [[0.07466625]] 0.83
[0.11218904] [[0.06791686]] 0.84
[0.08204486] [[0.07155891]] 0.84
[0.04649002] [[0.06184563]] 0.84
[0.05244896] [[0.07080067]] 0.84
[0.07173946] [[0.08261605]] 0.84
[0.0785199] [[0.09370486]] 0.85
[0.03248373] [[0.1084982]] 0.86
[0.04918196] [[0.12603032]] 0.87
[0.05807247] [[0.16646944]] 0.87
[0.07201001] [[0.14212837]] 0.87
[0.09973019] [[0.12148673]] 0.87
[0.08585595] [[0.07240483]] 0.87
[0.05636873] [[0.0476827]] 0.87
[0.05167781] [[-0.00748578]] 0.86
[0.05220402] [[-0.07005565]] 0.86
[-0.01815809] [[-0.04831292]] 0.87
[-0.02313158] [[-0.04903458]] 0.88
[-0.04005674] [[-0.02509262]] 0.88
[-0.03352253] [[-0.03253738]] 0.89
[0.00280585] [[0.00931537]] 0.9
[0.05880777] [[0.06145505]] 0.9
[0.03486505] [[0.06464606]] 0.9
[0.04187518] [[0.06463386]] 0.9
[0.04009848] [[0.04085348]] 0.9
[0.01065534] [[0.04049704]] 0.9
[-0.00385557] [[0.01868679]] 0.89
[-0.01608662] [[-0.03482187]] 0.89
[-0.03119511] [[-0.08144222]] 0.89
[-0.06060978] [[-0.13444262]] 0.89
[-0.08059447] [[-0.12137346]] 0.89
[-0.0998556] [[-0.10752182]] 0.89
[-0.11117101] [[-0.06967702]] 0.89
[-0.04276833] [[-0.02651887]] 0.89
[-0.02180224] [[-0.01025284]] 0.89
[0.01482011] [[0.02199267]] 0.89
[0.02769588] [[0.01451869]] 0.89
[0.05050934] [[0.00395436]] 0.89
[0.07207635] [[-0.02231139]] 0.88
[0.08916177] [[-0.03854572]] 0.87
[0.04551653] [[-0.04138768]] 0.86
[0.0664835] [[-0.04201527]] 0.86
[0.05111659] [[-0.03149823]] 0.85
[0.01709158] [[-0.01841423]] 0.84
[-0.01486516] [[-0.00434251]] 0.84
[0.01768922] [[0.00826342]] 0.84
[0.0248033] [[0.02604974]] 0.84
[0.06305326] [[0.04364539]] 0.84
[0.07382568] [[0.05944598]] 0.84
[0.07837112] [[0.07435566]] 0.85
[0.06988204] [[0.07450122]] 0.86
[0.02789169] [[0.07527006]] 0.87
[0.05920286] [[0.06599378]] 0.87
[0.04849057] [[0.06033975]] 0.87
[-0.0027811] [[0.04013063]] 0.87
[0.04709359] [[0.0154344]] 0.88
[0.01856421] [[1.93244497e-05]] 0.88
[0.01302456] [[-0.01946833]] 0.87
[0.01136619] [[-0.04483625]] 0.86
[0.00346189] [[-0.06710803]] 0.85
[0.01134205] [[-0.06675698]] 0.84
[-0.00122374] [[-0.05900804]] 0.84
[0.10055745] [[-0.054891]] 0.83
[0.02846893] [[-0.03943564]] 0.82
[-0.03941301] [[-0.00447518]] 0.82
[-0.03473461] [[0.01021068]] 0.81
[0.00685831] [[0.00506227]] 0.81
[0.00580091] [[-0.00358974]] 0.8
[-0.00333566] [[-0.00363004]] 0.8
[-0.00925386] [[-0.01243215]] 0.8
[-0.01562883] [[-0.0226499]] 0.8
[-0.01855775] [[-0.01932632]] 0.8
[-0.01553046] [[-0.01274563]] 0.81
[-0.01175065] [[-0.02179735]] 0.81
[-0.01244824] [[-0.03260066]] 0.81
[-0.01449645] [[-0.03545356]] 0.81
[-0.02655508] [[-0.02953237]] 0.81
[-0.03358103] [[-0.01559477]] 0.81
[-0.00219159] [[0.00877082]] 0.8
[0.04555054] [[0.03574578]] 0.8
[0.05987161] [[0.04728769]] 0.8
[0.05613923] [[0.04355834]] 0.8
[0.05105123] [[0.03623582]] 0.8
[0.04314556] [[0.0212313]] 0.8
[0.02881152] [[0.00609778]] 0.8
[0.001255] [[-0.01088406]] 0.79
[-0.00937428] [[-0.01688229]] 0.8
[-0.02045006] [[-0.0113692]] 0.8
[-0.04021394] [[-0.00632605]] 0.8
[-0.0209967] [[-0.00095807]] 0.8
[-0.02586365] [[-0.00253644]] 0.8
[0.01466586] [[0.00180386]] 0.8
[-0.00148866] [[0.00308574]] 0.79
[-0.03209996] [[-0.00109083]] 0.79
[-0.03589917] [[-0.00517471]] 0.79
[-0.03050209] [[-0.00872099]] 0.79
[-0.02306734] [[-0.00965329]] 0.79
[-0.01611802] [[-0.01174762]] 0.79
[-0.01335924] [[-0.01682794]] 0.79
[-0.0171176] [[-0.03779667]] 0.79
[-0.01896278] [[-0.06451831]] 0.79
[-0.01972241] [[-0.09075035]] 0.79
[-0.01706056] [[-0.09364139]] 0.79
[-0.0103057] [[-0.09319958]] 0.79
[-0.01487817] [[-0.08511153]] 0.79
[-0.05568174] [[-0.0608356]] 0.79
[-0.02127023] [[-0.03373389]] 0.79
[-0.01903186] [[-0.00050017]] 0.79
[-0.00267835] [[0.00452406]] 0.78
[-0.01142042] [[0.00516673]] 0.77
[-0.03332383] [[0.00107032]] 0.76
[-0.03312089] [[-0.0067674]] 0.76
[-0.01823433] [[-0.00724786]] 0.76
[-0.00690978] [[-0.01165598]] 0.76
[0.00611342] [[0.00077543]] 0.77
[0.01060713] [[0.00941831]] 0.78
[0.01276943] [[0.01450146]] 0.78
[0.0104631] [[0.01588945]] 0.78
[0.02006145] [[0.01025356]] 0.78
[0.03202809] [[0.01101507]] 0.78
[0.02739195] [[-0.00310425]] 0.77
[0.01540067] [[-0.01367999]] 0.76
[-0.00020001] [[-0.01931425]] 0.76
[-0.0049683] [[-0.0182242]] 0.76
[-0.00094006] [[-0.01406922]] 0.76
[0.00087632] [[-0.01300216]] 0.75
[-0.00438995] [[-0.00630178]] 0.76
[-0.00795292] [[-0.00061831]] 0.76
[-0.00631892] [[-0.00853754]] 0.76
[-0.0054517] [[-0.01816128]] 0.76
[-0.00487051] [[-0.00700233]] 0.76
[-0.00334528] [[0.02042739]] 0.75
[-0.00525799] [[0.05420067]] 0.74
[-0.01482862] [[0.06655163]] 0.73
[-0.04061699] [[0.08954762]] 0.72
[0.01793809] [[0.09903119]] 0.72
[0.11313073] [[0.08534828]] 0.72
[0.09719829] [[0.0450881]] 0.72
[0.07021903] [[0.0045552]] 0.73
[0.03703138] [[-0.00546372]] 0.73
[0.02514837] [[-0.00556238]] 0.73
[-0.0142738] [[0.00235896]] 0.73
[-0.00207004] [[0.0065721]] 0.73
[-0.0034644] [[0.0059533]] 0.73
[0.00125427] [[-0.00803648]] 0.72
[-0.01503478] [[-0.02023653]] 0.72
[-0.02681787] [[-0.02704419]] 0.72
[-0.0279224] [[-0.02741223]] 0.72
[-0.00910263] [[-0.02986676]] 0.72
[-0.00158806] [[-0.0309697]] 0.72
[-0.02115204] [[-0.02220099]] 0.72
[-0.01858795] [[-0.01864851]] 0.72
[-0.0044748] [[-0.0208428]] 0.72
[-0.00376665] [[-0.02258154]] 0.72
[-0.00987424] [[-0.02842438]] 0.73
[-0.00732388] [[-0.03054747]] 0.73
[-0.01217177] [[-0.03781523]] 0.73
[-0.02845761] [[-0.0423649]] 0.74
[-0.04138117] [[-0.05358155]] 0.75
[-0.0361017] [[-0.06588269]] 0.76
[-0.05444906] [[-0.07444423]] 0.77
[-0.05489321] [[-0.07249596]] 0.77
[-0.05699212] [[-0.06928847]] 0.78
[-0.0812014] [[-0.04247179]] 0.79
[-0.04691193] [[-0.01709034]] 0.79
[0.00964746] [[0.00882247]] 0.8
[0.00318649] [[0.02191234]] 0.8
[0.0051492] [[0.02404299]] 0.81
[0.00994336] [[0.01921002]] 0.81
[0.01151659] [[0.00344807]] 0.81
[0.0123823] [[-0.00579073]] 0.8
[0.01612602] [[-0.01492141]] 0.79
[0.01057753] [[-0.01099014]] 0.78
[0.01029483] [[-0.00483234]] 0.77
[0.00048392] [[0.00544866]] 0.77
[0.00170558] [[0.00633363]] 0.77
[0.0018211] [[0.00504994]] 0.77
[-0.00457742] [[-0.00229007]] 0.77
[-0.01121306] [[-0.00977943]] 0.78
[-0.01251866] [[-0.01511786]] 0.78
[-0.00734479] [[-0.02005772]] 0.78
[-0.00055562] [[-0.01758311]] 0.78
[-0.00360463] [[-0.019446]] 0.78
[-0.00701848] [[-0.02209647]] 0.78
[-0.00387557] [[-0.01617411]] 0.78
[-0.0024083] [[-0.01165442]] 0.79
[-0.00202062] [[0.0022903]] 0.78
[0.00645128] [[0.00106269]] 0.78
[0.01635332] [[0.01591405]] 0.78
[0.03271814] [[0.02823973]] 0.78
[0.03205664] [[0.02752409]] 0.78
[-0.01122055] [[0.01562351]] 0.77
[0.00607101] [[0.00028096]] 0.78
[-0.0052894] [[0.0034116]] 0.77
[-0.0125377] [[-0.00253679]] 0.77
[-0.00611642] [[-0.00116337]] 0.77
[0.00690454] [[-0.00415144]] 0.76
[0.01188255] [[0.00017587]] 0.76
[0.00844849] [[-0.00163392]] 0.75
[0.00734028] [[-0.00753379]] 0.74
[0.00083023] [[-0.00644955]] 0.73
[-0.00061928] [[-0.00700022]] 0.73
[0.00135844] [[0.00272115]] 0.73
[-0.00363374] [[0.01572144]] 0.72
[-0.00450317] [[0.03912826]] 0.71
[0.00342755] [[0.06051316]] 0.71
[0.02762225] [[0.05745904]] 0.71
[0.04535664] [[0.05374803]] 0.71
[0.05454989] [[0.04467454]] 0.72
[0.03890702] [[0.04350929]] 0.73
[0.01800731] [[0.02353853]] 0.74
[0.01159102] [[0.02670409]] 0.74
[0.00140674] [[0.0400934]] 0.74
[0.00373876] [[0.05423625]] 0.74
[0.00790911] [[0.05627871]] 0.74
[0.07587109] [[0.05112207]] 0.74
[0.00252517] [[0.05372692]] 0.74
[0.02531378] [[0.02693138]] 0.74
[0.02497997] [[0.00690208]] 0.74
[0.04055677] [[-0.00857028]] 0.73
[-3.883522e-05] [[-0.01552185]] 0.74
[-0.00838861] [[-0.02421299]] 0.75
[-0.00302527] [[-0.03118584]] 0.75
[0.01202929] [[-0.02029978]] 0.74
[0.00131022] [[-0.00552549]] 0.73
[-0.01728546] [[0.01992392]] 0.73
[-0.01085277] [[0.04142124]] 0.72
[0.00399953] [[0.06193018]] 0.72
[0.02323569] [[0.06776701]] 0.72
[0.0280183] [[0.06551347]] 0.72
[0.04363566] [[0.05086191]] 0.72
[0.04455654] [[0.02283711]] 0.73
[-0.0017089] [[0.00182166]] 0.73
[-0.01967371] [[-0.00533167]] 0.74
[-0.01614324] [[0.0096387]] 0.74
[0.00523252] [[0.02188047]] 0.74
[0.01224538] [[0.03214567]] 0.74
[0.03843207] [[0.04344079]] 0.74
[0.06611681] [[0.04767901]] 0.74
[0.05182638] [[0.04897603]] 0.75
[0.04730691] [[0.04058539]] 0.76
[0.03979485] [[0.03525652]] 0.77
[0.03649621] [[0.030659]] 0.78
[0.02730745] [[0.01312843]] 0.79
[0.00655866] [[0.0056933]] 0.8
[-0.00372571] [[-0.01449466]] 0.8
[-0.01008322] [[-0.01255234]] 0.8
[0.00551655] [[-0.02615366]] 0.79
[0.0046573] [[-0.02964265]] 0.78
[0.00982532] [[-0.03030355]] 0.77
[0.02476034] [[-0.02357599]] 0.76
[0.03236421] [[-0.0036498]] 0.75
[0.02778486] [[-0.00960255]] 0.74
[0.02867261] [[-0.01022554]] 0.73
[0.02188185] [[-0.03206665]] 0.72
[0.00967825] [[-0.03994589]] 0.71
[-0.0018066] [[-0.05268476]] 0.71
[-0.02226749] [[-0.0640093]] 0.71
[-0.02749868] [[-0.0588657]] 0.71
[-0.03186704] [[-0.04721261]] 0.71
[-0.01076891] [[-0.02091816]] 0.71
[-0.00504594] [[-0.00841746]] 0.71
[-0.00055855] [[0.0049273]] 0.7
[0.0157653] [[0.01660826]] 0.7
[0.01775629] [[0.01727836]] 0.7
[0.01479547] [[-0.00481044]] 0.69
[0.00756884] [[-0.03060272]] 0.68
[-0.00500354] [[-0.04502343]] 0.68
[-0.0363103] [[-0.04843667]] 0.68
[-0.05521742] [[-0.10739381]] 0.68
[-0.12874311] [[-0.14636676]] 0.69
[-0.1256471] [[-0.17524876]] 0.7
[-0.19933678] [[-0.14436241]] 0.71
[-0.13649593] [[-0.13639289]] 0.72
[-0.02972164] [[-0.12991742]] 0.72
[-0.03795078] [[-0.07844484]] 0.72
[-0.08101238] [[-0.02314999]] 0.72
[-0.08066171] [[0.03684778]] 0.71
[-0.12183477] [[0.0421001]] 0.7
[-0.01267343] [[0.04523233]] 0.69
[-0.01242484] [[0.04717355]] 0.68
[0.03911964] [[0.05612163]] 0.68
[0.0362131] [[0.05199345]] 0.68
[0.02743079] [[0.04139758]] 0.68
[0.02530437] [[0.02077644]] 0.68
[0.00593292] [[0.01969255]] 0.68
[-0.03629481] [[1.41563392e-05]] 0.68
[-0.05651133] [[-0.00975596]] 0.68
[-0.09564566] [[-0.02323714]] 0.68
[-0.06019248] [[-0.01414804]] 0.68
[-0.08518057] [[0.00113162]] 0.67
[-0.07403771] [[0.01547937]] 0.67
[-0.00791817] [[0.03617287]] 0.66
[0.00161283] [[0.03459653]] 0.67
[0.01598962] [[0.04301341]] 0.67
[0.03401602] [[0.03460697]] 0.67
[0.04434214] [[0.03749734]] 0.68
[0.04618236] [[0.03061399]] 0.68
[0.04217719] [[0.02125957]] 0.69
[0.03770547] [[0.01342443]] 0.7
[0.02429416] [[-0.00654154]] 0.7
[0.00843553] [[-0.0139252]] 0.69
[-0.03227491] [[-0.0307181]] 0.69
[-0.01630817] [[-0.04110985]] 0.7
[-0.05870613] [[-0.02960302]] 0.71
[-0.01655077] [[-0.0089176]] 0.71
[-0.0190467] [[0.02336747]] 0.7
[-0.01262542] [[0.02414317]] 0.69
[0.02498607] [[0.0185087]] 0.69
[0.02794278] [[0.01383567]] 0.69
[-0.00697355] [[0.006049]] 0.68
[-0.00619275] [[0.01854097]] 0.67
[0.01266248] [[0.01944058]] 0.67
[-0.01689629] [[0.02997386]] 0.66
[0.00947771] [[0.03996775]] 0.66
[-0.00182202] [[0.05550197]] 0.65
[0.03641181] [[0.06009456]] 0.65
[0.03772066] [[0.07242364]] 0.65
[0.04072084] [[0.07878965]] 0.65
[0.04791236] [[0.09983176]] 0.66
[0.09426369] [[0.09895023]] 0.66
[0.07789616] [[0.09784134]] 0.66
[0.09429388] [[0.0900226]] 0.66
[0.07466573] [[0.06252357]] 0.67
[0.04654662] [[0.04741594]] 0.68
[0.03144721] [[0.0483088]] 0.69
[0.02069018] [[0.06296516]] 0.7
[0.01134889] [[0.06310019]] 0.7
[0.02518642] [[0.0314156]] 0.7
[0.00911123] [[0.00178563]] 0.7
[0.01166037] [[-0.02061445]] 0.69
[0.01720349] [[-0.03405449]] 0.68
[-0.00781773] [[-0.02574491]] 0.69
[-0.0089431] [[-0.02301331]] 0.69
[-0.0162963] [[0.00909646]] 0.69
[-0.00760143] [[0.03534976]] 0.68
[0.0279167] [[0.06358222]] 0.68
[0.03900385] [[0.05912261]] 0.68
[0.0383248] [[0.02659988]] 0.68
[0.0533751] [[-0.00107094]] 0.67
[0.02895514] [[-0.0173658]] 0.66
[-0.03413452] [[-0.02250486]] 0.66
[-0.05431056] [[-0.04077646]] 0.66
[-0.04707371] [[-0.05680533]] 0.66
[-0.04275635] [[-0.05923599]] 0.66
[-0.01795479] [[-0.0319667]] 0.66
[-0.00388906] [[-0.00279353]] 0.66
[0.01920384] [[0.01734893]] 0.67
[0.02439572] [[0.03509155]] 0.68
[0.03086077] [[0.03797442]] 0.69
[0.05834753] [[0.05917595]] 0.7
[0.06819863] [[0.04450608]] 0.71
[0.045656] [[0.03389569]] 0.72
[0.03945477] [[0.01486042]] 0.73
[0.02686583] [[0.00717276]] 0.74
[0.00163037] [[0.0095992]] 0.75
[0.01934872] [[-0.00568849]] 0.74
[-0.02039622] [[0.00048417]] 0.73
[0.04022393] [[-0.00135175]] 0.72
[0.00664617] [[0.00813414]] 0.72
[-0.05510577] [[-0.00208932]] 0.72
[0.00524492] [[-0.00800999]] 0.71
[0.0524445] [[-0.01539345]] 0.71
[0.03267436] [[-0.01801194]] 0.7
[0.01442288] [[-0.02022088]] 0.69
[-0.0063883] [[-0.0209077]] 0.7
[-0.00434809] [[-0.00961608]] 0.71
[-0.00734643] [[-0.00487507]] 0.71
[-0.00555377] [[-0.0014969]] 0.71
[0.00132198] [[-0.00392588]] 0.7
[0.00992072] [[-0.00493427]] 0.69
[0.01051982] [[0.00088469]] 0.69
[0.01617815] [[0.00336214]] 0.69
[0.00842452] [[0.00413063]] 0.69
[0.00857021] [[7.17070848e-05]] 0.69
[0.01197171] [[-0.00675369]] 0.68
[0.00499475] [[-0.01012414]] 0.67
[-0.00092849] [[-0.01979282]] 0.68
[-0.01252382] [[-0.02377724]] 0.69
[-0.01654818] [[-0.02070258]] 0.7
[-0.02233754] [[-0.01034345]] 0.71
[-0.02853487] [[-0.00372125]] 0.71
[-0.0219819] [[-4.81191198e-05]] 0.71
[-0.02817219] [[9.47086805e-05]] 0.7
[-0.02664373] [[-0.00041517]] 0.7
[-0.01709177] [[0.00208454]] 0.69
[-0.02013608] [[0.00239025]] 0.69
[-0.0054369] [[0.01009205]] 0.68
[0.00447683] [[0.00924]] 0.68
[0.01019775] [[0.01159803]] 0.68
[0.01900449] [[0.00802174]] 0.69
[0.01642727] [[0.00426367]] 0.7
[0.0115044] [[0.00128625]] 0.71
[0.00783282] [[-0.00443225]] 0.7
[-0.00039434] [[-0.00433298]] 0.7
[-0.00498044] [[-0.00684765]] 0.7
[-0.00429919] [[-0.00500114]] 0.7
[-0.0036969] [[-0.0063648]] 0.7
[-0.0035396] [[-0.00400297]] 0.7
[-0.00089243] [[-0.00414169]] 0.7
[0.0026954] [[0.00149907]] 0.71
[-0.00128116] [[0.00915053]] 0.71
[0.00117664] [[0.01898289]] 0.71
[0.00795368] [[0.02222235]] 0.71
[0.0073507] [[0.02344048]] 0.71
[0.00527895] [[0.02874957]] 0.71
[0.00706539] [[0.05102384]] 0.72
[0.00749602] [[0.06791732]] 0.73
[0.01561787] [[0.08197564]] 0.73
[0.0286217] [[0.08121946]] 0.73
[0.05340853] [[0.08593352]] 0.74
[0.08714596] [[0.09307173]] 0.75
[0.08206692] [[0.064791]] 0.75
[0.07774498] [[0.04042467]] 0.76
[0.05629195] [[0.00791345]] 0.76
[0.02467683] [[0.01888105]] 0.77
[0.02349093] [[0.02117841]] 0.77
[0.01987106] [[0.01550444]] 0.77
[0.00603031] [[0.01633701]] 0.77
[-0.00336708] [[0.01648773]] 0.76
[-0.00489854] [[0.03262768]] 0.75
[-0.00770277] [[0.01400463]] 0.74
[-0.00369665] [[0.00252275]] 0.73
[0.00091597] [[-0.0069494]] 0.72
[0.00201859] [[-0.00038139]] 0.71
[0.00392089] [[0.0066354]] 0.71
[0.0074238] [[0.00391672]] 0.71
[0.00792557] [[0.02008567]] 0.71
[0.00829152] [[0.02390748]] 0.71
[0.00307894] [[0.02282277]] 0.71
[0.00527191] [[0.00809235]] 0.72
[0.01009358] [[-0.00550346]] 0.72
[-0.00470279] [[-0.0088975]] 0.72
[-0.00876351] [[-0.02200932]] 0.72
[-0.02046606] [[-0.01916553]] 0.73
[-0.00758409] [[-0.02177228]] 0.74
[-0.02277027] [[-0.01743184]] 0.74
[-0.01162238] [[-0.0175922]] 0.74
[-0.01106757] [[-0.01315056]] 0.74
[0.00871257] [[-0.00881203]] 0.74
[0.0083205] [[-0.00589388]] 0.74
[0.01833619] [[0.00143047]] 0.74
[0.01541833] [[0.01088755]] 0.74
[0.01991091] [[0.01301313]] 0.74
[0.04479091] [[-0.0116084]] 0.73
[0.02349554] [[-0.03307837]] 0.72
[0.0018305] [[-0.057245]] 0.71
[-0.00150243] [[-0.05917647]] 0.71
[-0.0195288] [[-0.06593584]] 0.71
[0.04404832] [[-0.06100776]] 0.7
[-0.03653387] [[-0.03972678]] 0.7
[-0.01805283] [[-0.01921733]] 0.7
[-0.01246006] [[0.00229496]] 0.69
[-0.00619008] [[0.00441509]] 0.68
[0.00174515] [[0.00558143]] 0.68
[0.00466018] [[0.01015045]] 0.68
[0.00493269] [[0.0154555]] 0.69
[0.00915893] [[0.02429443]] 0.7
[0.00990813] [[0.02402219]] 0.71
[0.02288407] [[0.02291144]] 0.71
[-0.0003405] [[0.02472804]] 0.7
[0.01544427] [[0.02046894]] 0.71
[0.01678735] [[0.00889665]] 0.72
[0.01883843] [[-0.00739907]] 0.72
[0.0167619] [[-0.02108015]] 0.72
[0.01009707] [[-0.0188894]] 0.71
[-0.00242343] [[-0.01860854]] 0.71
[-0.00507063] [[-0.01104261]] 0.71
[0.0026816] [[-0.00333857]] 0.7
[-0.00057072] [[0.00457987]] 0.7
[-0.00191891] [[0.0162755]] 0.7
[0.01349676] [[0.01183414]] 0.7
[0.01334913] [[0.0084242]] 0.7
[0.0143783] [[-0.00267033]] 0.69
[0.00382182] [[-0.00650535]] 0.68
[-0.00058514] [[-0.00564853]] 0.69
[-0.00613912] [[-0.00419637]] 0.7
[0.00321389] [[-0.00366015]] 0.69
[-0.00264109] [[-0.00272768]] 0.69
[-0.01265821] [[0.00366088]] 0.68
[-0.00657625] [[0.01475304]] 0.67
[-0.02498871] [[0.02418387]] 0.66
[-0.00610931] [[0.02811393]] 0.65
[-0.00968705] [[0.03505475]] 0.65
[0.0151609] [[0.03716027]] 0.65
[0.02176992] [[0.03553985]] 0.66
[0.01504091] [[0.02734453]] 0.67
[0.02118599] [[0.01561401]] 0.68
[0.00221868] [[0.00723868]] 0.68
[0.00376566] [[-0.000268]] 0.67
[-0.0401258] [[0.00444294]] 0.66
[0.00452372] [[0.01212163]] 0.66
[-0.00363157] [[0.03277911]] 0.65
[0.01851822] [[0.05286644]] 0.66
[0.03883386] [[0.0693611]] 0.66
[0.03704108] [[0.07494171]] 0.66
[0.05067399] [[0.07020942]] 0.66
[0.01627665] [[0.06490623]] 0.66
[0.04843226] [[0.05157968]] 0.66
[0.03971432] [[0.03584314]] 0.66
[0.07053754] [[0.02538741]] 0.66
[0.03552213] [[0.01939705]] 0.67
[0.00763986] [[0.02677027]] 0.67
[0.02064122] [[0.0292862]] 0.67
[-0.00431168] [[0.02135121]] 0.66
[0.031643] [[0.02079102]] 0.66
[0.06254648] [[0.02118933]] 0.66
[0.04169401] [[0.05446202]] 0.66
[0.05354884] [[0.07089637]] 0.66
[0.06012042] [[0.07642144]] 0.66
[0.05864856] [[0.07456302]] 0.66
[0.06731872] [[0.06708038]] 0.66
[0.06822953] [[0.0680496]] 0.66
[0.07948126] [[0.0395613]] 0.66
[0.06541207] [[0.02971703]] 0.66
[0.05073489] [[0.03432692]] 0.66
[0.05748477] [[0.04090905]] 0.66
[0.04854676] [[0.03988352]] 0.66
[0.05413902] [[0.03849187]] 0.66
[0.06750316] [[0.05847534]] 0.67
[0.05572553] [[0.0712447]] 0.68
[0.06334922] [[0.07244894]] 0.69
[0.05171942] [[0.08158082]] 0.7
[0.06746756] [[0.0983056]] 0.71
[0.07562555] [[0.09981155]] 0.72
[0.08336543] [[0.07049]] 0.72
[0.06420258] [[0.05020747]] 0.72
[0.0503453] [[0.03885446]] 0.72
[0.0426295] [[0.00969313]] 0.72
[0.05221046] [[-0.02784037]] 0.71
[0.04454986] [[-0.04824918]] 0.7
[0.05544552] [[-0.03090751]] 0.7
[0.05153125] [[-0.00449761]] 0.69
[0.02931563] [[0.0047355]] 0.69
[0.05228548] [[0.03306007]] 0.69
[0.05090016] [[0.05441486]] 0.69
[0.07903112] [[0.06477951]] 0.69
[0.07811375] [[0.05124881]] 0.69
[0.08554314] [[0.01897437]] 0.69
[0.0636783] [[0.01221773]] 0.7
[0.02516151] [[-0.0097244]] 0.7
[0.01108707] [[-0.0156541]] 0.69
[0.01167115] [[-0.02423816]] 0.68
[0.01470306] [[-0.02666038]] 0.67
[0.01102989] [[-0.02324461]] 0.67
[-0.00333136] [[-0.01860633]] 0.68
[0.03398235] [[0.00395401]] 0.69
[0.01677705] [[0.01929777]] 0.69
[0.00697455] [[0.05145505]] 0.69
[0.04398965] [[0.09066438]] 0.7
[0.05596795] [[0.12704066]] 0.7
[0.08212085] [[0.14216528]] 0.7
[0.08684397] [[0.13168535]] 0.71
[0.02997392] [[0.11709179]] 0.72
[0.01423377] [[0.09348467]] 0.72
[0.0501927] [[0.05668892]] 0.72
[0.008742] [[0.03093912]] 0.72
[0.03201614] [[0.01607532]] 0.72
[0.03873887] [[0.03909363]] 0.72
[0.03069086] [[0.064984]] 0.72
[0.09098834] [[0.08582151]] 0.73
[0.09504868] [[0.09839321]] 0.73
[0.11817779] [[0.11762902]] 0.73
[0.1264173] [[0.13026075]] 0.74
[0.12518525] [[0.1166595]] 0.75
[0.12024119] [[0.11852877]] 0.76
[0.10097294] [[0.13108574]] 0.76
[0.08297592] [[0.14352896]] 0.76
[0.08324786] [[0.137565]] 0.77
[0.10503042] [[0.15454204]] 0.78
[0.10703526] [[0.20216641]] 0.79
[0.12188747] [[0.231149]] 0.79
[0.13963865] [[0.22357627]] 0.79
[0.14282438] [[0.19269149]] 0.8
[0.10058089] [[0.1332925]] 0.81
[-0.0171405] [[0.04403729]] 0.8
[0.05062494] [[-0.03139842]] 0.79
[0.03993439] [[-0.05858038]] 0.79
[0.03231337] [[-0.06265385]] 0.78
[0.02085559] [[-0.06200481]] 0.78
[-0.07347557] [[-0.0461208]] 0.79
[0.03626301] [[0.0057717]] 0.8
[0.05001324] [[0.01174555]] 0.81
[0.0337389] [[-0.01760196]] 0.81
[0.03025884] [[-0.07888521]] 0.8
[-0.05351879] [[-0.09014833]] 0.8
[-0.07241742] [[-0.09119572]] 0.8
[-0.085132] [[-0.07929941]] 0.8
[-0.00787657] [[-0.08468204]] 0.8
[-0.06052139] [[-0.07860537]] 0.81
[-0.02616987] [[-0.04990589]] 0.82
[-0.05689104] [[-0.01987313]] 0.82
[-0.03016737] [[0.01445143]] 0.82
[0.00673161] [[0.02920341]] 0.82
[0.02294651] [[0.03191795]] 0.82
[0.02635843] [[0.02351133]] 0.82
[0.03249267] [[0.04098309]] 0.82
[0.03877577] [[0.05940803]] 0.82
[0.03784528] [[0.06663997]] 0.82
[0.04172485] [[0.05773032]] 0.82
[0.05302506] [[0.06600315]] 0.82
[0.0696841] [[0.07848264]] 0.82
[0.05159888] [[0.10892841]] 0.82
[0.08900469] [[0.11392544]] 0.82
[0.06079131] [[0.11803465]] 0.83
[0.07036971] [[0.11015298]] 0.83
[0.12492651] [[0.10809383]] 0.83
[0.13510764] [[0.11462323]] 0.83
[0.10438594] [[0.08702156]] 0.83
[0.06922868] [[0.05598617]] 0.83
[0.04741434] [[0.03617955]] 0.83
[0.08917104] [[0.04299277]] 0.83
[0.07405031] [[0.05588258]] 0.83
[0.06789517] [[0.0780818]] 0.83
[0.06874064] [[0.09286011]] 0.83
[0.08322745] [[0.11779259]] 0.83
[0.12860495] [[0.10065554]] 0.83
[0.12891568] [[0.05501095]] 0.83
[0.11395975] [[0.00373563]] 0.83
[-0.00349624] [[-0.06953697]] 0.83
[-0.06023438] [[-0.10146073]] 0.83
[-0.10569648] [[-0.15581148]] 0.83
[-0.10114994] [[-0.15455271]] 0.83
[-0.09953766] [[-0.10295483]] 0.83
[-0.10315904] [[-0.05468985]] 0.83
[-0.09396128] [[0.01093618]] 0.82
[-0.02997861] [[0.01723458]] 0.81
[0.01926909] [[0.04171902]] 0.81
[0.01743839] [[0.04249354]] 0.81
[0.02992237] [[0.03926278]] 0.82
[0.05059225] [[0.04339142]] 0.83
[0.02407407] [[0.04490772]] 0.84
[0.04567851] [[0.07036057]] 0.85
[0.00617239] [[0.09098621]] 0.85
[0.03827138] [[0.10650749]] 0.85
[0.03973805] [[0.10979094]] 0.85
[0.04133774] [[0.09589961]] 0.85
[0.07057015] [[0.06455817]] 0.85
[0.0822224] [[0.03076577]] 0.85
[0.05919335] [[0.01032092]] 0.85
[0.05973404] [[0.00853988]] 0.86
[0.06615339] [[-0.00565645]] 0.86
[0.06836141] [[-0.01327245]] 0.86
[0.05640108] [[-0.00882812]] 0.86
[0.0512258] [[-0.00689753]] 0.86
[0.04310898] [[-0.01781227]] 0.85
[0.02397189] [[-0.03840018]] 0.84
[0.03714905] [[-0.04969364]] 0.83
[-0.04540321] [[-0.04376533]] 0.83
[-0.04336339] [[-0.03346335]] 0.83
[-0.03889599] [[-0.00928341]] 0.83
[-0.03826681] [[0.01035523]] 0.82
[-0.04212561] [[0.03742459]] 0.81
[-0.04299851] [[0.05805089]] 0.8
[-0.09924272] [[0.06175197]] 0.79
[0.01198404] [[0.05141036]] 0.79
[0.09975161] [[0.02882647]] 0.79
[0.06275684] [[0.01760817]] 0.79
[0.05170563] [[0.00739508]] 0.79
[0.01181071] [[0.00063843]] 0.79
[-0.00411726] [[-0.01076025]] 0.79
[0.01891179] [[-0.01534685]] 0.78
[-0.01166586] [[-0.00922114]] 0.78
[-0.01098161] [[0.00528652]] 0.77
[-0.00201701] [[0.01106504]] 0.76
[0.00403045] [[0.01315281]] 0.76
[0.00651388] [[0.03063345]] 0.76
[0.01996817] [[0.04193206]] 0.76
[0.03007806] [[0.05014225]] 0.76
[0.03200059] [[0.03307869]] 0.76
[0.04770545] [[0.01973991]] 0.76
[0.03355097] [[-0.0051789]] 0.75
[0.01848869] [[-0.03297287]] 0.74
[0.00815113] [[-0.05158731]] 0.73
[-0.02290478] [[-0.06800972]] 0.73
[-0.0492718] [[-0.07372082]] 0.74
[-0.0706825] [[-0.08095214]] 0.75
[-0.05396121] [[-0.07306688]] 0.76
[-0.06234689] [[-0.06533205]] 0.77
[-0.01545081] [[-0.04721049]] 0.78
[0.00785171] [[-0.024672]] 0.77
[-0.02926435] [[0.00617546]] 0.76
[0.00815426] [[0.02108373]] 0.76
[0.02933648] [[0.03979526]] 0.77
[0.03393269] [[0.05582335]] 0.78
[0.03804751] [[0.05525056]] 0.78
[0.03587123] [[0.03848699]] 0.78
[0.03588953] [[0.00866422]] 0.78
[0.04518623] [[0.01243196]] 0.78
[0.03348231] [[0.00251149]] 0.78
[0.03583882] [[0.00586122]] 0.78
[0.03250644] [[0.00135559]] 0.78
[0.01283869] [[0.00829673]] 0.79
[0.04390305] [[0.01741841]] 0.79
[0.04888311] [[0.00867926]] 0.79
[0.03704918] [[-0.01598655]] 0.78
[0.03658189] [[-0.04496884]] 0.77
[0.01767692] [[-0.06777205]] 0.76
[-0.00534872] [[-0.07859852]] 0.76
[-0.03003686] [[-0.08178794]] 0.76
[-0.05427355] [[-0.09159713]] 0.76
[-0.04293678] [[-0.07559041]] 0.76
[-0.05333529] [[-0.08521698]] 0.76
[-0.02795598] [[-0.07568114]] 0.76
[-0.02450117] [[-0.08811415]] 0.76
[-0.0247647] [[-0.07994506]] 0.76
[-0.02129903] [[-0.08076357]] 0.76
[-0.04759163] [[-0.06607234]] 0.76
[-0.03136105] [[-0.03572719]] 0.76
[0.00966298] [[-0.01357952]] 0.75
[0.04706018] [[0.00357164]] 0.75
[0.05132667] [[-0.00729025]] 0.74
[0.03453609] [[-0.00254697]] 0.73
[0.0215094] [[-0.01576939]] 0.72
[-0.00985729] [[-0.01295888]] 0.72
[-0.00991801] [[-0.02062912]] 0.72
[-0.00629853] [[-0.01372331]] 0.72
[-0.01545972] [[0.00010494]] 0.71
[-0.02090434] [[0.01415485]] 0.7
[-0.00197327] [[0.01625862]] 0.69
[0.02232555] [[0.00176356]] 0.69
[0.0181844] [[-0.01428095]] 0.68
[-0.00256862] [[-0.02625651]] 0.68
[-0.01721999] [[-0.02666091]] 0.68
[-0.01898928] [[-0.01784855]] 0.68
[-0.03447016] [[-0.0007113]] 0.69
[-0.00975625] [[0.00369914]] 0.69
[-0.00713592] [[0.02051754]] 0.68
[0.01221957] [[0.03806683]] 0.68
[0.00540973] [[0.04978073]] 0.68
[0.03973175] [[0.0388413]] 0.68
[0.03851281] [[0.01785089]] 0.68
[0.02108118] [[0.00911973]] 0.68
[0.01250536] [[-0.00933241]] 0.67
[-0.04624546] [[-0.03099352]] 0.67
[-0.03349105] [[-0.06875249]] 0.67
[-0.05831515] [[-0.08002907]] 0.67
[-0.01559063] [[-0.08159977]] 0.67
[-0.03999193] [[-0.04914269]] 0.67
[-0.02386357] [[-0.04274889]] 0.67
[-0.049945] [[-0.03785858]] 0.67
[-0.04650644] [[-0.01946996]] 0.68
[-0.05951744] [[0.00659567]] 0.68
[-0.0489056] [[0.03074366]] 0.68
[-0.01617486] [[0.02023837]] 0.68
[0.00755634] [[0.02057921]] 0.69
[0.01677309] [[0.01886512]] 0.7
[0.00473113] [[0.01689282]] 0.71
[-0.00610735] [[0.01182365]] 0.7
[-0.0159682] [[-0.00538987]] 0.7
[-0.0504447] [[-0.00918333]] 0.7
[-0.06107836] [[-0.01158691]] 0.71
[-0.01640428] [[-0.00678127]] 0.72
[-0.01310368] [[-0.00715015]] 0.73
[-0.00597969] [[-0.0173736]] 0.74
[-0.02012234] [[-0.01062704]] 0.74
[-0.02484812] [[-0.01134584]] 0.74
[-0.02540081] [[-0.00802642]] 0.74
[-0.02315254] [[-0.01018372]] 0.74
[-0.02236625] [[-0.01504488]] 0.74
[-0.02701891] [[-0.01893655]] 0.74
[-0.03209142] [[-0.02989564]] 0.75
[-0.02976744] [[-0.02578059]] 0.75
[-0.02696987] [[-0.02500167]] 0.76
[-0.04406279] [[-0.02688999]] 0.77
[-0.04396547] [[-0.02013651]] 0.77
[-0.0463146] [[-0.00808739]] 0.77
[-0.03791187] [[0.01552267]] 0.76
[-0.02389246] [[0.02642655]] 0.75
[-0.01362631] [[0.04565527]] 0.74
[0.00126079] [[0.07449744]] 0.74
[-0.00299862] [[0.09609337]] 0.74
[0.02414144] [[0.11265327]] 0.75
[0.04666176] [[0.10878017]] 0.76
[0.06570857] [[0.11206023]] 0.76
[0.06494638] [[0.10197786]] 0.76
[0.0084211] [[0.08056779]] 0.76
[0.00198391] [[0.04159481]] 0.76
[0.00445687] [[0.00290036]] 0.76
[-0.01644498] [[-0.01138376]] 0.76
[-0.06401869] [[-0.01691016]] 0.77
[-0.02751515] [[-0.0020271]] 0.78
[-0.02020581] [[0.02153528]] 0.77
[0.02155345] [[0.05046448]] 0.77
[0.01035378] [[0.08571547]] 0.77
[-0.00707767] [[0.09252135]] 0.76
[-0.01752456] [[0.093416]] 0.75
[0.08306405] [[0.06076907]] 0.75
[0.04688243] [[0.04687366]] 0.75
[-0.00999467] [[0.04007737]] 0.74
[-0.00763149] [[0.03606812]] 0.73
[0.0211255] [[0.02226437]] 0.73
[0.07227039] [[0.00069025]] 0.73
[0.07559343] [[-0.0011911]] 0.72
[-0.0324644] [[-0.00898886]] 0.72
[0.02946237] [[0.00779258]] 0.73
[0.03663485] [[0.01589374]] 0.74
[0.03551031] [[0.04028751]] 0.75
[0.04157292] [[0.05448236]] 0.75
[0.06074776] [[0.05941637]] 0.75
[0.02425393] [[0.0514252]] 0.75
[0.03288996] [[0.01417353]] 0.75
[0.02563009] [[-1.2932767e-05]] 0.74
[0.01659074] [[-0.01251904]] 0.73
[-0.0034528] [[-0.00459415]] 0.73
[0.00365766] [[-0.00781553]] 0.72
[0.01860355] [[-0.01341023]] 0.71
[0.01738002] [[-0.00239755]] 0.7
[0.01522244] [[0.00143644]] 0.7
[0.01491222] [[0.01335954]] 0.71
[0.00570047] [[0.01055175]] 0.71
[0.02535637] [[0.02971289]] 0.72
[0.04360054] [[0.04849769]] 0.73
[0.03095845] [[0.03436146]] 0.74
[-0.00042338] [[0.0008801]] 0.73
[-0.00373674] [[-0.03494902]] 0.73
[-0.00019631] [[-0.04052948]] 0.73
[-0.00219856] [[-0.04691108]] 0.74
