[0.0290301] [[0.01536276]] 1.0
[0.01091823] [[0.01805669]] 1.0
[0.01266824] [[0.02787781]] 1.0
[0.02315661] [[0.02951011]] 1.0
[0.02140022] [[0.03192381]] 1.0
[0.0232277] [[0.03083898]] 1.0
[0.02731005] [[0.0347779]] 1.0
[0.02766887] [[0.03825334]] 1.0
[0.02695143] [[0.03936736]] 1.0
[0.02865404] [[0.02602769]] 1.0
[0.03052001] [[0.01291016]] 1.0
[0.02675518] [[0.00083282]] 1.0
[0.02388318] [[0.00397165]] 1.0
[0.02290673] [[0.00812284]] 1.0
[0.02417105] [[-0.00038497]] 0.9333333333333333
[0.02102035] [[0.00635734]] 0.9375
[0.01932476] [[0.01308125]] 0.9411764705882353
[0.02169177] [[0.02253686]] 0.9444444444444444
[0.02244287] [[0.01087221]] 0.9473684210526315
[0.0191148] [[-0.00143178]] 0.9
[0.01782666] [[-0.00494909]] 0.8571428571428571
[0.01710503] [[-0.00535786]] 0.8181818181818182
[0.01595359] [[-0.00586964]] 0.782608695652174
[0.01404057] [[0.00045056]] 0.7916666666666666
[0.01333434] [[0.01451747]] 0.8
[0.01487405] [[0.02923046]] 0.8076923076923077
[0.01306595] [[0.02956029]] 0.8148148148148148
[0.00988381] [[0.02544081]] 0.8214285714285714
[0.0111608] [[0.01990472]] 0.8275862068965517
[0.00575427] [[0.01514754]] 0.8333333333333334
[0.00875909] [[0.00518046]] 0.8387096774193549
[0.00984352] [[-0.00483326]] 0.8125
[0.02358592] [[-0.00481153]] 0.7878787878787878
[0.00965752] [[-0.00492495]] 0.7647058823529411
[0.01833747] [[-0.00396665]] 0.7428571428571429
[0.00641994] [[-0.007326]] 0.7222222222222222
[0.02200806] [[-0.00329865]] 0.7027027027027027
[0.00678139] [[0.00066597]] 0.7105263157894737
[0.01884369] [[0.01216981]] 0.717948717948718
[0.00755911] [[0.01955539]] 0.725
[0.01887679] [[0.02631584]] 0.7317073170731707
[0.01590259] [[0.0222056]] 0.7380952380952381
[0.02097695] [[0.01688677]] 0.7441860465116279
[0.01687742] [[0.01258003]] 0.75
[0.01701086] [[0.0067285]] 0.7555555555555555
[0.01901217] [[0.00474145]] 0.7608695652173914
[0.01595388] [[0.00214441]] 0.7659574468085106
[0.02078492] [[0.00801173]] 0.7708333333333334
[0.01574569] [[0.01141204]] 0.7755102040816326
[0.0187316] [[0.01436227]] 0.78
[0.0161995] [[0.01036018]] 0.7843137254901961
[0.01663399] [[0.00721963]] 0.7884615384615384
[0.01314617] [[0.00440038]] 0.7924528301886793
[0.01098709] [[0.00595667]] 0.7962962962962963
[0.01081405] [[0.00705058]] 0.8
[0.01188583] [[0.00790713]] 0.8035714285714286
[0.01498807] [[0.0093171]] 0.8070175438596491
[0.01579314] [[0.01737827]] 0.8103448275862069
[0.0192829] [[0.02811508]] 0.8135593220338984
[0.01935257] [[0.04924501]] 0.8166666666666667
[0.01812151] [[0.06204037]] 0.819672131147541
[0.01977399] [[0.07225429]] 0.8225806451612904
[0.01855017] [[0.07036437]] 0.8253968253968254
[0.02141645] [[0.07092387]] 0.828125
[0.01913135] [[0.06909956]] 0.8307692307692308
[0.00422986] [[0.05973924]] 0.8333333333333334
[0.00943479] [[0.04959382]] 0.835820895522388
[0.02311755] [[0.04292516]] 0.8382352941176471
[0.01058078] [[0.05162647]] 0.8405797101449275
[0.01057545] [[0.05709095]] 0.8428571428571429
[0.01412351] [[0.06044633]] 0.8450704225352113
[0.00786203] [[0.07375166]] 0.8472222222222222
[0.0253025] [[0.06341251]] 0.8493150684931506
[0.01629797] [[0.05409601]] 0.8513513513513513
[0.02182421] [[-0.00368448]] 0.84
[0.01360268] [[-0.03673777]] 0.8289473684210527
[0.00691911] [[-0.06844838]] 0.8181818181818182
[0.00449487] [[-0.09442298]] 0.8076923076923077
[-0.00803648] [[-0.11600828]] 0.810126582278481
[-0.02096747] [[-0.14058063]] 0.8125
[-0.04022176] [[-0.10766835]] 0.8148148148148148
[-0.06101316] [[-0.08165797]] 0.8170731707317073
[-0.08358] [[-0.05405322]] 0.8192771084337349
[-0.07666878] [[-0.05507846]] 0.8214285714285714
[-0.07400379] [[-0.01027687]] 0.8235294117647058
[-0.04051949] [[0.03616939]] 0.813953488372093
[-0.05103095] [[0.0670355]] 0.8045977011494253
[0.01460941] [[0.05755609]] 0.8068181818181818
[0.01758474] [[0.04682822]] 0.8089887640449438
[0.0724199] [[0.05038896]] 0.8111111111111111
[0.06861442] [[0.0378569]] 0.8131868131868132
[0.07179277] [[0.02420574]] 0.8152173913043478
[0.06997536] [[0.00566355]] 0.8172043010752689
[0.06775001] [[0.00627735]] 0.8191489361702128
[0.06483862] [[0.00731504]] 0.8210526315789474
[0.06200723] [[0.00806]] 0.8229166666666666
[0.05607039] [[0.00275335]] 0.8247422680412371
[0.00609758] [[-0.00220641]] 0.8163265306122449
[0.03577676] [[0.01027589]] 0.8181818181818182
[0.04909548] [[0.02240779]] 0.82
[0.03609343] [[0.03542962]] 0.82
[0.04063947] [[0.0385288]] 0.82
[0.042087] [[0.04650578]] 0.82
[0.0486428] [[0.05401724]] 0.82
[0.05119794] [[0.04768236]] 0.82
[0.04382902] [[0.04009674]] 0.82
[0.04452515] [[0.03264759]] 0.82
[0.03312588] [[0.01750946]] 0.82
[0.03788931] [[0.00010701]] 0.82
[0.00782673] [[-0.01915989]] 0.81
[0.01917565] [[-0.01711722]] 0.8
[0.00385721] [[-0.0211808]] 0.79
[-0.0103831] [[-0.02517085]] 0.79
[-0.03795744] [[-0.01351072]] 0.79
[-0.02980142] [[0.00426183]] 0.79
[-0.01987302] [[0.02241437]] 0.78
[0.01192697] [[0.02600218]] 0.78
[-3.1439587e-05] [[0.02868628]] 0.77
[-0.00345948] [[0.03010986]] 0.76
[0.00432102] [[0.03991215]] 0.77
[0.01870795] [[0.04621073]] 0.78
[0.01057225] [[0.05457445]] 0.79
[0.01680041] [[0.05555062]] 0.8
[0.0174491] [[0.05683189]] 0.8
[0.01987911] [[0.05749533]] 0.8
[0.02053654] [[0.04820162]] 0.8
[0.0184784] [[0.0422819]] 0.8
[0.01866313] [[0.03513868]] 0.8
[0.01691828] [[0.0382463]] 0.8
[0.01439255] [[0.05089496]] 0.8
[0.01033044] [[0.06434608]] 0.8
[0.01258604] [[0.0627577]] 0.81
[0.02324447] [[0.05324185]] 0.82
[0.01171216] [[0.04390406]] 0.83
[0.02476346] [[0.01246578]] 0.84
[0.01350307] [[-0.01752068]] 0.84
[0.00353521] [[-0.04724269]] 0.84
[0.00912321] [[-0.04517717]] 0.83
[-0.0010448] [[-0.03770593]] 0.83
[-0.0190225] [[-0.03080494]] 0.83
[0.01400332] [[-0.00187543]] 0.82
[-0.00617677] [[0.01669967]] 0.81
[-0.0290321] [[0.03631371]] 0.8
[0.00115208] [[0.00699999]] 0.8
[0.00237528] [[-0.04973982]] 0.79
[0.01556695] [[-0.10372267]] 0.78
[0.02355605] [[-0.12106777]] 0.77
[0.02414466] [[-0.09760307]] 0.76
[0.02280775] [[-0.07761417]] 0.75
[0.02181925] [[-0.05374097]] 0.74
[0.01484148] [[-0.03287154]] 0.73
[0.0285797] [[-0.01612318]] 0.72
[0.03311738] [[-0.0220489]] 0.71
[0.03405942] [[-0.03233491]] 0.7
[0.02509635] [[-0.03647215]] 0.69
[0.02121849] [[-0.02215817]] 0.68
[0.01490407] [[0.00373735]] 0.68
[0.0029839] [[0.02944154]] 0.68
[0.01615552] [[0.0475805]] 0.68
[0.00771339] [[0.04233779]] 0.68
[0.01095085] [[0.03228079]] 0.68
[0.02229417] [[0.02767921]] 0.68
[0.02153156] [[0.03147956]] 0.68
[0.03131277] [[0.03877731]] 0.68
[0.03797594] [[0.0387761]] 0.68
[0.03900843] [[0.03707617]] 0.68
[0.0416677] [[0.03819218]] 0.68
[0.04129626] [[0.03387261]] 0.68
[0.0433895] [[0.03634723]] 0.68
[0.04459053] [[0.03427104]] 0.68
[0.04355727] [[0.02363547]] 0.68
[0.0446379] [[0.01100878]] 0.68
[0.04386919] [[-0.00274258]] 0.67
[0.02120022] [[-0.00411776]] 0.66
[0.03623631] [[-0.00743509]] 0.66
[0.0251061] [[-0.01134291]] 0.66
[0.0226744] [[-0.00354296]] 0.66
[-0.00124813] [[0.00789752]] 0.66
[0.00899644] [[0.02596498]] 0.66
[0.01203177] [[0.03243789]] 0.66
[0.00172347] [[0.03084712]] 0.66
[0.00061986] [[0.02951154]] 0.66
[0.01168335] [[0.02763298]] 0.66
[0.0005792] [[0.03118429]] 0.66
[-0.01983531] [[0.03063533]] 0.65
[-0.06835461] [[0.03271872]] 0.65
[-0.01788984] [[0.03387574]] 0.65
[-0.00124197] [[0.03952134]] 0.64
[-0.00884365] [[0.04963889]] 0.63
[0.02229819] [[0.05981046]] 0.63
[0.01240975] [[0.07031481]] 0.63
[0.02933638] [[0.07576156]] 0.63
[0.02703981] [[0.08317132]] 0.63
[0.03696909] [[0.08581674]] 0.63
[0.04259945] [[0.07586233]] 0.63
[0.04590566] [[0.07333635]] 0.63
[0.03812552] [[0.07496904]] 0.63
[0.03765345] [[0.09353826]] 0.64
[0.00661685] [[0.10636242]] 0.64
[0.00269656] [[0.12025074]] 0.64
[0.00429306] [[0.11640217]] 0.64
[-0.00226426] [[0.09433013]] 0.63
[0.00804667] [[0.068908]] 0.63
[0.0129297] [[0.03324049]] 0.63
[-0.0069881] [[0.01277802]] 0.62
[0.00218023] [[-0.01158972]] 0.61
[0.00778413] [[0.01847692]] 0.61
[-0.01843061] [[0.05918055]] 0.6
[0.03783126] [[0.09713737]] 0.6
[0.10541697] [[0.11896388]] 0.61
[0.05088007] [[0.14552494]] 0.62
[0.20252998] [[0.1766784]] 0.63
[0.09770729] [[0.18471791]] 0.63
[0.13264626] [[0.14087287]] 0.63
[0.16083923] [[0.11365147]] 0.64
[0.1664711] [[0.07024888]] 0.65
[0.2055672] [[0.04721955]] 0.65
[0.112804] [[0.01601803]] 0.66
[0.01871005] [[-0.01012183]] 0.66
[0.0647985] [[0.01511052]] 0.66
[-0.02710752] [[0.02692697]] 0.65
[0.09797101] [[0.07937583]] 0.65
[0.08012307] [[0.0836787]] 0.65
[0.10249797] [[0.09428222]] 0.65
[0.10407141] [[0.12227177]] 0.65
[0.08982763] [[0.12289377]] 0.65
[0.08889516] [[0.12496289]] 0.65
[0.08859715] [[0.09107689]] 0.65
[0.08335911] [[0.09610121]] 0.65
[0.07675402] [[0.10290813]] 0.65
[0.07102763] [[0.04689831]] 0.65
[0.08854368] [[0.02165825]] 0.65
[0.05448531] [[-0.01114439]] 0.64
[0.06214539] [[-0.02579267]] 0.63
[0.04639327] [[-0.0690551]] 0.62
[0.01687855] [[-0.11119361]] 0.62
[0.03315406] [[-0.08947533]] 0.62
[0.03265735] [[-0.06600326]] 0.62
[0.01045289] [[-0.03584018]] 0.61
[-0.00771032] [[-0.00075638]] 0.61
[0.05418672] [[0.03322826]] 0.62
[0.01052846] [[0.06061996]] 0.63
[-0.06062295] [[0.04684158]] 0.63
[-0.08871009] [[0.01662169]] 0.62
[-0.10780741] [[-0.00909942]] 0.63
[-0.14516349] [[-0.02614086]] 0.64
[-0.08746488] [[-0.02853039]] 0.65
[-0.10218261] [[-0.03307248]] 0.66
[-0.05677202] [[-0.03018048]] 0.67
[-0.00991387] [[-0.02064171]] 0.68
[0.00807721] [[-0.01499125]] 0.68
[0.02776953] [[-0.00354294]] 0.68
[0.03295936] [[-0.00165377]] 0.68
[0.0313893] [[0.00688839]] 0.69
[0.03688104] [[0.01283845]] 0.7
[0.04539833] [[0.01093061]] 0.71
[0.04134988] [[0.01332918]] 0.71
[0.04185582] [[0.00296582]] 0.71
[0.03454982] [[-0.01095054]] 0.7
[0.02567939] [[-0.03248799]] 0.69
[0.0260268] [[-0.04419862]] 0.68
[0.01564774] [[-0.03779131]] 0.67
[0.01089857] [[-0.03108645]] 0.66
[-0.00538351] [[-0.04617042]] 0.66
[0.00258227] [[-0.06506527]] 0.65
[-0.00698249] [[-0.08195097]] 0.65
[-0.0331136] [[-0.05820975]] 0.65
[-0.01085711] [[-0.03746074]] 0.65
[-0.02636208] [[-0.0152982]] 0.65
[-0.02741254] [[0.03074577]] 0.64
[-0.04357596] [[0.09392828]] 0.63
[-0.04997383] [[0.15598629]] 0.62
[-0.03067269] [[0.14119965]] 0.62
[-0.00371009] [[0.10266207]] 0.62
[-0.02109289] [[0.06381119]] 0.62
[0.00973463] [[0.0351083]] 0.63
[0.02081621] [[0.01525982]] 0.64
[0.02766619] [[-0.00661804]] 0.64
[0.01285559] [[-0.00478561]] 0.63
[0.02619816] [[0.01703066]] 0.63
[0.03120673] [[0.03919999]] 0.63
[0.01962494] [[0.04272771]] 0.63
[0.01730471] [[0.0237437]] 0.63
[0.01403611] [[0.00426141]] 0.63
[-0.0079795] [[0.03270571]] 0.63
[-0.01177671] [[0.05674649]] 0.63
[-0.01964767] [[0.07810948]] 0.63
[0.00217688] [[0.09650841]] 0.64
[0.01626406] [[0.10865843]] 0.65
[0.04577815] [[0.12331712]] 0.65
[0.06095547] [[0.10167742]] 0.65
[0.04762974] [[0.10590151]] 0.65
[0.0397371] [[0.11556982]] 0.65
[0.00262652] [[0.1462599]] 0.65
[-0.02038714] [[0.16562493]] 0.64
[-0.00248113] [[0.1812009]] 0.63
[-0.06729124] [[0.17823639]] 0.62
[-0.07537864] [[0.14330912]] 0.61
[-0.04449828] [[0.09872405]] 0.6
[0.04298159] [[0.03142425]] 0.6
[-0.04178912] [[-0.00477882]] 0.6
[0.06552596] [[-0.03590058]] 0.6
[0.04286601] [[-0.03580752]] 0.59
[0.07332785] [[-0.00886439]] 0.58
[0.06771922] [[0.01736461]] 0.59
[0.10893575] [[0.03861395]] 0.6
[0.17108385] [[0.0455032]] 0.6
[0.17387524] [[0.05460454]] 0.61
[0.16071291] [[0.06956696]] 0.61
[0.12636764] [[0.06508254]] 0.61
[0.10591832] [[0.05740676]] 0.61
[0.11370189] [[0.06359276]] 0.61
[0.05845695] [[0.06123041]] 0.61
[0.00718187] [[0.06070895]] 0.61
[-0.07400323] [[0.01239917]] 0.6
[-0.04218476] [[-0.00740288]] 0.6
[-0.07751961] [[-0.03349041]] 0.6
[-0.12008166] [[-0.03193742]] 0.6
[-0.03920079] [[-0.03915519]] 0.61
[0.01908917] [[-0.0415765]] 0.6
[0.01450429] [[-0.02820497]] 0.6
[0.01242227] [[-0.02631666]] 0.59
[-0.01382669] [[-0.02169174]] 0.59
[0.01269505] [[-0.05368273]] 0.58
[-0.00596674] [[-0.08632651]] 0.58
[-0.02344807] [[-0.12200701]] 0.58
[-0.03763737] [[-0.11139012]] 0.58
[-0.02332563] [[-0.08761098]] 0.58
[-0.05102873] [[-0.06307099]] 0.58
[-0.02053955] [[-0.04100073]] 0.58
[0.03014093] [[0.0047463]] 0.58
[0.01342276] [[0.05258881]] 0.58
[0.10012241] [[0.04870273]] 0.59
[0.13835603] [[0.02367665]] 0.6
[0.14299193] [[0.00013458]] 0.61
[0.15360796] [[0.00522711]] 0.62
[0.09246615] [[0.00123735]] 0.63
[0.05054338] [[-0.00318864]] 0.63
[0.02419773] [[0.01864029]] 0.64
[0.02394893] [[0.03711156]] 0.64
[0.02920138] [[0.05209435]] 0.64
[0.0307584] [[0.04594317]] 0.64
[0.04826613] [[0.04730856]] 0.65
[0.05025677] [[0.05098786]] 0.66
[0.0304518] [[0.03621348]] 0.66
[0.02895913] [[0.02420136]] 0.66
[0.03762516] [[0.01161944]] 0.66
[0.02515143] [[0.01152605]] 0.66
[0.02916364] [[0.01439107]] 0.66
[0.03352796] [[0.01652619]] 0.66
[0.03730312] [[0.03681]] 0.67
[0.05399396] [[0.04666847]] 0.68
[0.03818919] [[0.05840788]] 0.69
[0.09364395] [[0.0832796]] 0.69
[0.07541615] [[0.10985237]] 0.69
[0.07465325] [[0.13965366]] 0.69
[0.09148987] [[0.13443317]] 0.69
[0.06996375] [[0.12796815]] 0.69
[0.09487019] [[0.11554444]] 0.7
[0.12630631] [[0.08188676]] 0.71
[0.14069891] [[0.05477511]] 0.72
[0.12221923] [[0.02543016]] 0.73
[0.05858163] [[0.02953209]] 0.74
[0.01477641] [[0.03039386]] 0.74
[-0.00581829] [[0.0365137]] 0.74
[0.00829518] [[0.0225347]] 0.74
[0.01586903] [[0.00712751]] 0.74
[0.04308899] [[-0.01063268]] 0.73
[0.03807896] [[-0.01702037]] 0.72
[0.04746505] [[-0.00102206]] 0.72
[0.05916803] [[0.01309958]] 0.73
[0.05544639] [[0.05142322]] 0.74
[0.06409636] [[0.07034097]] 0.75
[0.06457748] [[0.09399315]] 0.76
[0.08032082] [[0.12000616]] 0.77
[0.08213336] [[0.13793388]] 0.77
[0.08126092] [[0.15100985]] 0.77
[0.09165303] [[0.11937221]] 0.78
[0.00722958] [[0.08713958]] 0.79
[0.00668891] [[0.05417414]] 0.79
[-0.00748946] [[0.02921788]] 0.78
[0.02213533] [[-0.01432441]] 0.77
[0.04744155] [[-0.05705616]] 0.76
[0.01349787] [[-0.10007566]] 0.75
[0.03730091] [[-0.09190553]] 0.75
[0.02431332] [[-0.08383348]] 0.75
[0.00026053] [[-0.03388326]] 0.75
[0.04735793] [[0.0186966]] 0.75
[0.08277559] [[0.07534379]] 0.75
[0.11570413] [[0.13082606]] 0.75
[0.14017722] [[0.14196368]] 0.75
[0.16056055] [[0.15049889]] 0.75
[0.19294925] [[0.11064767]] 0.75
[0.15951356] [[0.07995196]] 0.75
[0.10645243] [[0.04474367]] 0.76
[0.02188868] [[0.03518641]] 0.77
[0.01700521] [[0.04205647]] 0.78
[0.05491471] [[0.05238059]] 0.79
[0.02801392] [[0.08764622]] 0.8
[0.01144205] [[0.11636329]] 0.8
[0.00577645] [[0.14364856]] 0.8
[0.01429438] [[0.14942888]] 0.81
[0.01362699] [[0.16150993]] 0.82
[0.01481639] [[0.16999074]] 0.83
[0.00739529] [[0.15825463]] 0.83
[0.03385372] [[0.13934059]] 0.83
[0.03946266] [[0.1237774]] 0.83
[0.081595] [[0.16255395]] 0.83
[0.12900038] [[0.25038372]] 0.83
[0.13075583] [[0.3449798]] 0.83
[0.19056264] [[0.35427732]] 0.83
[0.27508056] [[0.30434013]] 0.83
[0.28273004] [[0.2476798]] 0.83
[0.24169137] [[0.2475966]] 0.83
[0.28662995] [[0.17951133]] 0.84
[0.10286241] [[0.08516881]] 0.84
[0.08389642] [[0.05989464]] 0.84
[0.08433294] [[0.1762205]] 0.84
[0.01451608] [[0.29699549]] 0.84
[0.07363931] [[0.26001754]] 0.85
[0.12509221] [[0.15765038]] 0.86
[0.13427682] [[0.08247954]] 0.87
[0.09885986] [[0.00715954]] 0.87
[0.11924551] [[-0.10345204]] 0.87
[0.08510397] [[-0.24137847]] 0.86
[0.00499178] [[-0.30725234]] 0.85
[-0.13985354] [[-0.29018721]] 0.85
[0.10249094] [[-0.24979236]] 0.84
[-0.10415979] [[-0.15537451]] 0.84
[0.0451004] [[-0.09733232]] 0.83
[-0.00349393] [[-0.0159617]] 0.83
[-0.13761435] [[-0.02040038]] 0.83
[0.04093678] [[-0.00439404]] 0.82
[-0.05192307] [[-0.01076584]] 0.82
[0.03502183] [[-0.00798184]] 0.81
[0.04246578] [[0.00233002]] 0.81
[0.02170777] [[0.01429481]] 0.81
[0.03172842] [[0.08283275]] 0.82
[0.06407375] [[0.11741447]] 0.82
[0.08389368] [[0.14959021]] 0.82
[0.09333276] [[0.0900486]] 0.82
[0.02781905] [[0.03929284]] 0.82
[0.02695773] [[-0.00744941]] 0.81
[0.03827813] [[-0.05078321]] 0.8
[0.0373682] [[-0.08420897]] 0.79
[0.01902588] [[-0.11480262]] 0.78
[-0.00306304] [[-0.08678604]] 0.78
[-0.02426269] [[-0.05602557]] 0.78
[-0.01123687] [[-0.02991737]] 0.78
[-0.0029614] [[-0.03651487]] 0.78
[0.01058225] [[-0.05249064]] 0.77
[0.01255921] [[-0.06581284]] 0.76
[0.00788725] [[-0.05360523]] 0.75
[-0.03057406] [[-0.05386209]] 0.75
[0.00467576] [[-0.05069956]] 0.74
[-0.04060696] [[-0.0432994]] 0.74
[0.0064023] [[-0.02069302]] 0.73
[0.045005] [[0.00285813]] 0.73
[0.06381062] [[-0.02111796]] 0.72
[0.03253623] [[-0.02067259]] 0.71
[-0.01022981] [[-0.02411916]] 0.71
[-0.00974425] [[-0.00084791]] 0.71
[-0.014949] [[-0.01359797]] 0.71
[-0.01749909] [[-0.02795867]] 0.71
[-0.05017082] [[-0.05049395]] 0.72
[-0.07667328] [[-0.07006018]] 0.72
[-0.08788352] [[-0.08457131]] 0.72
[-0.04311735] [[-0.09390206]] 0.73
[-0.01667344] [[-0.09933369]] 0.74
[-0.02973471] [[-0.10257236]] 0.75
[-0.05279706] [[-0.07913093]] 0.75
[-0.06106166] [[-0.04851863]] 0.75
[-0.05493668] [[-0.02237945]] 0.75
[-0.04039446] [[-0.01363114]] 0.75
[-0.03996316] [[0.00866497]] 0.74
[-0.04947987] [[0.0287298]] 0.73
[-0.02467037] [[0.03671173]] 0.72
[-0.00474095] [[0.0327887]] 0.71
[-0.02118309] [[0.03404138]] 0.7
[-0.00568782] [[0.04984685]] 0.69
[0.00546429] [[0.06658251]] 0.7
[0.00743144] [[0.09020448]] 0.71
[-0.00299382] [[0.10372448]] 0.71
[-0.01072439] [[0.10504678]] 0.71
[-0.05531028] [[0.09054728]] 0.71
[0.02380967] [[0.05203542]] 0.72
[-0.00595802] [[0.01258586]] 0.72
[-0.03923773] [[-0.02537006]] 0.72
[-0.01234128] [[-0.04330635]] 0.72
[-0.05522868] [[-0.04949289]] 0.72
[-0.04267194] [[-0.04996007]] 0.72
[-0.0434659] [[-0.02261637]] 0.72
[-0.02272864] [[0.00531997]] 0.71
[-0.00909142] [[0.03009695]] 0.7
[0.10491624] [[0.04811]] 0.7
[0.09209146] [[0.05288211]] 0.7
[0.09100658] [[0.06260564]] 0.7
[0.15051895] [[0.04509]] 0.7
[0.11101059] [[0.0124458]] 0.7
[0.03532286] [[-0.02792443]] 0.69
[0.01976439] [[-0.08053888]] 0.68
[0.06367122] [[-0.12289237]] 0.67
[0.03458824] [[-0.1687387]] 0.66
[-0.00484271] [[-0.1561577]] 0.66
[-0.03062467] [[-0.11367108]] 0.66
[-0.09169099] [[-0.06833748]] 0.66
[-0.02195773] [[-0.04969206]] 0.66
[0.01305588] [[-0.03452763]] 0.65
[0.02799174] [[-0.0286606]] 0.64
[0.00771945] [[-0.03379944]] 0.63
[-0.01315134] [[-0.04272899]] 0.63
[-0.02470074] [[-0.0419375]] 0.63
[-0.02061036] [[-0.01211593]] 0.63
[-0.00734815] [[0.00330978]] 0.62
[0.01696681] [[0.01848086]] 0.62
[0.05412979] [[0.01639225]] 0.62
[0.03614806] [[0.01679226]] 0.62
[0.06517098] [[0.00823517]] 0.62
[0.03082302] [[-0.01557495]] 0.61
[0.00920149] [[-0.03104931]] 0.6
[-0.04436803] [[-0.04217745]] 0.6
[-0.07181422] [[-0.05443738]] 0.6
[-0.07453254] [[-0.07013052]] 0.6
[-0.07268913] [[-0.08157143]] 0.61
[-0.08807082] [[-0.06513119]] 0.62
[-0.07854155] [[-0.04593489]] 0.63
[-0.07027881] [[-0.02952117]] 0.63
[-0.05542523] [[-0.01707581]] 0.64
[-0.04934996] [[-0.01351042]] 0.64
[-0.0419605] [[-0.01018605]] 0.65
[-0.02724689] [[-0.00975212]] 0.65
[0.00250377] [[-0.01597672]] 0.64
[-0.01205603] [[-0.02228064]] 0.65
[0.00181792] [[-0.02144348]] 0.64
[0.01969464] [[0.0126055]] 0.65
[0.02004817] [[0.04904574]] 0.65
[0.0299054] [[0.06657171]] 0.65
[0.02419251] [[0.07318261]] 0.65
[0.04336145] [[0.078318]] 0.65
[0.0608032] [[0.07844973]] 0.65
[0.05506421] [[0.05526388]] 0.65
[0.06395555] [[0.02992744]] 0.65
[-0.00497726] [[0.02733166]] 0.65
[-0.04668625] [[0.03031665]] 0.65
[-0.0403974] [[0.03640278]] 0.65
[-0.04988072] [[0.04006421]] 0.65
[-0.03982668] [[0.05710928]] 0.64
[-0.03235392] [[0.07455627]] 0.63
[-0.02557014] [[0.06268948]] 0.62
[0.00131016] [[0.04030205]] 0.62
[0.02290462] [[0.01186604]] 0.63
[0.03720988] [[0.01203254]] 0.64
[0.09338558] [[0.00210316]] 0.65
[0.0846555] [[-0.00664739]] 0.64
[0.12353849] [[-0.0164925]] 0.64
[0.10871814] [[0.00398245]] 0.64
[0.07796793] [[0.03350862]] 0.65
[0.05179643] [[0.04574758]] 0.65
[0.00781599] [[0.03890864]] 0.66
[-0.01952216] [[0.02845074]] 0.66
[-0.02239172] [[0.01792664]] 0.65
[-0.048837] [[0.00196162]] 0.64
[-0.15311769] [[-0.01846604]] 0.64
[-0.08882651] [[-0.05178653]] 0.64
[-0.12623312] [[-0.07175636]] 0.64
[-0.11636604] [[-0.08932204]] 0.64
[-0.07843107] [[-0.06941401]] 0.64
[-0.04233991] [[-0.05925133]] 0.64
[0.03211918] [[-0.04904078]] 0.63
[-0.00566442] [[-0.04259917]] 0.63
[-0.03438225] [[-0.02976252]] 0.63
[-0.04165259] [[-0.0169273]] 0.63
[-0.04183776] [[-0.01247038]] 0.63
[-0.0379559] [[-0.01013332]] 0.63
[-0.02912501] [[-0.007007]] 0.64
[-0.02033009] [[-0.01496055]] 0.65
[-0.01378598] [[-0.02509705]] 0.66
[-0.01782714] [[-0.03577292]] 0.67
[-0.01511807] [[-0.04649477]] 0.68
[-0.0160726] [[-0.05199192]] 0.69
[-0.02791064] [[-0.05783236]] 0.69
[-0.0134844] [[-0.03852502]] 0.69
[-0.02679056] [[-0.02384145]] 0.7
[-0.04230791] [[-0.00849726]] 0.71
[-0.02147458] [[-0.00326779]] 0.72
[0.01260877] [[0.00518273]] 0.72
[0.06212178] [[0.01386846]] 0.73
[0.06650977] [[0.01105135]] 0.73
[0.0338591] [[0.01000735]] 0.73
[0.01736109] [[0.00879007]] 0.73
[-0.00609196] [[0.01041627]] 0.72
[-0.00936103] [[0.00598365]] 0.71
[0.0071534] [[0.00163462]] 0.72
[-0.00706879] [[-0.01347145]] 0.73
[-0.00029851] [[-0.02635103]] 0.73
[0.00149538] [[-0.03975195]] 0.72
[-0.01079858] [[-0.05245952]] 0.72
[-0.02300198] [[-0.0585258]] 0.72
[-0.01355913] [[-0.06429116]] 0.72
[-0.04494493] [[-0.04342216]] 0.73
[-0.04509842] [[-0.03233455]] 0.74
[-0.04253623] [[-0.02184999]] 0.75
[-0.03839124] [[-0.00840945]] 0.76
[-0.04182155] [[0.00111729]] 0.75
[-0.0309826] [[0.01235015]] 0.74
[-0.03077853] [[0.00028656]] 0.73
[-0.01721179] [[-0.00748406]] 0.73
[-0.021083] [[-0.01554733]] 0.74
[-0.02178394] [[-0.02304379]] 0.75
[-0.00688523] [[-0.02757428]] 0.76
[-0.02584656] [[-0.03679295]] 0.76
[-0.02946996] [[-0.03077483]] 0.76
[-0.03215692] [[-0.02516465]] 0.76
[-0.01801299] [[-0.00913082]] 0.77
[-0.00164885] [[-0.00037895]] 0.77
[0.00748526] [[0.01044336]] 0.77
[0.00616053] [[0.02112494]] 0.77
[-0.00674453] [[0.02820635]] 0.76
[0.01418127] [[0.03787121]] 0.77
[0.00405766] [[0.03327637]] 0.78
[-0.00654279] [[0.02735279]] 0.77
[-0.00265411] [[0.01843933]] 0.76
[0.00867441] [[0.01325953]] 0.76
[-0.0056857] [[0.00661989]] 0.75
[-0.00066317] [[-0.00460241]] 0.75
[-0.01075943] [[-0.01018818]] 0.75
[-0.02655706] [[-0.01650375]] 0.75
[-0.04178552] [[-0.02385458]] 0.75
[-0.04962066] [[-0.0324324]] 0.75
[-0.00634206] [[-0.02442397]] 0.75
[-0.00613758] [[0.00052795]] 0.74
[0.01321178] [[0.03582342]] 0.75
[0.0303712] [[0.0651519]] 0.75
[0.0543442] [[0.08306518]] 0.76
[0.07121337] [[0.08756636]] 0.76
[0.04923694] [[0.08166222]] 0.76
[0.0412466] [[0.07136503]] 0.76
[0.0409936] [[0.05382574]] 0.76
[0.02366852] [[0.05235341]] 0.76
[-0.00244098] [[0.05219953]] 0.75
[0.01079496] [[0.0590139]] 0.75
[0.05594973] [[0.05635252]] 0.75
[0.07333129] [[0.0499229]] 0.76
[0.10527485] [[0.04734002]] 0.77
[0.12153522] [[0.01873798]] 0.78
[0.09408885] [[-0.01218679]] 0.78
[0.06316946] [[-0.03507874]] 0.78
[0.07675533] [[-0.04666867]] 0.78
[0.02328581] [[-0.05465764]] 0.78
[-0.02617977] [[-0.07615953]] 0.78
[-0.02119262] [[-0.07876609]] 0.78
[-0.00151217] [[-0.06873682]] 0.78
[-0.01488004] [[-0.06056731]] 0.78
[0.02114752] [[-0.06222863]] 0.78
[-0.03438333] [[-0.0687733]] 0.79
[-0.02068425] [[-0.06807144]] 0.79
[-0.05993363] [[-0.06034]] 0.79
[-0.07448261] [[-0.05592613]] 0.79
[-0.06585348] [[-0.04633755]] 0.79
[-0.04849848] [[-0.03006738]] 0.8
[-0.03425978] [[-0.0146712]] 0.81
[-0.01418621] [[0.00227371]] 0.81
[-0.00459403] [[0.00641944]] 0.8
[-0.01573947] [[0.00900858]] 0.79
[-0.03929215] [[0.01010108]] 0.78
[-0.01833189] [[0.00768148]] 0.77
[-0.00888846] [[0.01150898]] 0.76
[-0.01476232] [[0.00705785]] 0.75
[-0.01183138] [[0.008557]] 0.75
[-0.01867776] [[0.01030661]] 0.74
[-0.00762738] [[0.01465507]] 0.73
[0.03200718] [[0.01878636]] 0.73
[0.03166468] [[0.02066443]] 0.73
[0.03200494] [[0.03019699]] 0.73
[0.03219463] [[0.03158481]] 0.73
[0.03235185] [[0.02816219]] 0.73
[0.01949665] [[0.01907647]] 0.73
[0.02162584] [[0.02212242]] 0.73
[0.02505461] [[0.02256055]] 0.73
[0.02476114] [[0.02111249]] 0.73
[0.02000584] [[0.01387454]] 0.73
[0.03017102] [[-0.0040925]] 0.72
[0.03431765] [[-0.0203962]] 0.71
[0.03395994] [[-0.04573557]] 0.7
[0.03215683] [[-0.0565761]] 0.69
[0.02902025] [[-0.06990912]] 0.68
[0.01109538] [[-0.07001103]] 0.67
[-0.05029867] [[-0.05126162]] 0.67
[0.00817378] [[-0.03016562]] 0.66
[-0.0256132] [[-0.00536439]] 0.66
[-0.03267461] [[0.00504048]] 0.66
[0.00064388] [[0.01711473]] 0.67
[0.00994626] [[0.01630961]] 0.67
[0.01170277] [[0.01077997]] 0.67
[0.00281195] [[0.00378826]] 0.67
[0.00316048] [[-0.00106496]] 0.67
[-0.00686705] [[0.00227158]] 0.66
[-0.00150161] [[0.0079074]] 0.65
[0.00784908] [[0.01794698]] 0.65
[0.01154521] [[0.02288505]] 0.65
[0.01304191] [[0.02300471]] 0.65
[0.00878146] [[0.01627299]] 0.65
[0.01182017] [[0.00397567]] 0.65
[0.01279214] [[-0.00387517]] 0.65
[0.01937602] [[-0.00901771]] 0.65
[0.01654923] [[-0.00674361]] 0.65
[0.02537437] [[-0.0043017]] 0.64
[0.01805963] [[0.00180111]] 0.64
[0.01171181] [[0.00134671]] 0.64
[0.01686925] [[-0.00411773]] 0.63
[0.01145019] [[-0.00587072]] 0.62
[-0.01141093] [[-0.00455278]] 0.62
[-0.01998676] [[-0.00071538]] 0.62
[-0.03227773] [[0.00016062]] 0.61
[-0.00503213] [[0.00407621]] 0.6
[0.02034242] [[0.00873568]] 0.6
[0.02847145] [[-0.00065349]] 0.59
[0.02630868] [[-0.01301896]] 0.59
[0.02647136] [[-0.02551886]] 0.58
[0.01944445] [[-0.02565347]] 0.57
[0.00615803] [[-0.02162429]] 0.57
[0.0042527] [[-0.01362574]] 0.57
[-0.01770012] [[0.00394562]] 0.56
[-0.01756079] [[0.01623255]] 0.56
[-0.01544769] [[0.02360152]] 0.55
[-0.01837567] [[0.01957507]] 0.54
[-0.02015936] [[0.01380578]] 0.53
[-0.01339293] [[0.00455554]] 0.52
[-0.00932388] [[-0.00339533]] 0.52
[-0.0201127] [[-0.00691646]] 0.52
[-0.02189595] [[-0.00490851]] 0.53
[-0.02103601] [[-0.00236253]] 0.53
[-0.01447285] [[-0.00250752]] 0.53
[-0.01591701] [[-0.00322261]] 0.53
[-0.01489617] [[-0.00537094]] 0.53
[-0.00776445] [[-0.00878079]] 0.53
[-0.012475] [[-0.01233975]] 0.53
[-0.01358698] [[-0.01311699]] 0.53
[-0.00670515] [[-0.01005453]] 0.53
[-0.00831356] [[-0.00698832]] 0.54
[-0.00377739] [[-0.00344353]] 0.54
[-0.00225356] [[0.00177999]] 0.53
[-0.00326445] [[0.00697487]] 0.52
[-0.00064269] [[0.01176464]] 0.51
[0.00788631] [[0.01098593]] 0.51
[0.00383948] [[0.0088693]] 0.52
[0.01001113] [[0.00405372]] 0.53
[0.01398987] [[7.60244212e-05]] 0.54
[0.01359598] [[-0.00204706]] 0.54
[0.01027422] [[-0.00652954]] 0.53
[0.00152315] [[-0.01322679]] 0.52
[0.00199604] [[-0.03082355]] 0.51
[-0.0053989] [[-0.04776653]] 0.51
[-0.01433279] [[-0.06065212]] 0.52
[-0.01373255] [[-0.06359513]] 0.52
[-0.01468763] [[-0.06953784]] 0.52
[-0.01183721] [[-0.08652584]] 0.52
[-0.02298403] [[-0.09754656]] 0.52
[-0.02046236] [[-0.09740652]] 0.52
[-0.01245403] [[-0.09112092]] 0.52
[-0.00846688] [[-0.09003524]] 0.52
[0.00022952] [[-0.101186]] 0.52
[-0.01265188] [[-0.08850798]] 0.53
[-0.02628263] [[-0.07521058]] 0.54
[-0.02444854] [[-0.04869914]] 0.55
[-0.04383182] [[-0.03060637]] 0.56
[-0.01797862] [[-0.0145815]] 0.57
[-0.01945384] [[0.00449854]] 0.57
[-0.00417161] [[0.01216906]] 0.57
[0.0080269] [[0.02331698]] 0.58
[0.01920255] [[0.01190733]] 0.59
[0.01713129] [[-0.00525726]] 0.58
[0.01522554] [[-0.02829225]] 0.57
[0.01743246] [[-0.04304564]] 0.56
[0.0046065] [[-0.05143791]] 0.55
[-0.00348487] [[-0.05519017]] 0.55
[-0.02622585] [[-0.04789875]] 0.55
[-0.05008592] [[-0.04001849]] 0.55
[-0.05980942] [[-0.03108389]] 0.55
[-0.04448054] [[-0.01987359]] 0.55
[-0.0329486] [[-0.01282214]] 0.55
[-0.02173785] [[-0.00956505]] 0.56
[-0.013573] [[-0.01625374]] 0.57
[0.00559068] [[-0.01323206]] 0.57
[0.01083891] [[-0.00375729]] 0.57
[0.01428669] [[0.0146962]] 0.58
[0.01454143] [[0.03679475]] 0.59
[0.00226793] [[0.05986745]] 0.59
[0.02710609] [[0.06887853]] 0.6
[0.04591927] [[0.06999291]] 0.6
[0.05347456] [[0.05877905]] 0.61
[0.01321185] [[0.03899434]] 0.61
[-0.00481036] [[0.01068972]] 0.6
[-0.01769265] [[-0.01684691]] 0.6
[-0.00381164] [[-0.0242727]] 0.6
[-0.01504808] [[-0.02363828]] 0.61
[-0.0018043] [[-0.02145976]] 0.62
[0.00075399] [[-0.01530367]] 0.62
[0.00142891] [[-0.013117]] 0.61
[0.01085059] [[-0.00351362]] 0.6
[0.01151758] [[0.00223616]] 0.6
[0.00532235] [[0.00158987]] 0.6
[-0.00482129] [[0.00477054]] 0.59
[-0.00834699] [[0.00513599]] 0.59
[-0.01358385] [[0.02090998]] 0.59
[-0.01090665] [[0.02558657]] 0.59
[-0.01886661] [[0.02843315]] 0.59
[-0.01730264] [[0.01574263]] 0.58
[-0.00239358] [[-0.00249621]] 0.58
[-0.0019059] [[-0.0238418]] 0.59
[-0.00021651] [[-0.04430209]] 0.6
[-0.01165872] [[-0.05857584]] 0.6
[-0.01829277] [[-0.06421694]] 0.6
[-0.02503802] [[-0.05298802]] 0.61
[-0.02899759] [[-0.02986184]] 0.62
[-0.04083371] [[-0.01165064]] 0.62
[-0.03262157] [[0.00260281]] 0.62
[-0.02896849] [[0.01208271]] 0.62
[-0.01635111] [[0.00716235]] 0.62
[-0.00404677] [[-0.00077526]] 0.63
[-0.04486576] [[-0.00950321]] 0.64
[-0.0313276] [[-0.00754909]] 0.65
[-0.01484507] [[-0.00850551]] 0.66
[-0.019039] [[-0.01240641]] 0.67
[-0.02198976] [[-0.00858299]] 0.68
[-0.00834432] [[-0.00359737]] 0.69
[-0.00421444] [[-0.00418738]] 0.7
[0.00062783] [[-0.01173092]] 0.7
[-0.00747764] [[-0.01745934]] 0.7
[-0.02052783] [[-0.0171796]] 0.7
[-0.0214124] [[-0.01535202]] 0.7
[-0.02313661] [[-0.01238372]] 0.7
[-0.01925233] [[-0.00622193]] 0.7
[-0.00734229] [[-0.00043974]] 0.7
[0.0024156] [[0.00154192]] 0.7
[0.01915963] [[-0.00047653]] 0.69
[0.02223463] [[-0.00524969]] 0.68
[0.0113946] [[0.00149059]] 0.68
[0.00985218] [[0.01180822]] 0.68
[0.00949387] [[0.02489991]] 0.68
[0.00459495] [[0.02555653]] 0.68
[-0.01896504] [[0.02709577]] 0.68
[-0.04234648] [[0.02725938]] 0.68
[-0.01373714] [[0.01765183]] 0.68
[-0.03334334] [[0.0047503]] 0.67
[-0.03947048] [[-0.0085103]] 0.67
[-0.03333114] [[-0.00376876]] 0.67
[-0.0251693] [[0.01164206]] 0.66
[-0.01364445] [[0.02896021]] 0.66
[-0.0043049] [[0.04462981]] 0.66
[0.02229445] [[0.04719217]] 0.67
[0.03713942] [[0.0497886]] 0.68
[0.02830767] [[0.05412406]] 0.68
[0.03718611] [[0.03212995]] 0.68
[0.04127938] [[0.01152704]] 0.68
[0.02500734] [[-0.01762052]] 0.67
[0.01140407] [[-0.01609316]] 0.66
[0.00258033] [[-0.0186816]] 0.65
[-0.01379391] [[-0.02575908]] 0.65
[-0.03515393] [[-0.01768192]] 0.65
[-0.03066948] [[-0.01312136]] 0.65
[-0.00904653] [[-0.00336024]] 0.66
[0.00460199] [[-0.00459664]] 0.65
[0.00325769] [[-0.00166982]] 0.64
[-0.00052141] [[0.00566274]] 0.63
[-0.00202733] [[0.00592205]] 0.62
[-0.0102471] [[0.01117746]] 0.61
[-0.02062665] [[0.01820731]] 0.61
[-0.02669295] [[0.01656545]] 0.61
[-0.01060886] [[0.0107089]] 0.6
[-0.00155806] [[0.00073691]] 0.59
[-0.01953968] [[0.00073898]] 0.59
[-0.01793023] [[-0.00063548]] 0.6
[-0.01355947] [[0.00377822]] 0.6
[0.00388514] [[0.00857565]] 0.61
[0.0051051] [[0.01413485]] 0.61
[0.00981657] [[0.01711839]] 0.61
[0.01743404] [[0.01979152]] 0.61
[0.01795578] [[0.01743699]] 0.61
[0.00683714] [[0.00957348]] 0.61
[-0.02046837] [[0.0024972]] 0.6
[0.01518189] [[-0.00019763]] 0.59
[0.04681767] [[-0.00344718]] 0.58
[0.01807763] [[-0.00870292]] 0.58
[0.01215863] [[-0.00609816]] 0.58
[0.00717578] [[-0.00059286]] 0.57
[0.00409819] [[0.00832108]] 0.57
[0.00072938] [[0.01121029]] 0.57
[-0.00016805] [[0.01738208]] 0.56
[0.00401461] [[0.02190234]] 0.56
[0.01510235] [[0.05286174]] 0.56
[0.02030157] [[0.08516629]] 0.56
[0.03212387] [[0.11092988]] 0.57
[0.04805879] [[0.11487278]] 0.57
[0.10872845] [[0.11594997]] 0.57
[0.07651348] [[0.12650229]] 0.57
[0.07105476] [[0.10260006]] 0.57
[0.06745099] [[0.07072027]] 0.58
[0.04059677] [[0.04290462]] 0.59
[0.00545986] [[0.02654054]] 0.6
[-0.00099298] [[0.01807585]] 0.59
[-0.01269877] [[-0.00422482]] 0.59
[-0.00249352] [[-0.00946832]] 0.6
[0.00617435] [[-0.01630766]] 0.6
[-0.03632434] [[-0.01582703]] 0.61
[-0.02731141] [[-0.00289031]] 0.62
[-0.00495869] [[0.01163653]] 0.62
[-0.0017721] [[0.02519462]] 0.62
[0.00212465] [[0.02387348]] 0.62
[0.00482573] [[0.02553588]] 0.62
[0.00730941] [[0.02416541]] 0.62
[0.00895284] [[0.02999075]] 0.62
[0.00702371] [[0.02641402]] 0.62
[0.00780108] [[0.01556922]] 0.62
[0.00690268] [[0.00250341]] 0.62
[0.00264838] [[-0.00416695]] 0.61
[-0.00402661] [[-0.00394357]] 0.62
[-0.00873667] [[-0.01402155]] 0.63
[-0.00895751] [[-0.02064658]] 0.64
[-0.0178373] [[-0.01195162]] 0.64
[-0.0127626] [[0.00260738]] 0.63
[-0.00451902] [[0.02454543]] 0.62
[0.00051679] [[0.03739628]] 0.62
[0.01299248] [[0.04947799]] 0.62
[0.02531665] [[0.04802481]] 0.62
[0.02059745] [[0.04469375]] 0.62
[0.06955706] [[0.04670857]] 0.62
[0.03794114] [[0.04866951]] 0.63
[0.02459372] [[0.05286266]] 0.63
[0.02419638] [[0.08393312]] 0.63
[0.01173335] [[0.10879741]] 0.63
[0.03492298] [[0.15642304]] 0.63
[0.0676781] [[0.17403841]] 0.63
[0.0557975] [[0.20113699]] 0.63
[0.08395579] [[0.18486105]] 0.63
[0.05282365] [[0.12178666]] 0.64
[0.0672425] [[0.063305]] 0.65
[0.02177572] [[0.02508825]] 0.65
[-0.00419455] [[0.02164242]] 0.64
[-0.00863192] [[0.00417279]] 0.63
[-0.00697866] [[-0.01584917]] 0.63
[-4.7188252e-05] [[0.00011493]] 0.63
[0.00652047] [[0.03132984]] 0.64
[0.01092881] [[0.03542918]] 0.65
[0.03191278] [[0.04187727]] 0.66
[0.0268724] [[0.04416641]] 0.66
[0.02377807] [[0.08209305]] 0.66
[0.01001816] [[0.08447797]] 0.67
[0.01619017] [[0.06767365]] 0.68
[0.01909979] [[0.04846383]] 0.69
[0.03637668] [[0.01772758]] 0.69
[0.02014015] [[0.0082592]] 0.69
[0.01684704] [[-0.02534724]] 0.68
[0.01119403] [[-0.04987554]] 0.67
[-0.00500174] [[-0.06278854]] 0.67
[-0.0188964] [[-0.06627552]] 0.68
[-0.02524974] [[-0.0526054]] 0.69
[-0.02459854] [[-0.06162262]] 0.7
[-0.03608511] [[-0.05391609]] 0.7
[0.0012149] [[-0.02742188]] 0.69
[0.00256317] [[-0.00050861]] 0.68
[0.02253155] [[0.02265652]] 0.68
[0.03810673] [[0.01891663]] 0.69
[0.0186947] [[0.03299327]] 0.7
[0.01914679] [[0.05091289]] 0.71
[0.01329579] [[0.06403493]] 0.72
[0.02459823] [[0.07588106]] 0.73
[0.03153501] [[0.06856821]] 0.74
[0.01562023] [[0.07187379]] 0.75
[0.00857023] [[0.06073321]] 0.76
[0.00988795] [[0.07045725]] 0.77
[0.01730888] [[0.08256654]] 0.78
[0.02763743] [[0.09533992]] 0.78
[0.03389721] [[0.10783279]] 0.79
[0.03392576] [[0.12571641]] 0.79
[0.04292804] [[0.16555208]] 0.79
[0.04294667] [[0.14131345]] 0.79
[0.03716188] [[0.12164415]] 0.79
[0.03560721] [[0.07251554]] 0.79
[0.03389728] [[0.04812453]] 0.79
[0.03503854] [[-0.0075253]] 0.79
[0.02250119] [[-0.06975817]] 0.79
[-0.01611299] [[-0.04827673]] 0.8
[-0.03653374] [[-0.04867087]] 0.81
[-0.04747291] [[-0.02537953]] 0.82
[0.00524831] [[-0.03273283]] 0.82
[0.01816414] [[0.00932464]] 0.82
[0.08018932] [[0.06092567]] 0.82
[0.05324619] [[0.06405171]] 0.83
[0.05005834] [[0.06479448]] 0.83
[0.02863656] [[0.04102915]] 0.83
[0.01256807] [[0.04039258]] 0.83
[0.00412508] [[0.01869617]] 0.83
[-0.01710331] [[-0.03455769]] 0.83
[-0.01244523] [[-0.08179481]] 0.83
[-0.02432695] [[-0.13343175]] 0.83
[-0.04726948] [[-0.1215166]] 0.83
[-0.04605793] [[-0.10744662]] 0.83
[-0.01424763] [[-0.06977008]] 0.83
[-0.03305086] [[-0.02665394]] 0.83
[0.01251609] [[-0.01024223]] 0.83
[0.01368807] [[0.02201861]] 0.83
[0.01047935] [[0.01436077]] 0.83
[0.0391278] [[0.00394298]] 0.84
[0.04553548] [[-0.02233655]] 0.83
[0.03981505] [[-0.03873732]] 0.82
[0.02898436] [[-0.04126632]] 0.82
[0.04798219] [[-0.0415984]] 0.82
[0.01971038] [[-0.03209206]] 0.81
[0.00037862] [[-0.01833107]] 0.8
[-0.00465429] [[-0.00440839]] 0.8
[0.02602879] [[0.00821387]] 0.8
[0.04560271] [[0.0263983]] 0.8
[0.05732711] [[0.04333932]] 0.8
[0.0470937] [[0.05805512]] 0.8
[0.0414638] [[0.07484809]] 0.81
[0.00999264] [[0.07481538]] 0.81
[0.02707125] [[0.07593323]] 0.81
[0.04627145] [[0.06530281]] 0.81
[0.06725524] [[0.05972999]] 0.81
[0.02096012] [[0.04013183]] 0.82
[0.01315925] [[0.01553755]] 0.83
[0.00496213] [[1.96012116e-05]] 0.83
[0.00181046] [[-0.01943676]] 0.82
[0.01678282] [[-0.04480605]] 0.81
[-0.00561766] [[-0.06740105]] 0.81
[-0.03239002] [[-0.06660196]] 0.81
[0.04873424] [[-0.05965163]] 0.8
[0.0569013] [[-0.05402546]] 0.79
[0.02949764] [[-0.03931531]] 0.78
[0.01638196] [[-0.00440796]] 0.77
[0.00210478] [[0.01021586]] 0.77
[0.00554638] [[0.00512271]] 0.77
[0.03362783] [[-0.00359574]] 0.76
[0.03021969] [[-0.00365704]] 0.75
[0.02894383] [[-0.01241812]] 0.74
[0.01450143] [[-0.0225587]] 0.73
[0.01851315] [[-0.0192289]] 0.72
[0.01868029] [[-0.01278892]] 0.72
[0.02044875] [[-0.02180894]] 0.72
[0.00636536] [[-0.03260146]] 0.71
[0.00042744] [[-0.03526476]] 0.71
[0.0206493] [[-0.02938345]] 0.7
[0.0121931] [[-0.01553308]] 0.69
[0.03529514] [[0.00876749]] 0.69
[0.04617883] [[0.03582603]] 0.69
[0.06978301] [[0.04736488]] 0.69
[0.07018591] [[0.04325568]] 0.69
[0.0467076] [[0.03645338]] 0.69
[0.02293892] [[0.02116408]] 0.69
[0.0090444] [[0.00614222]] 0.69
[-0.01152788] [[-0.01086558]] 0.69
[-0.02352626] [[-0.01705032]] 0.7
[-0.03257422] [[-0.01134267]] 0.71
[-0.04360374] [[-0.00632851]] 0.71
[-0.04476732] [[-0.00095765]] 0.71
[-0.02388254] [[-0.00256462]] 0.71
[-0.03106992] [[0.00179531]] 0.7
[0.0299198] [[0.00306674]] 0.7
[0.03255876] [[-0.00108272]] 0.7
[-0.00690158] [[-0.0051848]] 0.71
[-0.03094469] [[-0.00867075]] 0.71
[-0.02831098] [[-0.00965448]] 0.71
[-0.02000013] [[-0.01183726]] 0.71
[-0.00714025] [[-0.01693637]] 0.71
[0.0143037] [[-0.03761627]] 0.7
[0.01672893] [[-0.06426287]] 0.69
[0.02895359] [[-0.09074187]] 0.68
[0.00023517] [[-0.09371053]] 0.67
[-0.0188187] [[-0.09312568]] 0.67
[-0.0232751] [[-0.08552141]] 0.67
[0.00687993] [[-0.06114141]] 0.66
[0.0559855] [[-0.03362744]] 0.65
[0.04485515] [[-0.00049745]] 0.64
[0.01160997] [[0.00450321]] 0.64
[-0.02059834] [[0.00513608]] 0.63
[-0.01906126] [[0.00106782]] 0.62
[-0.01456795] [[-0.00678238]] 0.62
[0.00678486] [[-0.00729535]] 0.61
[0.01183621] [[-0.0117162]] 0.6
[0.0078917] [[0.00077375]] 0.61
[0.02449243] [[0.0094257]] 0.62
[0.00140885] [[0.0144758]] 0.62
[0.03531118] [[0.01595396]] 0.62
[0.01812814] [[0.0102383]] 0.62
[0.03659113] [[0.01097321]] 0.63
[0.03127788] [[-0.00309904]] 0.62
[0.0163284] [[-0.01368887]] 0.61
[0.01347409] [[-0.01937826]] 0.6
[0.01928676] [[-0.01822198]] 0.59
[0.01021276] [[-0.01408014]] 0.58
[0.03215635] [[-0.01299963]] 0.57
[0.0250238] [[-0.00629072]] 0.56
[0.01402788] [[-0.00061849]] 0.55
[0.01431612] [[-0.00855238]] 0.54
[0.00172799] [[-0.01817403]] 0.53
[-0.01093461] [[-0.00702129]] 0.53
[-0.01669219] [[0.02064213]] 0.52
[-0.01393998] [[0.05431158]] 0.51
[-0.00631851] [[0.0665738]] 0.5
[-0.04068897] [[0.08807585]] 0.5
[-0.05010287] [[0.0988297]] 0.49
[0.00039177] [[0.08510921]] 0.49
[0.05430146] [[0.04501966]] 0.49
[0.07404132] [[0.00455617]] 0.5
[0.01319134] [[-0.00544716]] 0.5
[0.02290595] [[-0.00559165]] 0.5
[0.02944609] [[0.00236195]] 0.51
[0.03773274] [[0.00657796]] 0.52
[0.04639328] [[0.00596389]] 0.53
[0.00768866] [[-0.00799034]] 0.52
[-0.03842348] [[-0.02024045]] 0.52
[-0.05148871] [[-0.02679794]] 0.52
[-0.01898233] [[-0.02753707]] 0.52
[-0.01391198] [[-0.02998189]] 0.52
[-0.0084468] [[-0.03111483]] 0.52
[-0.00362897] [[-0.02220776]] 0.52
[-0.00777673] [[-0.01855322]] 0.52
[-0.00888515] [[-0.02090631]] 0.52
[-0.01076114] [[-0.0226223]] 0.52
[-0.01403661] [[-0.02842267]] 0.52
[-0.02043046] [[-0.03051891]] 0.52
[-0.01438771] [[-0.03772947]] 0.52
[-0.01606834] [[-0.04225055]] 0.53
[-0.02362487] [[-0.05349813]] 0.54
[-0.0270843] [[-0.06606276]] 0.54
[-0.01911568] [[-0.07528475]] 0.54
[-0.04245168] [[-0.07252536]] 0.55
[-0.01033781] [[-0.06789052]] 0.56
[-0.02258468] [[-0.04179862]] 0.57
[0.0183277] [[-0.01701739]] 0.57
[0.0195243] [[0.00899176]] 0.57
[0.00835156] [[0.0220104]] 0.57
[0.009426] [[0.0242017]] 0.58
[0.01059629] [[0.01913824]] 0.59
[0.00413294] [[0.00345257]] 0.6
[-0.00217856] [[-0.00576885]] 0.61
[-0.00460543] [[-0.01493535]] 0.62
[-0.01353197] [[-0.0109762]] 0.63
[-0.01355918] [[-0.00484127]] 0.64
[-0.01364229] [[0.00544042]] 0.64
[-0.01295029] [[0.00635987]] 0.64
[-0.00504247] [[0.00506978]] 0.64
[-0.00771123] [[-0.00228978]] 0.65
[-0.00807565] [[-0.00973542]] 0.65
[-0.0119919] [[-0.0150956]] 0.65
[-0.00463682] [[-0.02004767]] 0.65
[-0.01112746] [[-0.0176416]] 0.65
[-0.00573682] [[-0.01939991]] 0.65
[-0.00708932] [[-0.02216862]] 0.65
[-0.00686015] [[-0.01616088]] 0.65
[-0.01743406] [[-0.0116317]] 0.65
[-0.01628592] [[0.00229486]] 0.64
[0.01942494] [[0.00106381]] 0.64
[0.04458589] [[0.01592682]] 0.64
[0.01890315] [[0.02829212]] 0.64
[0.03175016] [[0.02762956]] 0.64
[0.00258237] [[0.01560633]] 0.65
[-0.00117822] [[0.00028076]] 0.64
[0.00374507] [[0.00338288]] 0.65
[0.00638581] [[-0.00253695]] 0.64
[0.00316603] [[-0.00114947]] 0.63
[-0.00759269] [[-0.00417136]] 0.63
[0.00457384] [[0.00017511]] 0.63
[0.01541656] [[-0.00164732]] 0.62
[0.01428297] [[-0.00754059]] 0.62
[0.00900887] [[-0.00648909]] 0.62
[0.00234984] [[-0.00698089]] 0.62
[-0.00721772] [[0.00271907]] 0.62
[-0.00669591] [[0.01565126]] 0.61
[-0.00981171] [[0.03903171]] 0.6
[-0.00793029] [[0.06045768]] 0.6
[-0.00537189] [[0.05761621]] 0.6
[0.01733043] [[0.05401348]] 0.61
[0.06055625] [[0.04472357]] 0.61
[0.03934721] [[0.04353272]] 0.62
[0.00254623] [[0.02347736]] 0.63
[0.00053318] [[0.02663115]] 0.63
[-0.0120935] [[0.04019493]] 0.63
[-0.00171507] [[0.05418923]] 0.63
[0.02462789] [[0.05653492]] 0.63
[0.03031662] [[0.05118888]] 0.63
[0.01716069] [[0.05319122]] 0.63
[0.00209284] [[0.02688945]] 0.63
[-0.00855766] [[0.00686905]] 0.62
[-0.01471875] [[-0.00866537]] 0.62
[-0.01399662] [[-0.01540246]] 0.63
[-0.01399308] [[-0.024298]] 0.64
[-0.02369145] [[-0.03119727]] 0.65
[-0.02363588] [[-0.02043079]] 0.66
[-0.0183986] [[-0.00550928]] 0.67
[-0.01452514] [[0.01988724]] 0.67
[0.00214046] [[0.04134863]] 0.68
[0.00737274] [[0.06185262]] 0.69
[0.03809336] [[0.06798727]] 0.7
[0.02047742] [[0.06562065]] 0.71
[0.0477956] [[0.05092127]] 0.71
[0.02388088] [[0.02286005]] 0.72
[-0.01880906] [[0.0018095]] 0.72
[-0.03905959] [[-0.00533051]] 0.73
[-0.01649604] [[0.00960425]] 0.73
[-0.02541033] [[0.02187206]] 0.73
[-0.01463405] [[0.03196499]] 0.72
[-0.0135281] [[0.04351884]] 0.71
[0.00498884] [[0.04809781]] 0.71
[0.07805686] [[0.04900261]] 0.72
[0.04378652] [[0.04060788]] 0.73
[0.06412657] [[0.03507478]] 0.73
[0.02368793] [[0.03084078]] 0.73
[0.01763714] [[0.01296985]] 0.73
[0.00927774] [[0.00570687]] 0.74
[-0.01124825] [[-0.01449896]] 0.74
[-0.03060669] [[-0.01264072]] 0.74
[-0.03270613] [[-0.02614092]] 0.74
[-0.02142827] [[-0.02968534]] 0.74
[0.00141826] [[-0.03040011]] 0.73
[0.02114839] [[-0.02355073]] 0.72
[0.03559749] [[-0.00364315]] 0.71
[0.03434945] [[-0.00962624]] 0.7
[0.04125927] [[-0.01023284]] 0.69
[0.02612665] [[-0.03208223]] 0.68
[0.012895] [[-0.03966896]] 0.67
[-0.00233929] [[-0.05250203]] 0.67
[-0.02056761] [[-0.06352951]] 0.67
[-0.02441563] [[-0.05913219]] 0.67
[-0.01746229] [[-0.0472606]] 0.67
[-0.05513357] [[-0.02108079]] 0.67
[-0.07301932] [[-0.00840265]] 0.67
[-0.05142918] [[0.00494384]] 0.66
[-0.01658431] [[0.01660509]] 0.65
[-0.00645193] [[0.01728743]] 0.65
[0.00237249] [[-0.00478097]] 0.64
[0.00800721] [[-0.03049712]] 0.63
[0.00363247] [[-0.04499643]] 0.62
[-0.00252598] [[-0.04863092]] 0.62
[-0.01933537] [[-0.10725626]] 0.62
[-0.03897217] [[-0.14695027]] 0.62
[-0.0493493] [[-0.17463056]] 0.62
[-0.05082915] [[-0.14464032]] 0.62
[-0.01124839] [[-0.13610448]] 0.62
[-0.00115569] [[-0.13032768]] 0.63
[-0.01476397] [[-0.07890167]] 0.64
[-0.06234667] [[-0.02311366]] 0.65
[-0.05476316] [[0.03699319]] 0.64
[-0.03759557] [[0.04166219]] 0.63
[-0.00652413] [[0.04553944]] 0.62
[0.04143465] [[0.04704936]] 0.62
[0.05070851] [[0.05636655]] 0.62
[0.02084757] [[0.05166964]] 0.62
[-0.00511124] [[0.04124836]] 0.61
[-0.01664539] [[0.02087391]] 0.6
[-0.00510964] [[0.01976543]] 0.59
[-0.04462023] [[1.42936972e-05]] 0.59
[-0.08585341] [[-0.00971613]] 0.59
[-0.1077442] [[-0.02316263]] 0.59
[-0.10626446] [[-0.01408698]] 0.59
[-0.09301237] [[0.00112649]] 0.58
[-0.01861397] [[0.01546135]] 0.57
[-0.02436028] [[0.03616395]] 0.57
[-0.01633428] [[0.03475796]] 0.56
[-0.02814998] [[0.04284835]] 0.56
[-0.00189046] [[0.03450118]] 0.56
[0.03491914] [[0.0376178]] 0.56
[0.02210217] [[0.03105523]] 0.56
[0.03540003] [[0.02131238]] 0.57
[0.04141534] [[0.01338699]] 0.58
[0.02574435] [[-0.00646018]] 0.58
[0.01940167] [[-0.0145306]] 0.58
[0.00446203] [[-0.03031828]] 0.58
[-0.00010249] [[-0.04147778]] 0.59
[-0.00619148] [[-0.02767821]] 0.6
[-0.00624677] [[-0.00912316]] 0.61
[-0.00763856] [[0.02298962]] 0.61
[0.00598145] [[0.02420896]] 0.61
[0.00926541] [[0.01809027]] 0.61
[0.00704048] [[0.0139169]] 0.61
[-0.01452627] [[0.006059]] 0.6
[-0.0258567] [[0.01892765]] 0.59
[-0.02636785] [[0.01921519]] 0.59
[-0.02510015] [[0.0298129]] 0.59
[-0.02661195] [[0.0397635]] 0.58
[-0.02865946] [[0.05607114]] 0.57
[-0.02120342] [[0.06074956]] 0.56
[0.00627225] [[0.0724696]] 0.56
[0.02280076] [[0.07938513]] 0.57
[0.03432304] [[0.09823062]] 0.57
[0.07213288] [[0.09871996]] 0.57
[0.04774952] [[0.09681703]] 0.57
[0.06311332] [[0.09058041]] 0.57
[0.05426248] [[0.06261751]] 0.57
[0.04002261] [[0.04748929]] 0.57
[0.00969372] [[0.04850513]] 0.58
[-0.00809951] [[0.06232647]] 0.57
[-0.01628008] [[0.06336682]] 0.56
[-0.01292246] [[0.03129274]] 0.55
[-0.02223822] [[0.00180293]] 0.54
[-0.00756449] [[-0.02070282]] 0.54
[-0.0154359] [[-0.03412831]] 0.54
[0.00282739] [[-0.0257066]] 0.54
[0.01883052] [[-0.02288086]] 0.53
[0.01481405] [[0.00909705]] 0.54
[0.02318837] [[0.03550407]] 0.55
[0.04496344] [[0.06302411]] 0.56
[0.07095464] [[0.05920953]] 0.57
[0.06873719] [[0.02640163]] 0.57
[0.06558079] [[-0.00108123]] 0.56
[0.03094366] [[-0.01742281]] 0.55
[0.01516939] [[-0.02257933]] 0.54
[0.00455082] [[-0.04051462]] 0.53
[-0.00372201] [[-0.05623815]] 0.53
[-0.0306567] [[-0.05922032]] 0.53
[-0.03103443] [[-0.03207968]] 0.53
[-0.01038136] [[-0.00280161]] 0.53
[0.01402205] [[0.01733337]] 0.53
[0.03456172] [[0.03512565]] 0.53
[0.0322067] [[0.03751524]] 0.54
[0.03888437] [[0.05936938]] 0.55
[0.05638669] [[0.04437738]] 0.56
[0.02386566] [[0.0342678]] 0.57
[0.02714353] [[0.01484578]] 0.58
[0.02009937] [[0.00719177]] 0.59
[0.00578513] [[0.00959968]] 0.6
[0.03404986] [[-0.00567385]] 0.59
[0.02677593] [[0.00047921]] 0.59
[0.06038907] [[-0.00135692]] 0.58
[0.05208047] [[0.00817454]] 0.58
[0.03364157] [[-0.0021277]] 0.57
[0.02905593] [[-0.00800591]] 0.56
[0.03354447] [[-0.01530115]] 0.56
[0.03455349] [[-0.01772945]] 0.56
[0.01648749] [[-0.02006693]] 0.56
[0.00879885] [[-0.02107816]] 0.56
[0.03677548] [[-0.00966203]] 0.56
[0.02308638] [[-0.00488643]] 0.56
[0.02283324] [[-0.00148761]] 0.55
[0.01749911] [[-0.00392658]] 0.54
[0.01528153] [[-0.00496566]] 0.53
[0.01693981] [[0.00088978]] 0.53
[0.02954721] [[0.00336044]] 0.53
[0.02688709] [[0.00411661]] 0.53
[0.01259542] [[7.17023271e-05]] 0.53
[0.01603755] [[-0.00674882]] 0.52
[0.024868] [[-0.0101326]] 0.51
[0.00990223] [[-0.01959683]] 0.51
[-0.02609001] [[-0.02371834]] 0.52
[-0.0361363] [[-0.02072399]] 0.53
[-0.03215787] [[-0.01035345]] 0.53
[-0.05624691] [[-0.00374793]] 0.53
[-0.04145355] [[-4.76259674e-05]] 0.53
[-0.03569683] [[9.57319639e-05]] 0.53
[-0.01706664] [[-0.0004134]] 0.54
[-0.0134691] [[0.00209908]] 0.54
[0.00249337] [[0.0023765]] 0.55
[0.02326957] [[0.01010189]] 0.55
[0.02653641] [[0.00924557]] 0.55
[0.01330897] [[0.0115718]] 0.55
[0.00872205] [[0.00802665]] 0.56
[0.00392847] [[0.00426206]] 0.57
[0.00049493] [[0.00129546]] 0.58
[0.00228733] [[-0.00442312]] 0.58
[0.00134857] [[-0.00433815]] 0.58
[-0.00259128] [[-0.00681083]] 0.59
[-0.00710439] [[-0.00500564]] 0.59
[-0.00092344] [[-0.00635842]] 0.59
[-0.00670973] [[-0.0039996]] 0.59
[-0.00088408] [[-0.00414995]] 0.59
[0.00735598] [[0.00150221]] 0.6
[0.01185575] [[0.00913676]] 0.61
[0.01570698] [[0.01898242]] 0.62
[0.02338638] [[0.02209527]] 0.62
[0.01502678] [[0.02347539]] 0.62
[0.01231413] [[0.02884017]] 0.62
[0.0159306] [[0.05128599]] 0.63
[0.01834827] [[0.06793006]] 0.63
[0.02438185] [[0.08178575]] 0.63
[0.03590449] [[0.08106425]] 0.63
[0.03436774] [[0.08578384]] 0.64
[0.05376068] [[0.09296073]] 0.65
[0.0598956] [[0.06480723]] 0.66
[0.05336308] [[0.04052478]] 0.67
[0.05281157] [[0.00791004]] 0.68
[0.0462399] [[0.01889095]] 0.69
[0.04952361] [[0.02115125]] 0.7
[0.04992018] [[0.01545299]] 0.7
[0.03814393] [[0.0163667]] 0.7
[0.03031935] [[0.01644344]] 0.7
[0.01906899] [[0.03280596]] 0.7
[0.01090541] [[0.01398117]] 0.7
[0.00606979] [[0.00252977]] 0.7
[-0.0039509] [[-0.00692782]] 0.7
[-0.00273744] [[-0.00038188]] 0.7
[0.01462616] [[0.00663006]] 0.7
[0.02884865] [[0.00392235]] 0.71
[0.02515098] [[0.0200868]] 0.72
[-0.00435933] [[0.02390553]] 0.72
[-0.0159074] [[0.02280044]] 0.72
[-0.0259815] [[0.00808239]] 0.71
[-0.02560714] [[-0.00550835]] 0.71
[-0.02203905] [[-0.00887536]] 0.72
[-0.0234958] [[-0.02198195]] 0.73
[-0.0031701] [[-0.01913709]] 0.73
[0.01680167] [[-0.02184569]] 0.72
[0.02244582] [[-0.01742954]] 0.71
[0.02553292] [[-0.01756096]] 0.7
[0.02041011] [[-0.0129796]] 0.69
[0.05268912] [[-0.00883709]] 0.69
[0.00640409] [[-0.00589776]] 0.69
[0.01197479] [[0.00144622]] 0.7
[0.01662004] [[0.01085122]] 0.71
[0.02909266] [[0.01297332]] 0.71
[0.03023129] [[-0.01169374]] 0.7
[0.00759854] [[-0.03309883]] 0.69
[-0.00498525] [[-0.0575387]] 0.69
[-0.01594037] [[-0.05842745]] 0.69
[-0.00483954] [[-0.06602643]] 0.69
[-0.01211226] [[-0.06107686]] 0.69
[-0.01368905] [[-0.03987438]] 0.69
[-0.01332262] [[-0.01923651]] 0.69
[-0.0196092] [[0.00228686]] 0.68
[-0.00829875] [[0.00444257]] 0.67
[-0.00046411] [[0.00556755]] 0.66
[0.0028598] [[0.01015089]] 0.66
[0.00969669] [[0.0153828]] 0.67
[0.01158914] [[0.02431295]] 0.67
[0.02065353] [[0.02405901]] 0.68
[0.01395922] [[0.02283035]] 0.68
[0.00724091] [[0.02482426]] 0.69
[0.00413717] [[0.02052052]] 0.7
[0.00398324] [[0.00891692]] 0.71
[-0.00543791] [[-0.00740036]] 0.72
[-0.02133584] [[-0.02100197]] 0.73
[-0.03765679] [[-0.01891827]] 0.74
[-0.03791735] [[-0.01852892]] 0.75
[-0.02528924] [[-0.01110391]] 0.76
[0.00359536] [[-0.0033335]] 0.76
[0.01015693] [[0.00459198]] 0.77
[0.00581506] [[0.01617234]] 0.78
[0.02037033] [[0.01185502]] 0.78
[0.02059717] [[0.0083926]] 0.78
[0.01902591] [[-0.00267748]] 0.77
[0.0144407] [[-0.0064859]] 0.76
[0.00206881] [[-0.00568853]] 0.76
[-0.00728952] [[-0.00424287]] 0.77
[-0.00270987] [[-0.00365955]] 0.78
[-0.00095862] [[-0.00272159]] 0.78
[-0.00013953] [[0.00361041]] 0.77
[-0.00110403] [[0.01477951]] 0.76
[-0.00170692] [[0.0241678]] 0.75
[0.01652374] [[0.02811061]] 0.75
[0.01855156] [[0.03505023]] 0.76
[0.01575388] [[0.0370452]] 0.76
[0.02437652] [[0.03556081]] 0.77
[0.02108856] [[0.02741428]] 0.77
[0.03315842] [[0.0155644]] 0.77
[0.03053011] [[0.00723413]] 0.77
[0.02848132] [[-0.00026723]] 0.76
[0.01453784] [[0.00445876]] 0.76
[0.01311048] [[0.01213672]] 0.76
[0.0121446] [[0.03278345]] 0.76
[0.0145835] [[0.0529498]] 0.77
[0.01604686] [[0.06969428]] 0.78
[0.01415859] [[0.07497824]] 0.78
[0.01410885] [[0.07030837]] 0.78
[0.01913087] [[0.06423549]] 0.78
[0.02226999] [[0.05165617]] 0.78
[0.02097653] [[0.03571757]] 0.78
[0.032096] [[0.0255068]] 0.78
[0.00215977] [[0.01940547]] 0.78
[-0.00704503] [[0.02674042]] 0.77
[-0.00122641] [[0.02931756]] 0.76
[-0.00141311] [[0.02136796]] 0.75
[0.00457202] [[0.0208321]] 0.75
[0.00630887] [[0.02118068]] 0.75
[0.01014273] [[0.05430375]] 0.75
[0.01277439] [[0.07077938]] 0.75
[0.02905189] [[0.0765489]] 0.75
[0.05321341] [[0.07460497]] 0.75
[0.07243033] [[0.06698565]] 0.75
[0.075764] [[0.06782388]] 0.75
[0.07027131] [[0.0394925]] 0.75
[0.0473251] [[0.02976973]] 0.75
[0.03344373] [[0.03431902]] 0.75
[0.02395967] [[0.04104811]] 0.75
[0.03441777] [[0.03991069]] 0.75
[0.01375229] [[0.03852551]] 0.75
[0.06342319] [[0.0585115]] 0.75
[0.05773914] [[0.0712201]] 0.75
[0.04625829] [[0.07240054]] 0.75
[0.05691777] [[0.08124678]] 0.75
[0.0900411] [[0.09818551]] 0.75
[0.0794426] [[0.09910119]] 0.75
[0.10094461] [[0.07054819]] 0.75
[0.06215521] [[0.05030115]] 0.75
[0.05252657] [[0.0390948]] 0.75
[0.04221397] [[0.00971368]] 0.76
[0.04247582] [[-0.02782034]] 0.76
[0.04126049] [[-0.04809099]] 0.76
[0.02166301] [[-0.03097712]] 0.75
[0.02862336] [[-0.00449279]] 0.74
[0.01821274] [[0.00475371]] 0.74
[0.0319507] [[0.03289632]] 0.74
[0.02742073] [[0.05451226]] 0.75
[0.0459857] [[0.06493045]] 0.76
[0.05671329] [[0.05116569]] 0.77
[0.0594931] [[0.0189466]] 0.78
[0.01477114] [[0.01206332]] 0.79
[0.00888396] [[-0.00975705]] 0.79
[0.01563557] [[-0.01575595]] 0.78
[0.00565424] [[-0.02437536]] 0.77
[-0.00716391] [[-0.0266923]] 0.77
[-0.02235753] [[-0.02312021]] 0.78
[-0.0310545] [[-0.01864089]] 0.79
[-0.03232578] [[0.00393304]] 0.78
[-0.0049868] [[0.01929034]] 0.77
[0.02154295] [[0.05168079]] 0.77
[0.03610051] [[0.09110235]] 0.77
[0.06834403] [[0.12642584]] 0.77
[0.09084686] [[0.14101789]] 0.77
[0.08163046] [[0.13147722]] 0.78
[0.05022242] [[0.11763827]] 0.79
[0.01088024] [[0.09353545]] 0.8
[0.0177076] [[0.0567256]] 0.8
[0.02188227] [[0.03099463]] 0.8
[0.021085] [[0.01616038]] 0.8
[0.03305283] [[0.03891753]] 0.8
[0.04708755] [[0.06504351]] 0.8
[0.086521] [[0.08661589]] 0.8
[0.08551894] [[0.09885899]] 0.8
[0.12593362] [[0.11688257]] 0.8
[0.11392263] [[0.12859058]] 0.8
[0.09978101] [[0.11555943]] 0.8
[0.08290512] [[0.11960055]] 0.8
[0.06092966] [[0.13110461]] 0.8
[0.05978926] [[0.14459568]] 0.8
[0.11405223] [[0.1374599]] 0.81
[0.14921898] [[0.15449748]] 0.81
[0.15372886] [[0.2021722]] 0.81
[0.06614503] [[0.23036783]] 0.81
[0.11746025] [[0.22531175]] 0.81
[0.22358868] [[0.19267731]] 0.82
[0.03479887] [[0.13337898]] 0.83
[0.06794241] [[0.04386812]] 0.84
[0.11800236] [[-0.03129693]] 0.83
[0.09999904] [[-0.05834706]] 0.82
[0.012938] [[-0.06253205]] 0.81
[0.00256905] [[-0.06222395]] 0.81
[0.03573466] [[-0.04570939]] 0.81
[0.06372057] [[0.00572904]] 0.82
[0.05595553] [[0.01173702]] 0.82
[0.04875107] [[-0.01770782]] 0.81
[0.05024401] [[-0.07957956]] 0.8
[0.03623126] [[-0.09059285]] 0.79
[0.0047234] [[-0.09104128]] 0.78
[-0.03246814] [[-0.0793713]] 0.78
[-0.06084907] [[-0.08420161]] 0.78
[-0.07822204] [[-0.07864256]] 0.79
[-0.09777926] [[-0.04937808]] 0.79
[-0.06339149] [[-0.01993102]] 0.79
[-0.03144346] [[0.01446302]] 0.78
[-0.00588263] [[0.02937484]] 0.77
[0.00069407] [[0.03170047]] 0.77
[-0.00834056] [[0.02357337]] 0.76
[0.00363276] [[0.04097174]] 0.76
[0.01510573] [[0.05911252]] 0.76
[0.02685952] [[0.06647543]] 0.76
[0.04115254] [[0.05800898]] 0.76
[0.06766665] [[0.06618061]] 0.76
[0.07314753] [[0.07796115]] 0.76
[0.03184467] [[0.10768861]] 0.77
[0.01344368] [[0.11420793]] 0.78
[0.0390809] [[0.1191242]] 0.79
[0.05658451] [[0.11156769]] 0.79
[0.11555589] [[0.10926784]] 0.79
[0.06112289] [[0.1149905]] 0.79
[0.1327698] [[0.08561105]] 0.79
[0.12880962] [[0.05522609]] 0.79
[0.10901099] [[0.0362658]] 0.79
[0.05891916] [[0.04351773]] 0.79
[0.05094923] [[0.05621993]] 0.79
[0.05068501] [[0.07733759]] 0.79
[0.09181926] [[0.09281745]] 0.79
[0.10803837] [[0.11786754]] 0.79
[0.13091883] [[0.10239848]] 0.79
[0.1452252] [[0.05451588]] 0.79
[0.06484377] [[0.00374087]] 0.79
[-0.01034125] [[-0.06837971]] 0.79
[-0.073075] [[-0.10223613]] 0.79
[-0.07360397] [[-0.15517486]] 0.79
[-0.09215544] [[-0.15577066]] 0.79
[-0.08844246] [[-0.1018891]] 0.79
[-0.07419075] [[-0.05457536]] 0.79
[-0.05761356] [[0.01085854]] 0.78
[-0.01327343] [[0.01746995]] 0.77
[0.03416574] [[0.04179011]] 0.77
[0.02975877] [[0.0422172]] 0.77
[0.03987878] [[0.03884528]] 0.78
[0.02265997] [[0.04353419]] 0.79
[0.02422983] [[0.04500613]] 0.8
[0.02834806] [[0.07058781]] 0.81
[0.03388506] [[0.09091317]] 0.81
[0.04021225] [[0.10468148]] 0.81
[0.02323692] [[0.11002968]] 0.81
[0.00729845] [[0.0962165]] 0.81
[0.02649377] [[0.06522988]] 0.81
[0.05262382] [[0.03082172]] 0.81
[0.04967364] [[0.01028645]] 0.81
[0.05461548] [[0.00857161]] 0.82
[0.05966534] [[-0.0056594]] 0.82
[0.07447827] [[-0.0132271]] 0.82
[0.09049728] [[-0.00879978]] 0.81
[0.09630384] [[-0.00689359]] 0.8
[0.0506039] [[-0.01769387]] 0.79
[0.04104021] [[-0.03862963]] 0.79
[0.05112365] [[-0.04949421]] 0.79
[0.04618192] [[-0.04442939]] 0.78
[0.03259206] [[-0.03381808]] 0.77
[0.01317015] [[-0.00927849]] 0.76
[0.03556329] [[0.01036547]] 0.76
[0.02854992] [[0.03702516]] 0.76
[-0.05555475] [[0.05830906]] 0.75
[-0.02010767] [[0.06134758]] 0.74
[0.05111497] [[0.05080549]] 0.74
[0.06269326] [[0.02889944]] 0.74
[0.05699405] [[0.01748063]] 0.74
[0.04295013] [[0.00750406]] 0.74
[0.04702288] [[0.00063605]] 0.74
[0.06194124] [[-0.01081097]] 0.73
[0.04837061] [[-0.01519875]] 0.72
[0.04409984] [[-0.00920651]] 0.71
[0.0286813] [[0.00525735]] 0.71
[0.04815879] [[0.01109214]] 0.71
[0.07685999] [[0.01313588]] 0.71
[0.06327823] [[0.03081998]] 0.71
[0.07349527] [[0.04169953]] 0.71
[0.03961862] [[0.05051027]] 0.71
[0.01795886] [[0.03325587]] 0.71
[0.00461626] [[0.01984729]] 0.71
[0.00657506] [[-0.00513777]] 0.7
[0.01833518] [[-0.03283821]] 0.69
[0.00832162] [[-0.05165694]] 0.68
[0.01093479] [[-0.06827157]] 0.67
[-0.00498524] [[-0.07364079]] 0.67
[-0.01906893] [[-0.08151243]] 0.68
[-0.00533] [[-0.0730297]] 0.69
[0.02901721] [[-0.06550053]] 0.69
[0.07135914] [[-0.04700706]] 0.69
[0.02206397] [[-0.02449918]] 0.69
[0.01305539] [[0.00614031]] 0.69
[-0.00451749] [[0.02104045]] 0.68
[-0.01113449] [[0.03993871]] 0.68
[0.04378238] [[0.05578931]] 0.69
[0.06565382] [[0.05524152]] 0.7
[0.02996929] [[0.03862109]] 0.71
[-0.03501497] [[0.00867735]] 0.7
[0.01886423] [[0.01247769]] 0.7
[0.01100698] [[0.00250615]] 0.7
[0.0307299] [[0.00585509]] 0.7
[0.0392348] [[0.00135323]] 0.7
[0.0560059] [[0.00834707]] 0.71
[0.06019444] [[0.01737686]] 0.72
[0.05508947] [[0.00866119]] 0.72
[0.05556442] [[-0.01587258]] 0.72
[0.04017452] [[-0.04513057]] 0.71
[0.03845789] [[-0.06779521]] 0.7
[0.01699922] [[-0.07830378]] 0.69
[0.01785099] [[-0.08190236]] 0.68
[-0.05021765] [[-0.09153008]] 0.68
[-0.06976239] [[-0.07632252]] 0.68
[-0.05978668] [[-0.08533456]] 0.68
[-0.04890949] [[-0.07624196]] 0.68
[-0.03962587] [[-0.08791046]] 0.68
[-0.04834379] [[-0.07961312]] 0.68
[-0.05860376] [[-0.08058416]] 0.68
[-0.03920792] [[-0.06627373]] 0.68
[-0.02317449] [[-0.03582812]] 0.68
[-0.00712758] [[-0.01353231]] 0.68
[0.01754883] [[0.00356363]] 0.68
[0.02020505] [[-0.00720235]] 0.67
[0.01365719] [[-0.00253574]] 0.66
[-0.00123148] [[-0.01574156]] 0.66
[-0.01262227] [[-0.01312475]] 0.66
[0.00037064] [[-0.02049686]] 0.65
[-0.01121548] [[-0.01371656]] 0.65
[-0.01539243] [[0.00010493]] 0.64
[-0.00084618] [[0.01425341]] 0.63
[0.00105836] [[0.01638562]] 0.63
[0.00097986] [[0.00174468]] 0.63
[0.00480313] [[-0.01432735]] 0.62
[0.00946719] [[-0.02600372]] 0.61
[-0.00911136] [[-0.02679944]] 0.61
[-0.02221851] [[-0.01783503]] 0.61
[-0.02755407] [[-0.00071583]] 0.62
[-0.02762027] [[0.00370395]] 0.62
[-0.01081889] [[0.02080251]] 0.61
[-0.00311183] [[0.03782801]] 0.6
[-0.00654787] [[0.04984911]] 0.59
[0.00738303] [[0.03845225]] 0.59
[0.01704723] [[0.01789082]] 0.59
[0.01650072] [[0.00918466]] 0.59
[0.01571419] [[-0.00927641]] 0.58
[-0.02554369] [[-0.03143459]] 0.58
[-0.04464779] [[-0.06754913]] 0.58
[-0.03353133] [[-0.08065108]] 0.58
[-0.01653784] [[-0.08017467]] 0.58
[0.04575872] [[-0.05008552]] 0.57
[0.01746512] [[-0.04180725]] 0.56
[0.00773757] [[-0.03792239]] 0.55
[-0.01028987] [[-0.01926377]] 0.56
[-0.03925179] [[0.00668656]] 0.56
[-0.0242032] [[0.03095811]] 0.56
[0.01364605] [[0.02035074]] 0.57
[0.05201586] [[0.02046389]] 0.58
[0.03936503] [[0.01861129]] 0.59
[0.03459772] [[0.01687243]] 0.6
[0.01327298] [[0.01182772]] 0.61
[-0.0401556] [[-0.00539023]] 0.62
[-0.05032191] [[-0.00922777]] 0.63
[-0.02630243] [[-0.01166404]] 0.63
[-0.00292637] [[-0.00680779]] 0.63
[0.00806136] [[-0.00715011]] 0.63
[0.02361158] [[-0.01730333]] 0.63
[0.0203749] [[-0.01050553]] 0.62
[0.01206707] [[-0.0112863]] 0.61
[-0.00495556] [[-0.00800986]] 0.61
[-0.0377181] [[-0.0103589]] 0.61
[-0.04558289] [[-0.0148566]] 0.61
[-0.05073519] [[-0.01888917]] 0.62
[-0.07321807] [[-0.02976922]] 0.63
[-0.06566299] [[-0.02617253]] 0.64
[-0.05787195] [[-0.02512116]] 0.64
[-0.05346965] [[-0.02704317]] 0.64
[-0.06100797] [[-0.02003872]] 0.64
[-0.04962656] [[-0.00807946]] 0.64
[-0.06352089] [[0.01559818]] 0.63
[-0.02137287] [[0.0263448]] 0.62
[-0.0003745] [[0.04548086]] 0.61
[-0.00788179] [[0.07329303]] 0.6
[0.00185252] [[0.09729139]] 0.61
[0.02252368] [[0.11291674]] 0.62
[0.03136425] [[0.10822913]] 0.63
[0.06274547] [[0.11101417]] 0.64
[0.01118833] [[0.10168932]] 0.64
[-0.00116324] [[0.0814084]] 0.63
[-0.06166126] [[0.04176786]] 0.62
[0.00513803] [[0.00291021]] 0.63
[0.01571973] [[-0.01132421]] 0.63
[0.01702687] [[-0.01679448]] 0.63
[-0.00160054] [[-0.00203929]] 0.63
[0.00388527] [[0.0215606]] 0.64
[0.02976481] [[0.05062501]] 0.65
[0.04570983] [[0.08554916]] 0.65
[0.06903368] [[0.09237695]] 0.65
[0.08943572] [[0.09339484]] 0.65
[0.08000281] [[0.06043598]] 0.66
[0.05932634] [[0.04718188]] 0.66
[0.04728365] [[0.0400995]] 0.66
[0.05094901] [[0.03613772]] 0.66
[0.03727934] [[0.02226487]] 0.66
[0.02189088] [[0.00068989]] 0.66
[0.02501303] [[-0.00119122]] 0.65
[0.00381025] [[-0.00894711]] 0.64
[-0.00421467] [[0.00781027]] 0.64
[-0.00874636] [[0.01595668]] 0.64
[-0.00438986] [[0.03999254]] 0.64
[-0.00601233] [[0.05426078]] 0.64
[0.02638852] [[0.05893956]] 0.65
[0.06226084] [[0.05170904]] 0.65
[0.07266866] [[0.01413135]] 0.65
[0.03837142] [[-1.29051584e-05]] 0.64
[0.02857275] [[-0.01246558]] 0.63
[0.05243586] [[-0.00460078]] 0.62
[0.03312591] [[-0.00785884]] 0.61
[0.00807142] [[-0.01340577]] 0.6
[0.00501349] [[-0.00240503]] 0.59
[-0.00355247] [[0.00144283]] 0.58
[-0.00460146] [[0.0134677]] 0.57
[0.0055615] [[0.0105662]] 0.57
[0.04398335] [[0.02944205]] 0.58
[0.04596304] [[0.04823416]] 0.59
[0.04066299] [[0.03407742]] 0.59
[0.03028863] [[0.00087964]] 0.59
[0.01393845] [[-0.03512512]] 0.59
[0.0147812] [[-0.04047115]] 0.58
[0.00459663] [[-0.04720385]] 0.58
