[-0.00676611] [[0.03103735]] 0.0
[0.02331747] [[0.03130327]] 0.5
[0.03900331] [[0.02676446]] 0.6666666666666666
[0.0167178] [[0.02078238]] 0.75
[0.02037837] [[0.01581442]] 0.8
[0.03181577] [[0.00542652]] 0.8333333333333334
[0.02319428] [[-0.00510018]] 0.7142857142857143
[0.01007451] [[-0.00510967]] 0.625
[0.00958778] [[-0.00526043]] 0.5555555555555556
[0.01541568] [[-0.00427091]] 0.5
[0.0153421] [[-0.00796936]] 0.45454545454545453
[0.0100321] [[-0.00363197]] 0.4166666666666667
[0.00685683] [[0.00074023]] 0.46153846153846156
[0.00708116] [[0.01364202]] 0.5
[0.00876925] [[0.02206252]] 0.5333333333333333
[0.01041695] [[0.0299763]] 0.5625
[0.00991002] [[0.02515637]] 0.5882352941176471
[0.00944563] [[0.01896073]] 0.6111111111111112
[0.01142692] [[0.01385572]] 0.631578947368421
[0.01142799] [[0.00737976]] 0.65
[0.00973392] [[0.00520545]] 0.6666666666666666
[0.0100389] [[0.00236925]] 0.6818181818181818
[0.01020167] [[0.00891385]] 0.6956521739130435
[0.00996018] [[0.01282745]] 0.7083333333333334
[0.00952367] [[0.01630785]] 0.72
[0.01072196] [[0.01179264]] 0.7307692307692307
[0.01072181] [[0.00806738]] 0.7407407407407407
[0.00974828] [[0.00481797]] 0.75
[0.00985405] [[0.00643583]] 0.7586206896551724
[0.0099514] [[0.00762775]] 0.7666666666666667
[0.01045355] [[0.00862549]] 0.7741935483870968
[0.00978365] [[0.01012579]] 0.78125
[0.0147671] [[0.01888342]] 0.7878787878787878
[0.00451313] [[0.03034084]] 0.7941176470588235
[0.01277822] [[0.05289657]] 0.8
[0.00617622] [[0.0658969]] 0.8055555555555556
[0.0156057] [[0.0762395]] 0.8108108108108109
[0.01424449] [[0.07301368]] 0.8157894736842105
[0.01613574] [[0.07425668]] 0.8205128205128205
[0.0222098] [[0.07269196]] 0.825
[0.01833713] [[0.06352879]] 0.8292682926829268
[0.02719735] [[0.05188814]] 0.8333333333333334
[0.04068268] [[0.04422946]] 0.8372093023255814
[0.03820468] [[0.05313408]] 0.8409090909090909
[0.03413044] [[0.05876786]] 0.8444444444444444
[0.03991843] [[0.0625337]] 0.8478260869565217
[0.04583105] [[0.07694126]] 0.851063829787234
[0.02297281] [[0.06749787]] 0.8541666666666666
[0.02465248] [[0.05831652]] 0.8571428571428571
[0.02091026] [[-0.00398589]] 0.84
[0.01312764] [[-0.03943811]] 0.8235294117647058
[0.00161122] [[-0.0731882]] 0.8076923076923077
[0.01015725] [[-0.09989581]] 0.7924528301886793
[0.00787209] [[-0.1213659]] 0.7777777777777778
[-0.01082792] [[-0.14526564]] 0.7818181818181819
[-0.05112443] [[-0.11204371]] 0.7857142857142857
[-0.10505105] [[-0.08560524]] 0.7894736842105263
[-0.12325177] [[-0.05708849]] 0.7931034482758621
[-0.11760024] [[-0.05789467]] 0.7966101694915254
[-0.09404345] [[-0.01080075]] 0.8
[-0.07662906] [[0.03809737]] 0.7868852459016393
[-0.06652612] [[0.07110172]] 0.7741935483870968
[-0.01867694] [[0.06164467]] 0.7619047619047619
[0.02773234] [[0.05055186]] 0.765625
[0.07730278] [[0.05482333]] 0.7692307692307693
[0.09794856] [[0.04140973]] 0.7727272727272727
[0.0849117] [[0.02699209]] 0.7761194029850746
[0.06589698] [[0.00639083]] 0.7794117647058824
[0.05125189] [[0.00723007]] 0.782608695652174
[0.04300917] [[0.0084775]] 0.7857142857142857
[-0.00107343] [[0.00952128]] 0.7746478873239436
[-0.03183004] [[0.003293]] 0.7638888888888888
[-0.0094065] [[-0.00268958]] 0.7671232876712328
[-0.02084145] [[0.01263271]] 0.7567567567567568
[0.00971382] [[0.02776056]] 0.76
[-0.00867769] [[0.04413035]] 0.75
[0.02881987] [[0.04853685]] 0.7532467532467533
[0.04698814] [[0.05943643]] 0.7564102564102564
[0.04719825] [[0.07068237]] 0.759493670886076
[0.05941588] [[0.06357711]] 0.7625
[0.0684358] [[0.05399866]] 0.7654320987654321
[0.05478895] [[0.04277811]] 0.7682926829268293
[0.03793548] [[0.02197514]] 0.7710843373493976
[0.02418015] [[0.00012752]] 0.7738095238095238
[-0.00138227] [[-0.02225489]] 0.7764705882352941
[-0.01012107] [[-0.01936262]] 0.7790697674418605
[-0.01879776] [[-0.0228851]] 0.7816091954022989
[-0.01113134] [[-0.02554404]] 0.7840909090909091
[0.02033654] [[-0.01281974]] 0.7752808988764045
[0.07695917] [[0.00393616]] 0.7777777777777778
[0.04677538] [[0.02046859]] 0.7802197802197802
[0.02573998] [[0.02419265]] 0.782608695652174
[0.03520554] [[0.02693534]] 0.7849462365591398
[0.0614024] [[0.0287531]] 0.7872340425531915
[0.08662364] [[0.03789439]] 0.7894736842105263
[0.05284285] [[0.04377352]] 0.7916666666666666
[0.02448202] [[0.05120448]] 0.7938144329896907
[0.08476139] [[0.05176328]] 0.7959183673469388
[0.08131676] [[0.05230239]] 0.797979797979798
[0.10257056] [[0.05212158]] 0.8
[0.11017609] [[0.04186904]] 0.81
[0.0821225] [[0.03681286]] 0.81
[0.08391282] [[0.03078832]] 0.81
[0.0617251] [[0.03627737]] 0.81
[0.05529889] [[0.0499103]] 0.81
[0.03642802] [[0.06549698]] 0.81
[0.03698322] [[0.06447466]] 0.82
[0.00978305] [[0.05850721]] 0.83
[-0.01460158] [[0.0518616]] 0.83
[-0.04078092] [[0.01551238]] 0.83
[-0.03973995] [[-0.02187075]] 0.84
[-0.0292028] [[-0.05877187]] 0.85
[-0.04683887] [[-0.05659619]] 0.85
[-0.02935336] [[-0.04588807]] 0.85
[-0.08134249] [[-0.03621744]] 0.85
[-0.07422836] [[-0.00213308]] 0.85
[-0.07341849] [[0.01874763]] 0.84
[-0.08343799] [[0.0405611]] 0.83
[-0.0384249] [[0.00772795]] 0.82
[-0.00564951] [[-0.05451492]] 0.82
[0.01698657] [[-0.11287937]] 0.81
[0.01858618] [[-0.13373212]] 0.8
[-0.01809094] [[-0.10902382]] 0.8
[-0.04190633] [[-0.08793076]] 0.8
[-0.05142885] [[-0.06090761]] 0.8
[-0.06006646] [[-0.03756331]] 0.8
[-0.06741781] [[-0.01863888]] 0.8
[-0.03560538] [[-0.02548864]] 0.8
[-0.00741601] [[-0.03736242]] 0.8
[0.00188677] [[-0.0419524]] 0.79
[0.01115392] [[-0.02546482]] 0.78
[0.01370229] [[0.00426289]] 0.78
[0.01789413] [[0.03323179]] 0.78
[0.01856167] [[0.05388947]] 0.78
[0.0309512] [[0.04808148]] 0.78
[0.03696629] [[0.03694209]] 0.78
[0.03726914] [[0.03278845]] 0.78
[0.03339852] [[0.0388286]] 0.78
[0.02643192] [[0.04961484]] 0.78
[0.02566583] [[0.04962627]] 0.78
[0.03473822] [[0.04741304]] 0.78
[0.04538721] [[0.04823052]] 0.78
[0.04515785] [[0.0418406]] 0.78
[0.05879387] [[0.0432511]] 0.78
[0.06049502] [[0.03977674]] 0.78
[0.06491187] [[0.0269691]] 0.78
[0.05606819] [[0.01259926]] 0.78
[0.05492049] [[-0.00316274]] 0.77
[0.04409402] [[-0.00470609]] 0.76
[0.04864049] [[-0.00840989]] 0.76
[0.03587259] [[-0.01242509]] 0.76
[0.02369593] [[-0.00367489]] 0.76
[0.00514632] [[0.00755504]] 0.77
[0.00259101] [[0.0231027]] 0.78
[-0.00014839] [[0.028221]] 0.77
[0.01568775] [[0.02734828]] 0.77
[0.01858125] [[0.02670159]] 0.77
[0.02089489] [[0.02442474]] 0.77
[0.02314672] [[0.02580394]] 0.77
[0.02928863] [[0.02352809]] 0.77
[0.02862953] [[0.02456325]] 0.78
[0.02988374] [[0.02587495]] 0.79
[0.03105332] [[0.03125421]] 0.8
[0.03559437] [[0.04133911]] 0.8
[0.04556485] [[0.05137053]] 0.8
[0.04457983] [[0.06214857]] 0.8
[0.05425571] [[0.0672744]] 0.8
[0.05486472] [[0.07431532]] 0.8
[0.04712526] [[0.07719484]] 0.8
[0.03395528] [[0.06793615]] 0.8
[0.00796829] [[0.06607628]] 0.81
[0.03306419] [[0.06792816]] 0.82
[0.07100008] [[0.08967886]] 0.82
[0.07852369] [[0.1129861]] 0.83
[0.02086793] [[0.14155977]] 0.83
[0.03692413] [[0.14044378]] 0.84
[0.09348358] [[0.10875771]] 0.84
[0.10208789] [[0.0763018]] 0.84
[0.0960006] [[0.03680614]] 0.84
[-0.04290951] [[0.01479458]] 0.83
[-0.14788146] [[-0.01416123]] 0.83
[-0.14478284] [[0.02318568]] 0.82
[0.01394812] [[0.07207078]] 0.82
[0.03258604] [[0.11450099]] 0.82
[0.02937898] [[0.13740082]] 0.82
[0.0520297] [[0.17000942]] 0.82
[0.07878689] [[0.20946087]] 0.82
[0.09824477] [[0.21810709]] 0.82
[0.16560563] [[0.16410211]] 0.83
[0.22040422] [[0.1310027]] 0.83
[0.12848769] [[0.0801572]] 0.83
[0.07281496] [[0.05388294]] 0.83
[0.12166456] [[0.01822642]] 0.83
[0.03112824] [[-0.01147679]] 0.82
[0.02187564] [[0.01707402]] 0.82
[0.01931833] [[0.03038888]] 0.82
[0.00651432] [[0.09098431]] 0.82
[0.05113289] [[0.0971615]] 0.82
[0.08400323] [[0.11120124]] 0.82
[0.10515469] [[0.14854002]] 0.82
[0.10411092] [[0.15380204]] 0.82
[0.15453601] [[0.16067201]] 0.82
[0.21027184] [[0.11862993]] 0.82
[0.18282196] [[0.12686578]] 0.82
[0.12719034] [[0.140078]] 0.82
[0.18320663] [[0.06563762]] 0.82
[0.08682986] [[0.03117286]] 0.82
[0.07718922] [[-0.01615212]] 0.81
[0.01300071] [[-0.03727334]] 0.81
[-0.0577724] [[-0.0988376]] 0.82
[-0.11034353] [[-0.15772209]] 0.82
[-0.18368839] [[-0.12590362]] 0.82
[-0.13651644] [[-0.09165367]] 0.82
[-0.05802156] [[-0.0499492]] 0.82
[-0.07498844] [[-0.00107064]] 0.82
[-0.00268526] [[0.04866751]] 0.81
[0.04842362] [[0.0908204]] 0.82
[0.05545922] [[0.0709452]] 0.83
[0.02451069] [[0.02528071]] 0.84
[0.01363593] [[-0.01401945]] 0.83
[0.01943833] [[-0.04037667]] 0.83
[0.01394813] [[-0.04377739]] 0.83
[-0.00533394] [[-0.04936642]] 0.83
[-0.01925123] [[-0.04453427]] 0.83
[-0.01439725] [[-0.02959152]] 0.83
[-0.02310134] [[-0.02107351]] 0.83
[-0.00100944] [[-0.00480974]] 0.83
[0.02677362] [[-0.00220316]] 0.82
[0.00901209] [[0.00907955]] 0.82
[-0.01388437] [[0.01727223]] 0.82
[-0.04198715] [[0.01514963]] 0.82
[-0.04767012] [[0.01913731]] 0.81
[-0.03267262] [[0.0044023]] 0.8
[-0.00862935] [[-0.01660993]] 0.8
[0.0110365] [[-0.04974641]] 0.79
[0.00285341] [[-0.06569249]] 0.78
[0.01548887] [[-0.05453538]] 0.77
[0.01901018] [[-0.04358156]] 0.76
[-0.01272389] [[-0.06322976]] 0.76
[-0.0078047] [[-0.08427535]] 0.76
[-0.00540644] [[-0.1001048]] 0.76
[-0.0338919] [[-0.06612905]] 0.76
[-0.06587616] [[-0.04170183]] 0.76
[-0.04815103] [[-0.01663933]] 0.76
[-0.01056889] [[0.0343992]] 0.75
[0.00900616] [[0.10567285]] 0.75
[0.05107121] [[0.17858927]] 0.75
[0.15906383] [[0.16219219]] 0.76
[0.141405] [[0.11773725]] 0.77
[0.10628977] [[0.0723753]] 0.78
[0.0330638] [[0.03822472]] 0.79
[0.01051303] [[0.01600581]] 0.8
[-0.00524391] [[-0.00668653]] 0.8
[0.04286882] [[-0.0045749]] 0.79
[0.04504731] [[0.01602288]] 0.8
[0.0353607] [[0.03633513]] 0.8
[0.02762111] [[0.03975582]] 0.8
[0.02269511] [[0.02136756]] 0.8
[0.02741242] [[0.00371523]] 0.8
[0.00399571] [[0.02915136]] 0.8
[-0.00598182] [[0.05198937]] 0.79
[0.00117792] [[0.07431036]] 0.79
[-0.00011425] [[0.09479769]] 0.78
[0.03788146] [[0.10995351]] 0.78
[0.10162096] [[0.12709088]] 0.78
[0.14016625] [[0.10253832]] 0.78
[0.13571438] [[0.10292035]] 0.78
[0.16073978] [[0.1082873]] 0.78
[0.11875904] [[0.13210643]] 0.78
[0.15395047] [[0.14650804]] 0.78
[0.16186114] [[0.15563785]] 0.78
[0.17247078] [[0.14916756]] 0.78
[0.13753583] [[0.11602966]] 0.78
[0.07256591] [[0.07957102]] 0.78
[0.05868098] [[0.0258084]] 0.78
[0.01462028] [[-0.004086]] 0.77
[-0.00186612] [[-0.03211035]] 0.77
[-0.00527761] [[-0.03416561]] 0.77
[0.00765398] [[-0.00912741]] 0.76
[0.0293824] [[0.01913226]] 0.77
[0.04432661] [[0.04272579]] 0.77
[0.05915757] [[0.0488117]] 0.78
[0.07911454] [[0.05579439]] 0.78
[0.07524015] [[0.07020423]] 0.78
[0.0601748] [[0.0675629]] 0.78
[0.04562575] [[0.06170785]] 0.78
[0.03640454] [[0.07015974]] 0.78
[0.02753725] [[0.06941381]] 0.78
[0.01869979] [[0.07080891]] 0.78
[0.02219933] [[0.01474161]] 0.78
[0.02157117] [[-0.00874657]] 0.77
[0.014177] [[-0.04009416]] 0.76
[0.04619771] [[-0.04153043]] 0.75
[0.15059498] [[-0.05721703]] 0.75
[0.00895327] [[-0.06778561]] 0.74
[-0.07296517] [[-0.04520154]] 0.74
[-0.01051744] [[-0.04064777]] 0.74
[0.01360519] [[-0.03220417]] 0.73
[0.03337829] [[-0.07767754]] 0.72
[-0.01960143] [[-0.12062758]] 0.72
[-0.10415655] [[-0.16718172]] 0.72
[-0.18727094] [[-0.15821693]] 0.72
[-0.1560677] [[-0.13296269]] 0.72
[-0.13624969] [[-0.10082482]] 0.72
[-0.05163597] [[-0.0668955]] 0.72
[-0.05424675] [[0.0075069]] 0.71
[-0.0152827] [[0.08023581]] 0.7
[0.04852349] [[0.07277437]] 0.71
[0.05253127] [[0.0346695]] 0.72
[0.03791068] [[0.00019425]] 0.72
[0.04450001] [[0.00763138]] 0.72
[-0.00766361] [[0.00185479]] 0.71
[-0.04337816] [[-0.00492843]] 0.71
[-0.03103421] [[0.02747895]] 0.7
[-0.00761202] [[0.05227448]] 0.69
[0.03260351] [[0.0706715]] 0.7
[0.01480396] [[0.06159218]] 0.7
[0.00880183] [[0.06391058]] 0.7
[0.01096333] [[0.06931645]] 0.7
[0.01383299] [[0.04902329]] 0.71
[0.03653974] [[0.03147788]] 0.72
[0.03133906] [[0.01421429]] 0.73
[-0.01220375] [[0.01312262]] 0.72
[-1.7229468e-05] [[0.01557079]] 0.71
[0.03582171] [[0.01744701]] 0.71
[0.0442651] [[0.03866547]] 0.71
[0.07566586] [[0.04942303]] 0.71
[0.07696431] [[0.0613397]] 0.72
[0.08009338] [[0.08762284]] 0.72
[0.08152946] [[0.1149144]] 0.73
[0.09670741] [[0.14543462]] 0.74
[0.14113948] [[0.13463444]] 0.75
[0.15985374] [[0.1173248]] 0.76
[0.1512809] [[0.09673994]] 0.76
[0.13317268] [[0.06600924]] 0.77
[0.11733675] [[0.0450822]] 0.78
[0.08357617] [[0.0216142]] 0.79
[0.05175398] [[0.02527751]] 0.8
[0.03116118] [[0.02602254]] 0.8
[0.01400171] [[0.03083951]] 0.8
[0.01197252] [[0.01846394]] 0.8
[0.01330977] [[0.00574073]] 0.8
[0.0034518] [[-0.00855795]] 0.79
[-0.01426268] [[-0.01441256]] 0.79
[-0.0137349] [[-0.00088511]] 0.8
[0.0133716] [[0.01167992]] 0.8
[0.02369938] [[0.04561799]] 0.8
[0.04490141] [[0.06468298]] 0.8
[0.05267017] [[0.08862064]] 0.8
[0.05972032] [[0.11794023]] 0.8
[0.07831524] [[0.13829356]] 0.8
[0.09703879] [[0.15389938]] 0.8
[0.12494598] [[0.1254049]] 0.8
[0.07996966] [[0.09829473]] 0.81
[-0.01663433] [[0.06686971]] 0.8
[-0.00964847] [[0.03707868]] 0.79
[0.01436484] [[-0.01776824]] 0.78
[0.03721739] [[-0.06947481]] 0.77
[-0.01333699] [[-0.12261104]] 0.77
[-0.09996052] [[-0.11256686]] 0.77
[-0.1281546] [[-0.10366422]] 0.78
[-0.12859468] [[-0.04489825]] 0.78
[-0.09841883] [[0.02670658]] 0.78
[-0.04954264] [[0.11341525]] 0.77
[-0.03658699] [[0.19553766]] 0.76
[0.12694007] [[0.2088398]] 0.76
[0.1375794] [[0.21793145]] 0.76
[0.16942985] [[0.15724979]] 0.76
[0.08512603] [[0.11271331]] 0.76
[0.05677915] [[0.06287203]] 0.76
[0.05410652] [[0.04932915]] 0.76
[0.03732014] [[0.05814574]] 0.76
[0.05278001] [[0.07048839]] 0.76
[0.07270394] [[0.11830301]] 0.76
[0.12794073] [[0.15673786]] 0.76
[0.0766937] [[0.19504006]] 0.77
[0.12112631] [[0.20190653]] 0.77
[0.19320866] [[0.21640805]] 0.77
[0.18479073] [[0.22761771]] 0.78
[0.10483605] [[0.2109299]] 0.78
[0.17108412] [[0.1885538]] 0.78
[0.14735734] [[0.17051061]] 0.78
[0.03735562] [[0.2202547]] 0.78
[0.06269349] [[0.33127481]] 0.78
[0.11158009] [[0.43763389]] 0.78
[0.25590405] [[0.44595699]] 0.78
[0.5431032] [[0.38143214]] 0.78
[0.2685187] [[0.312631]] 0.78
[0.22163114] [[0.31011799]] 0.78
[0.21968243] [[0.21730567]] 0.78
[0.23771018] [[0.09701958]] 0.79
[0.13890971] [[0.06481921]] 0.8
[0.15726353] [[0.18630181]] 0.81
[0.22289547] [[0.32288818]] 0.82
[0.31423652] [[0.30164838]] 0.83
[0.2924221] [[0.19541377]] 0.83
[0.28357863] [[0.10728609]] 0.83
[0.15228155] [[0.00953848]] 0.84
[0.1428897] [[-0.13751296]] 0.84
[0.02382646] [[-0.31921137]] 0.83
[-0.08993877] [[-0.39676816]] 0.83
[-0.40005505] [[-0.36825768]] 0.83
[-0.40212932] [[-0.30982549]] 0.83
[-0.20930436] [[-0.18720032]] 0.83
[-0.06512345] [[-0.11480095]] 0.83
[-0.02842356] [[-0.01888873]] 0.84
[-0.05656308] [[-0.02538853]] 0.85
[-0.0180656] [[-0.00582021]] 0.85
[-0.01786047] [[-0.01489861]] 0.85
[-0.02397687] [[-0.01126953]] 0.85
[-0.05239814] [[0.00343413]] 0.84
[-0.02793938] [[0.02236173]] 0.84
[-0.00913129] [[0.14355378]] 0.83
[0.0612355] [[0.21070038]] 0.84
[0.11727096] [[0.27910528]] 0.85
[0.04865226] [[0.16646663]] 0.85
[0.05487566] [[0.07591342]] 0.85
[0.05277125] [[-0.01480904]] 0.84
[0.04058281] [[-0.10250982]] 0.83
[-0.03996491] [[-0.16640514]] 0.83
[-0.06603711] [[-0.22300772]] 0.83
[-0.16780926] [[-0.16967292]] 0.83
[-0.21017541] [[-0.11239445]] 0.84
[-0.00421716] [[-0.06102948]] 0.85
[-0.03035927] [[-0.07604672]] 0.85
[-0.09038731] [[-0.11173968]] 0.85
[-0.10497953] [[-0.1431108]] 0.85
[-0.06179348] [[-0.1118968]] 0.85
[-0.09314258] [[-0.1059344]] 0.85
[-0.11150997] [[-0.0920894]] 0.85
[-0.03725657] [[-0.07397962]] 0.85
[0.00765045] [[-0.03227382]] 0.84
[-0.04124499] [[0.00407635]] 0.83
[0.05560981] [[-0.02760017]] 0.82
[0.07659447] [[-0.0258041]] 0.81
[0.00415139] [[-0.0296082]] 0.8
[0.0097123] [[-0.00099287]] 0.79
[0.11268607] [[-0.01429902]] 0.78
[-0.01338228] [[-0.02577738]] 0.78
[-0.08592524] [[-0.04426557]] 0.78
[-0.03114927] [[-0.06207067]] 0.78
[-0.05237754] [[-0.07861382]] 0.78
[-0.05369509] [[-0.08486177]] 0.79
[-0.09824844] [[-0.08886299]] 0.79
[-0.09344291] [[-0.09251941]] 0.79
[-0.10673478] [[-0.07363]] 0.79
[-0.08482397] [[-0.04485674]] 0.79
[-0.03915821] [[-0.0199142]] 0.79
[-0.01139895] [[-0.0116884]] 0.79
[-0.01978081] [[0.0072904]] 0.78
[0.00269499] [[0.02372722]] 0.78
[0.03964935] [[0.03073243]] 0.78
[0.04428638] [[0.02811999]] 0.78
[-0.12160046] [[0.03130581]] 0.77
[-0.09923242] [[0.04809245]] 0.77
[-0.02489369] [[0.06610594]] 0.77
[0.00397919] [[0.08758409]] 0.78
[0.01146721] [[0.09240133]] 0.79
[0.0412512] [[0.08678357]] 0.79
[0.01824324] [[0.07178287]] 0.79
[0.01652527] [[0.04345843]] 0.79
[-0.01240125] [[0.01079903]] 0.78
[-0.0193821] [[-0.02174137]] 0.79
[0.01130616] [[-0.03501229]] 0.79
[-0.01874836] [[-0.03842984]] 0.8
[-0.01924034] [[-0.03750336]] 0.8
[-0.03648009] [[-0.01617648]] 0.8
[-0.03947138] [[0.00363234]] 0.79
[-0.01220522] [[0.0198084]] 0.78
[-0.00171479] [[0.03254294]] 0.77
[0.01736738] [[0.0368269]] 0.77
[0.00397329] [[0.04400626]] 0.77
[0.00582648] [[0.03147324]] 0.77
[0.00214421] [[0.0083929]] 0.77
[0.00545374] [[-0.01840144]] 0.76
[0.02096268] [[-0.04980695]] 0.75
[0.00753966] [[-0.07120782]] 0.74
[-0.02358712] [[-0.09248488]] 0.74
[-0.07845961] [[-0.09052999]] 0.74
[-0.1043684] [[-0.07334377]] 0.74
[-0.08673859] [[-0.0492109]] 0.74
[-0.07692093] [[-0.0346964]] 0.74
[-0.07359637] [[-0.02404766]] 0.74
[-0.04978518] [[-0.01982567]] 0.74
[-0.0373] [[-0.02491856]] 0.74
[-0.03568709] [[-0.03282859]] 0.74
[-0.03151425] [[-0.03395538]] 0.74
[-0.03220347] [[-0.01041691]] 0.74
[-0.02708973] [[0.00297666]] 0.73
[-0.020202] [[0.01734834]] 0.72
[0.00234299] [[0.0157812]] 0.72
[0.02098507] [[0.01711502]] 0.72
[0.02424528] [[0.00871283]] 0.72
[-0.03015669] [[-0.01727394]] 0.72
[-0.05737998] [[-0.0347244]] 0.72
[-0.01025329] [[-0.04799831]] 0.72
[-0.05616139] [[-0.06279105]] 0.72
[-0.09266376] [[-0.08792107]] 0.72
[0.00987269] [[-0.1123862]] 0.72
[-0.00306086] [[-0.09244694]] 0.73
[-0.0219735] [[-0.06255259]] 0.73
[-0.07141869] [[-0.03893384]] 0.73
[-0.08578859] [[-0.02277916]] 0.73
[-0.05543036] [[-0.01830215]] 0.73
[-0.05046524] [[-0.01396011]] 0.73
[-0.04667252] [[-0.01304868]] 0.73
[-0.01473957] [[-0.01985032]] 0.73
[0.01998056] [[-0.02502228]] 0.72
[0.05496851] [[-0.02166136]] 0.71
[0.05374895] [[0.01152491]] 0.71
[0.02962212] [[0.0413431]] 0.72
[0.03539792] [[0.0540214]] 0.73
[0.03634908] [[0.05905689]] 0.74
[0.04702087] [[0.06287932]] 0.74
[0.04145403] [[0.0643943]] 0.74
[0.03134562] [[0.04578827]] 0.74
[-0.00921907] [[0.02512421]] 0.73
[-0.03088091] [[0.02277388]] 0.73
[-0.03210979] [[0.02510489]] 0.73
[-0.02692922] [[0.03038342]] 0.72
[-0.02586485] [[0.03330411]] 0.71
[0.0005972] [[0.0471868]] 0.71
[0.03301921] [[0.06052489]] 0.71
[0.05410837] [[0.04927391]] 0.71
[0.0474652] [[0.03103374]] 0.71
[0.04472685] [[0.0088514]] 0.71
[0.03184627] [[0.00892141]] 0.71
[0.00980875] [[0.00158031]] 0.71
[0.00324219] [[-0.00509894]] 0.7
[0.03234247] [[-0.01290012]] 0.69
[0.01236463] [[0.00312397]] 0.69
[-0.03581951] [[0.02661847]] 0.69
[-0.02593251] [[0.03599861]] 0.69
[-0.02721391] [[0.03069144]] 0.69
[-0.02734373] [[0.02239783]] 0.69
[-0.05952101] [[0.01443089]] 0.69
[-0.05426364] [[0.00157141]] 0.69
[-0.04205466] [[-0.01494902]] 0.7
[-0.03082942] [[-0.041895]] 0.7
[-0.02961442] [[-0.05874459]] 0.7
[-0.03685972] [[-0.07241684]] 0.7
[-0.04010054] [[-0.05565631]] 0.7
[-0.04400888] [[-0.04867956]] 0.7
[-0.03081525] [[-0.0422262]] 0.7
[-0.01452374] [[-0.03858715]] 0.7
[-0.00396241] [[-0.02780751]] 0.7
[0.00202222] [[-0.01615147]] 0.69
[0.00651547] [[-0.01229114]] 0.68
[0.00483194] [[-0.01018693]] 0.67
[0.0002166] [[-0.00725104]] 0.67
[-0.00744041] [[-0.01646762]] 0.67
[-0.02831997] [[-0.02982894]] 0.67
[-0.07167704] [[-0.04544659]] 0.67
[-0.06053233] [[-0.05979897]] 0.68
[-0.05617084] [[-0.06665132]] 0.69
[-0.05716647] [[-0.07407141]] 0.7
[-0.06877151] [[-0.05012268]] 0.7
[-0.07596506] [[-0.03185358]] 0.7
[-0.06228958] [[-0.0116302]] 0.7
[-0.03719455] [[-0.00440902]] 0.7
[-0.01160298] [[0.00701402]] 0.69
[-0.00409791] [[0.01873373]] 0.69
[-0.00311823] [[0.01509782]] 0.68
[0.01048462] [[0.01306453]] 0.69
[0.02016581] [[0.01108125]] 0.69
[0.00622243] [[0.01267873]] 0.69
[0.00291073] [[0.00717229]] 0.69
[0.00273429] [[0.00191009]] 0.7
[0.00580846] [[-0.01564725]] 0.7
[0.00606636] [[-0.03039547]] 0.7
[-0.00117387] [[-0.04545965]] 0.7
[-0.01624642] [[-0.05637808]] 0.7
[-0.0156983] [[-0.05948764]] 0.7
[-0.01848159] [[-0.06227485]] 0.7
[-0.04759095] [[-0.04159342]] 0.71
[-0.01065649] [[-0.03021258]] 0.72
[0.01279083] [[-0.01975749]] 0.72
[0.00866306] [[-0.00743688]] 0.71
[-0.01306198] [[0.0009934]] 0.7
[0.00953928] [[0.01125894]] 0.7
[0.02118108] [[0.00026164]] 0.7
[0.01831042] [[-0.00683514]] 0.69
[0.0180807] [[-0.01392193]] 0.68
[0.01013246] [[-0.02026815]] 0.67
[-0.00109413] [[-0.02307819]] 0.67
[-0.01585301] [[-0.02944438]] 0.67
[-0.01725527] [[-0.02370486]] 0.67
[-0.01906254] [[-0.01920304]] 0.67
[-0.01430413] [[-0.00696305]] 0.68
[-0.01371559] [[-0.00029443]] 0.69
[-0.00703719] [[0.0082251]] 0.68
[-7.732259e-05] [[0.01686515]] 0.67
[-0.00137671] [[0.02328028]] 0.66
[-0.00336373] [[0.03253654]] 0.65
[0.00104214] [[0.02975012]] 0.65
[0.02725523] [[0.02434446]] 0.65
[0.03050661] [[0.01637427]] 0.65
[0.02198888] [[0.01179302]] 0.65
[0.01899017] [[0.00603047]] 0.66
[0.00796817] [[-0.00424928]] 0.65
[0.00016041] [[-0.0093723]] 0.64
[-0.01054266] [[-0.0145732]] 0.64
[-0.01460226] [[-0.02018963]] 0.64
[-0.011878] [[-0.02644731]] 0.64
[-0.02425413] [[-0.02021865]] 0.64
[-0.02282996] [[0.00044532]] 0.63
[0.00354711] [[0.03116006]] 0.63
[0.01375714] [[0.05699202]] 0.64
[0.03201105] [[0.07309935]] 0.65
[0.02598993] [[0.07767229]] 0.65
[0.02919907] [[0.07240942]] 0.65
[0.04189885] [[0.06406136]] 0.65
[-0.00245166] [[0.04836165]] 0.64
[0.02736931] [[0.04635748]] 0.64
[-0.01422305] [[0.04447914]] 0.63
[-0.00257227] [[0.04862209]] 0.62
[0.0042009] [[0.04597951]] 0.63
[0.0130705] [[0.04070296]] 0.64
[0.03114537] [[0.03855723]] 0.65
[0.01637316] [[0.01501223]] 0.66
[0.01700454] [[-0.00970963]] 0.66
[-0.00216685] [[-0.02799693]] 0.66
[-0.00198834] [[-0.03943921]] 0.66
[-0.0105152] [[-0.04886272]] 0.66
[-0.01520039] [[-0.07198453]] 0.66
[-0.01169762] [[-0.07715042]] 0.66
[-0.03653518] [[-0.06843323]] 0.66
[-0.06147209] [[-0.06111052]] 0.66
[-0.06535593] [[-0.06225551]] 0.67
[-0.06389233] [[-0.06981889]] 0.68
[-0.06731608] [[-0.07006625]] 0.68
[-0.06657364] [[-0.06109119]] 0.69
[-0.04248014] [[-0.05517552]] 0.7
[-0.03115425] [[-0.04426683]] 0.71
[-0.0277912] [[-0.02894366]] 0.72
[-0.02254561] [[-0.01440241]] 0.73
[-0.02431226] [[0.00230171]] 0.73
[-0.03109313] [[0.00662708]] 0.72
[-0.0273911] [[0.00957965]] 0.71
[-0.0119296] [[0.01125442]] 0.7
[0.0122139] [[0.00895607]] 0.7
[0.01548273] [[0.01395654]] 0.7
[0.01415094] [[0.0085798]] 0.7
[-0.00847455] [[0.01030286]] 0.69
[-0.02341089] [[0.01217237]] 0.68
[-0.02356782] [[0.01731062]] 0.67
[0.00158632] [[0.02248006]] 0.68
[0.01061185] [[0.02508489]] 0.69
[0.01927112] [[0.03712125]] 0.7
[0.03451687] [[0.03891648]] 0.71
[0.0383088] [[0.03454578]] 0.71
[0.03872941] [[0.02321765]] 0.71
[0.0255612] [[0.02680796]] 0.71
[0.00849126] [[0.0272812]] 0.71
[0.01038588] [[0.02530847]] 0.71
[0.02365592] [[0.0165101]] 0.71
[0.02733491] [[-0.00480127]] 0.7
[0.01176421] [[-0.0236428]] 0.69
[-0.00852064] [[-0.05125418]] 0.69
[-0.01528141] [[-0.0604575]] 0.69
[-0.02661179] [[-0.06955622]] 0.7
[-0.01256714] [[-0.06520707]] 0.71
[0.01179035] [[-0.04517693]] 0.71
[-0.0384156] [[-0.02599418]] 0.71
[-0.03172462] [[-0.00455402]] 0.71
[0.02129733] [[0.00422746]] 0.71
[0.02452613] [[0.01414479]] 0.71
[0.04517472] [[0.01306043]] 0.71
[0.03521658] [[0.00847046]] 0.72
[0.03086118] [[0.00295599]] 0.73
[0.03037354] [[-0.00083621]] 0.72
[0.02055258] [[0.00179186]] 0.72
[0.0139295] [[0.00618798]] 0.72
[-0.01104954] [[0.01427269]] 0.71
[-0.01753546] [[0.01869042]] 0.7
[-0.01671991] [[0.01934536]] 0.69
[-0.00033329] [[0.01403889]] 0.69
[0.00900119] [[0.00351944]] 0.7
[-0.0056949] [[-0.0035672]] 0.71
[-0.00557488] [[-0.00857822]] 0.71
[-0.00449897] [[-0.00657795]] 0.71
[0.00084657] [[-0.00431332]] 0.71
[0.00643098] [[0.0018751]] 0.72
[0.01990996] [[0.00144801]] 0.73
[0.04177841] [[-0.00457987]] 0.72
[0.01378797] [[-0.00661523]] 0.71
[0.00143566] [[-0.00521151]] 0.7
[-0.00224712] [[-0.00081895]] 0.7
[-0.00338567] [[0.00018136]] 0.69
[-0.00022294] [[0.00447938]] 0.68
[-0.00095032] [[0.00921112]] 0.68
[0.00695261] [[-0.0006674]] 0.68
[-0.00128713] [[-0.01299366]] 0.69
[-0.01112036] [[-0.025029]] 0.7
[-0.03884896] [[-0.02505572]] 0.7
[-0.01667108] [[-0.02093527]] 0.7
[-0.01930367] [[-0.01334611]] 0.7
[0.00244004] [[0.00387246]] 0.7
[0.02343545] [[0.0159925]] 0.7
[0.02562836] [[0.02294246]] 0.71
[0.01564689] [[0.01882212]] 0.72
[0.01307434] [[0.01297971]] 0.72
[0.00344335] [[0.0041848]] 0.72
[0.00521801] [[-0.00309863]] 0.71
[-0.00939358] [[-0.00640627]] 0.71
[-0.01566776] [[-0.0046438]] 0.72
[-0.00698533] [[-0.00222704]] 0.72
[-0.01322478] [[-0.00233645]] 0.72
[-0.00880791] [[-0.00294679]] 0.72
[-0.01214034] [[-0.00489881]] 0.72
[-0.01897245] [[-0.00829316]] 0.72
[-0.00971303] [[-0.01211558]] 0.72
[-0.00480362] [[-0.01343198]] 0.73
[-0.0070655] [[-0.01038638]] 0.73
[-0.00068221] [[-0.00731748]] 0.74
[0.0033381] [[-0.0036079]] 0.74
[0.00115813] [[0.00185873]] 0.74
[2.0347201e-05] [[0.00722043]] 0.74
[-0.0001542] [[0.01204748]] 0.73
[-0.00025089] [[0.01114666]] 0.72
[-0.00334652] [[0.00894664]] 0.72
[0.00458632] [[0.00412227]] 0.72
[0.01113828] [[7.83920964e-05]] 0.72
[0.01720267] [[-0.00212102]] 0.71
[0.01515995] [[-0.00668115]] 0.7
[-0.00434682] [[-0.01302184]] 0.7
[-0.00963964] [[-0.02935355]] 0.7
[-0.01484367] [[-0.04472308]] 0.7
[-0.0184587] [[-0.05747242]] 0.7
[-0.03003293] [[-0.06167991]] 0.7
[-0.04051669] [[-0.06917329]] 0.7
[-0.04219387] [[-0.0870041]] 0.7
[-0.06014493] [[-0.09743675]] 0.7
[-0.06129375] [[-0.09650931]] 0.7
[-0.07055415] [[-0.0897919]] 0.7
[-0.07368346] [[-0.08898575]] 0.7
[-0.07501038] [[-0.09988459]] 0.71
[-0.07527187] [[-0.08784649]] 0.72
[-0.07911081] [[-0.07507629]] 0.73
[-0.06717732] [[-0.04854371]] 0.74
[-0.06718408] [[-0.03029291]] 0.74
[-0.05215735] [[-0.01432564]] 0.74
[-0.03986682] [[0.00438719]] 0.73
[-0.01967674] [[0.01176108]] 0.73
[-0.00719762] [[0.02233654]] 0.73
[0.00032964] [[0.01159909]] 0.74
[0.0014781] [[-0.00522953]] 0.73
[-0.01779265] [[-0.02882211]] 0.73
[-0.02574631] [[-0.04387634]] 0.73
[-0.02553377] [[-0.05203258]] 0.73
[-0.02615328] [[-0.05504277]] 0.73
[-0.03265853] [[-0.04724853]] 0.73
[-0.03671489] [[-0.03938152]] 0.73
[-0.05354732] [[-0.03068509]] 0.73
[-0.03167043] [[-0.01964431]] 0.73
[-0.02050916] [[-0.01263558]] 0.73
[-0.01574294] [[-0.00940033]] 0.74
[-0.01586771] [[-0.01590669]] 0.75
[-0.01041762] [[-0.01276633]] 0.75
[-0.02799482] [[-0.00352285]] 0.75
[-0.01004752] [[0.01326929]] 0.74
[-0.01471096] [[0.03229678]] 0.73
[0.00665552] [[0.0515167]] 0.74
[0.02606846] [[0.05793549]] 0.74
[0.03213217] [[0.05659671]] 0.74
[0.05794799] [[0.04510536]] 0.74
[0.05812794] [[0.0284789]] 0.74
[0.04248805] [[0.00754]] 0.74
[0.03166909] [[-0.01146981]] 0.73
[0.00230735] [[-0.01594995]] 0.72
[-0.01696659] [[-0.01480913]] 0.73
[-0.03161664] [[-0.01315932]] 0.73
[-0.02166679] [[-0.00933207]] 0.73
[-0.01484014] [[-0.00822728]] 0.74
[-0.01129483] [[-0.00225402]] 0.75
[-0.00979873] [[0.00146028]] 0.75
[0.00163267] [[0.00103795]] 0.76
[0.01483749] [[0.00308804]] 0.76
[0.01531479] [[0.00327555]] 0.76
[0.02271669] [[0.01316134]] 0.76
[0.017964] [[0.01609131]] 0.76
[0.01225075] [[0.01792824]] 0.77
[0.02852365] [[0.00989492]] 0.77
[0.03037191] [[-0.00155648]] 0.76
[0.02372748] [[-0.01504511]] 0.76
[0.01134508] [[-0.02960868]] 0.76
[-0.00111075] [[-0.04183928]] 0.77
[-0.00971122] [[-0.0479078]] 0.77
[-0.01609482] [[-0.04003555]] 0.78
[-0.04830844] [[-0.0224617]] 0.79
[-0.01572298] [[-0.00921388]] 0.8
[-0.02181215] [[0.0021456]] 0.8
[-0.0142033] [[0.0107802]] 0.79
[0.00252644] [[0.00653041]] 0.79
[-0.00703086] [[-0.00072317]] 0.79
[-0.0054411] [[-0.00884423]] 0.79
[-0.00820238] [[-0.00716175]] 0.79
[-0.00572509] [[-0.00813288]] 0.79
[-0.00561134] [[-0.01192999]] 0.79
[-0.00298957] [[-0.00825578]] 0.79
[-0.00359413] [[-0.00350478]] 0.79
[-0.00162136] [[-0.00416857]] 0.79
[0.01088046] [[-0.01222139]] 0.78
[0.02930908] [[-0.01888444]] 0.78
[0.00592691] [[-0.01913762]] 0.77
[-0.01033355] [[-0.01681558]] 0.77
[-0.02733131] [[-0.01356378]] 0.77
[-0.01951814] [[-0.00684581]] 0.77
[-0.00873334] [[-0.00049266]] 0.77
[-0.00339633] [[0.00176023]] 0.76
[-0.00187595] [[-0.00055502]] 0.76
[-0.00077946] [[-0.00624692]] 0.76
[-0.00028894] [[0.00177568]] 0.75
[-0.00567504] [[0.01382803]] 0.74
[-0.00934416] [[0.02775684]] 0.73
[-0.01360184] [[0.02663289]] 0.73
[-0.01788676] [[0.02611042]] 0.72
[0.01027517] [[0.02529675]] 0.72
[0.02274696] [[0.0159724]] 0.73
[0.02422496] [[0.00430674]] 0.74
[0.02333954] [[-0.00775945]] 0.74
[0.00927331] [[-0.00350898]] 0.73
[0.00560717] [[0.01100808]] 0.73
[0.01256973] [[0.02766281]] 0.74
[0.00875053] [[0.04247418]] 0.75
[0.0252885] [[0.04531464]] 0.75
[0.03530872] [[0.04738809]] 0.75
[0.04748217] [[0.05168162]] 0.75
[0.04066557] [[0.03021484]] 0.75
[0.01700788] [[0.01075262]] 0.75
[-0.0048225] [[-0.01636478]] 0.75
[-0.0179922] [[-0.01496659]] 0.75
[-0.02711342] [[-0.01727544]] 0.75
[-0.03042398] [[-0.02328037]] 0.75
[-0.03203965] [[-0.0155908]] 0.75
[-0.01489543] [[-0.01132743]] 0.75
[-0.01510943] [[-0.00293249]] 0.75
[-0.005808] [[-0.00414166]] 0.75
[0.01466611] [[-0.00156143]] 0.74
[0.01884738] [[0.00541614]] 0.74
[0.01359451] [[0.00572872]] 0.74
[0.01017913] [[0.01078455]] 0.74
[0.00244041] [[0.01746945]] 0.75
[-6.5415166e-05] [[0.01568927]] 0.75
[-0.00369042] [[0.01019255]] 0.75
[-0.00085117] [[0.00070584]] 0.74
[-0.00387653] [[0.00071915]] 0.74
[-0.00228193] [[-0.00063329]] 0.74
[-0.01081805] [[0.0038439]] 0.73
[-0.02146635] [[0.00878389]] 0.72
[0.00221813] [[0.01439483]] 0.72
[0.00429322] [[0.0172919]] 0.72
[0.00937751] [[0.01998008]] 0.72
[0.00793691] [[0.01761443]] 0.72
[0.00268168] [[0.00981175]] 0.72
[-0.01650837] [[0.00264429]] 0.71
[-0.01806702] [[-0.00021823]] 0.71
[-0.01672516] [[-0.00391096]] 0.71
[-0.01127143] [[-0.0099909]] 0.71
[-0.00831908] [[-0.00701194]] 0.71
[-0.01023274] [[-0.00068001]] 0.72
[-0.00667437] [[0.00949024]] 0.72
[0.00699363] [[0.01259147]] 0.72
[0.01635659] [[0.01938325]] 0.72
[0.01973949] [[0.02437632]] 0.72
[0.01433631] [[0.05928388]] 0.72
[0.03290677] [[0.09375293]] 0.72
[0.04686926] [[0.11905073]] 0.72
[0.03929009] [[0.11952959]] 0.73
[0.09217473] [[0.12064418]] 0.74
[0.12179773] [[0.13201053]] 0.74
[0.06313482] [[0.10858612]] 0.74
[0.14036897] [[0.07553495]] 0.74
[0.07812078] [[0.04623344]] 0.74
[0.09220681] [[0.02868427]] 0.74
[0.04279036] [[0.01947609]] 0.75
[0.02764581] [[-0.00442769]] 0.74
[0.01969048] [[-0.00962976]] 0.73
[0.00696467] [[-0.01609369]] 0.72
[0.0021451] [[-0.01557352]] 0.71
[-0.00827333] [[-0.00284544]] 0.71
[-0.01348023] [[0.01140541]] 0.7
[-0.00838657] [[0.02528307]] 0.69
[-0.00183755] [[0.02435809]] 0.69
[-0.00674765] [[0.02685672]] 0.69
[0.03794369] [[0.02531745]] 0.7
[0.03779195] [[0.03143704]] 0.7
[0.0343086] [[0.02761824]] 0.7
[0.02997146] [[0.0162485]] 0.7
[0.02106597] [[0.00261309]] 0.7
[0.01005673] [[-0.00437374]] 0.69
[-0.00466876] [[-0.00411594]] 0.7
[-0.00361944] [[-0.01459267]] 0.71
[-0.00478077] [[-0.02139109]] 0.71
[-0.0134186] [[-0.01249395]] 0.71
[-0.00303856] [[0.0027315]] 0.7
[0.0081751] [[0.02574887]] 0.7
[0.02374014] [[0.04013964]] 0.7
[0.03321157] [[0.05570738]] 0.7
[0.04492233] [[0.05756748]] 0.7
[0.03278136] [[0.05579946]] 0.7
[0.03871465] [[0.05941674]] 0.7
[0.03122565] [[0.06189483]] 0.71
[0.03679968] [[0.0675157]] 0.72
[0.03469729] [[0.10813646]] 0.73
[0.08959001] [[0.14147079]] 0.73
[0.12024191] [[0.20242]] 0.73
[0.11491437] [[0.22427502]] 0.73
[0.16519994] [[0.25661739]] 0.73
[0.31140527] [[0.23551401]] 0.74
[0.3024593] [[0.15459443]] 0.74
[0.21431199] [[0.08115404]] 0.74
[0.1136502] [[0.0324523]] 0.75
[0.06049909] [[0.028132]] 0.76
[0.04514742] [[0.00542356]] 0.77
[0.00863781] [[-0.02049309]] 0.77
[0.00674398] [[0.00014836]] 0.78
[0.00363653] [[0.04035312]] 0.78
[0.01126575] [[0.04579671]] 0.78
[0.0234121] [[0.05145986]] 0.78
[0.08948041] [[0.05118533]] 0.79
[0.00136293] [[0.0897693]] 0.8
[0.02367338] [[0.09041049]] 0.8
[0.05614974] [[0.07155887]] 0.8
[0.01328618] [[0.05023187]] 0.8
[0.01679115] [[0.01811352]] 0.8
[0.01068243] [[0.00836995]] 0.8
[0.00068648] [[-0.02556729]] 0.79
[-0.0203899] [[-0.05164516]] 0.79
[-0.02911072] [[-0.06675812]] 0.79
[-0.03698252] [[-0.07329647]] 0.79
[-0.04158666] [[-0.05864985]] 0.79
[-0.05089657] [[-0.069322]] 0.79
[-0.0365699] [[-0.06039873]] 0.79
[-0.04788802] [[-0.03097805]] 0.79
[-0.00157737] [[-0.00057955]] 0.79
[0.03876894] [[0.02681517]] 0.79
[0.05818057] [[0.02335552]] 0.79
[0.05233601] [[0.04322117]] 0.8
[0.04892876] [[0.06953495]] 0.8
[0.058406] [[0.0908604]] 0.8
[0.0745648] [[0.10984296]] 0.8
[0.10891212] [[0.10130165]] 0.8
[0.16810706] [[0.10541098]] 0.81
[0.1997316] [[0.08829841]] 0.82
[0.09967363] [[0.10178332]] 0.83
[0.09355636] [[0.12237306]] 0.84
[0.10637534] [[0.14295816]] 0.84
[0.12044658] [[0.16137745]] 0.85
[0.09063987] [[0.18493653]] 0.86
[0.17654866] [[0.23901412]] 0.86
[0.21078704] [[0.20243834]] 0.86
[0.1323523] [[0.17585537]] 0.86
[0.1442731] [[0.10787412]] 0.86
[0.06377975] [[0.07290686]] 0.86
[0.04997924] [[-0.01126639]] 0.86
[0.03015779] [[-0.10074919]] 0.85
[-0.02214741] [[-0.06681225]] 0.85
[0.05039319] [[-0.06303677]] 0.84
[0.04499564] [[-0.03152303]] 0.83
[0.05988125] [[-0.03752304]] 0.82
[0.05415735] [[0.01003271]] 0.83
[0.02544528] [[0.0603654]] 0.83
[0.0387432] [[0.06244387]] 0.83
[0.04327192] [[0.06499893]] 0.83
[0.03254303] [[0.04306668]] 0.83
[0.05560672] [[0.04182666]] 0.83
[0.06144216] [[0.01878757]] 0.83
[0.03033927] [[-0.03399338]] 0.82
[-0.00777723] [[-0.08325702]] 0.82
[-0.08400433] [[-0.13942747]] 0.82
[-0.09914537] [[-0.12960835]] 0.82
[-0.12767032] [[-0.11576247]] 0.82
[-0.02360887] [[-0.07448589]] 0.82
[0.02254838] [[-0.02815649]] 0.81
[0.04448194] [[-0.01070161]] 0.8
[0.02950681] [[0.02328134]] 0.81
[0.04709181] [[0.01578289]] 0.82
[0.07038011] [[0.00450249]] 0.83
[0.06942365] [[-0.02673154]] 0.83
[0.06257404] [[-0.04726196]] 0.82
[0.03485619] [[-0.0528978]] 0.82
[0.05995261] [[-0.0575014]] 0.82
[0.07962821] [[-0.04767625]] 0.82
[0.09324422] [[-0.02836076]] 0.82
[-0.06388862] [[-0.00670862]] 0.82
[0.0505113] [[0.01232489]] 0.82
[0.12807962] [[0.03868459]] 0.82
[0.14154823] [[0.06143204]] 0.82
[0.16055506] [[0.08098519]] 0.82
[0.10900995] [[0.10290585]] 0.83
[0.07722548] [[0.10396707]] 0.83
[-0.02337276] [[0.10224206]] 0.82
[0.01052482] [[0.08532993]] 0.82
[0.03129365] [[0.07655983]] 0.82
[-0.01035872] [[0.05173611]] 0.82
[-0.04307334] [[0.02050404]] 0.81
[-0.0446227] [[2.58259239e-05]] 0.8
[0.00305014] [[-0.02515774]] 0.79
[-0.01066879] [[-0.05446753]] 0.79
[-0.03592207] [[-0.07623672]] 0.79
[-0.09154577] [[-0.07031161]] 0.79
[-0.05939195] [[-0.05891536]] 0.79
[-0.00335957] [[-0.04976073]] 0.79
[-0.00237462] [[-0.03306376]] 0.79
[-0.01673823] [[-0.00371067]] 0.79
[-0.03942448] [[0.00864399]] 0.78
[-0.00550508] [[0.00456769]] 0.77
[-0.01175034] [[-0.00327034]] 0.77
[-0.06544609] [[-0.00346269]] 0.77
[-0.01023277] [[-0.01190327]] 0.77
[0.0066366] [[-0.02032253]] 0.76
[-0.04172464] [[-0.01678804]] 0.76
[-0.04239377] [[-0.01102465]] 0.76
[-0.05664699] [[-0.01908483]] 0.76
[-0.02880185] [[-0.0279411]] 0.77
[-0.01728132] [[-0.02885647]] 0.77
[0.00047728] [[-0.02323537]] 0.76
[-0.00433889] [[-0.01229684]] 0.76
[-0.01316188] [[0.00732071]] 0.75
[-0.00285476] [[0.03145172]] 0.74
[0.01965885] [[0.04346227]] 0.74
[0.02616104] [[0.04218076]] 0.74
[0.03554745] [[0.03750128]] 0.74
[0.00150758] [[0.02386321]] 0.74
[0.00960338] [[0.00717069]] 0.74
[0.01352623] [[-0.0129767]] 0.73
[0.01748722] [[-0.0195996]] 0.73
[0.02331093] [[-0.01250688]] 0.72
[0.00129635] [[-0.00688502]] 0.71
[-0.00219741] [[-0.00103549]] 0.71
[-0.01821021] [[-0.00278846]] 0.71
[-0.00232419] [[0.00194371]] 0.7
[0.00087383] [[0.00326211]] 0.7
[0.00346972] [[-0.00113456]] 0.69
[-0.00546664] [[-0.00547216]] 0.69
[-0.00551952] [[-0.00933727]] 0.69
[-0.02147945] [[-0.01065029]] 0.69
[-0.03070861] [[-0.01313291]] 0.69
[-0.02381923] [[-0.01834609]] 0.69
[-0.02153942] [[-0.03895382]] 0.69
[-0.05289223] [[-0.06373999]] 0.69
[-0.0788498] [[-0.08763581]] 0.69
[-0.07540005] [[-0.08889135]] 0.69
[-0.04166015] [[-0.08503031]] 0.69
[-0.05569454] [[-0.07624433]] 0.69
[-0.0287351] [[-0.05225918]] 0.69
[-0.00782305] [[-0.02797371]] 0.69
[-0.00525054] [[-0.00040194]] 0.69
[-0.01614283] [[0.00369074]] 0.68
[-0.00447338] [[0.00430967]] 0.67
[0.00025598] [[0.00093033]] 0.67
[0.00443417] [[-0.00616023]] 0.66
[-0.04863862] [[-0.0070975]] 0.66
[-0.03489878] [[-0.01188254]] 0.66
[-0.02855401] [[0.00079567]] 0.66
[-0.00132312] [[0.00957277]] 0.66
[-0.01001774] [[0.01465141]] 0.65
[-0.01602478] [[0.01576708]] 0.65
[0.00333124] [[0.00987719]] 0.66
[0.00289178] [[0.010588]] 0.67
[0.00098129] [[-0.00307207]] 0.66
[0.00025674] [[-0.0138122]] 0.65
[-0.00435076] [[-0.01961901]] 0.65
[-0.01212529] [[-0.01843266]] 0.65
[-0.01716505] [[-0.01420618]] 0.65
[-0.01805025] [[-0.01304419]] 0.65
[-0.02875116] [[-0.00637751]] 0.65
[-0.03477976] [[-0.00064461]] 0.66
[-0.02624204] [[-0.00907928]] 0.66
[-0.02490332] [[-0.01927961]] 0.66
[-0.02207197] [[-0.00730154]] 0.66
[-0.00776317] [[0.02038523]] 0.65
[0.00103825] [[0.04978455]] 0.65
[0.03880072] [[0.05618115]] 0.66
[0.05548038] [[0.07055304]] 0.67
[0.04789044] [[0.07764642]] 0.67
[0.06512095] [[0.06656134]] 0.67
[0.05559234] [[0.03535806]] 0.67
[-0.00141772] [[0.00358924]] 0.67
[-0.06015928] [[-0.0043764]] 0.68
[-0.05464898] [[-0.0045506]] 0.69
[-0.04884088] [[0.00191767]] 0.69
[-0.05261788] [[0.00526171]] 0.69
[-0.04021287] [[0.00469058]] 0.69
[-0.04894711] [[-0.00625941]] 0.69
[-0.03602309] [[-0.01584878]] 0.69
[-0.0697623] [[-0.02133527]] 0.69
[-0.04579283] [[-0.02237667]] 0.69
[-0.01764758] [[-0.02473776]] 0.69
[-0.01055278] [[-0.02574642]] 0.69
[-0.01139591] [[-0.01836043]] 0.69
[-0.02220041] [[-0.01535928]] 0.7
[-0.02036146] [[-0.01750847]] 0.7
[-0.02178801] [[-0.01980931]] 0.7
[-0.0176638] [[-0.02613181]] 0.71
[-0.01072925] [[-0.02957153]] 0.72
[-0.00587265] [[-0.03682191]] 0.73
[-0.009729] [[-0.04152785]] 0.74
[-0.02240862] [[-0.05285827]] 0.74
[-0.03041834] [[-0.06541151]] 0.74
[-0.02368511] [[-0.07381984]] 0.74
[-0.0117473] [[-0.0687459]] 0.74
[-0.06262709] [[-0.06369642]] 0.74
[-0.05261512] [[-0.04040518]] 0.74
[-0.01407373] [[-0.01766083]] 0.74
[-0.02467713] [[0.01002879]] 0.74
[-0.00305109] [[0.02534952]] 0.74
[0.01564221] [[0.02793782]] 0.74
[0.0046664] [[0.021383]] 0.74
[0.00825868] [[0.00377176]] 0.74
[-0.00187028] [[-0.00627345]] 0.75
[-0.01321572] [[-0.01642602]] 0.75
[-0.01754521] [[-0.01227158]] 0.75
[-0.02180378] [[-0.00540963]] 0.75
[-0.01285177] [[0.00613743]] 0.74
[-0.00531029] [[0.00725155]] 0.73
[0.00078241] [[0.00580328]] 0.74
[0.0014462] [[-0.00260262]] 0.73
[-0.00321753] [[-0.01091619]] 0.74
[-0.00538499] [[-0.0166627]] 0.75
[-0.00952864] [[-0.0218247]] 0.75
[-0.01394527] [[-0.01907429]] 0.75
[-0.02706824] [[-0.02154722]] 0.75
[-0.00982019] [[-0.02524599]] 0.75
[-0.01807038] [[-0.01774168]] 0.75
[-0.04894941] [[-0.01175288]] 0.76
[0.04307996] [[0.00212078]] 0.77
[0.06023293] [[0.00095397]] 0.78
[0.04190557] [[0.01399393]] 0.79
[0.04350875] [[0.02474931]] 0.79
[0.01328064] [[0.02362921]] 0.79
[0.00157889] [[0.01302747]] 0.8
[0.00071911] [[0.00022543]] 0.8
[-0.01267252] [[0.00264442]] 0.8
[-5.8752485e-06] [[-0.00194053]] 0.8
[0.00132348] [[-0.00088296]] 0.79
[0.01346656] [[-0.00322657]] 0.78
[0.00698044] [[0.00013964]] 0.78
[-0.00210396] [[-0.00135866]] 0.78
[-0.00762758] [[-0.00639907]] 0.78
[-0.00731357] [[-0.00550567]] 0.78
[-0.01125454] [[-0.00586858]] 0.78
[-0.01389497] [[0.0022552]] 0.77
[-0.01203557] [[0.01304004]] 0.76
[-0.01127474] [[0.03268959]] 0.75
[-0.0022207] [[0.05181408]] 0.74
[0.04433683] [[0.05043814]] 0.74
[0.0305525] [[0.04768569]] 0.74
[0.04518581] [[0.03970691]] 0.75
[0.02991226] [[0.03873718]] 0.76
[0.02829618] [[0.02101064]] 0.76
[0.00722078] [[0.02422933]] 0.77
[-0.01431996] [[0.03775272]] 0.76
[-0.00505609] [[0.05248263]] 0.75
[0.01480329] [[0.05605109]] 0.76
[0.04362806] [[0.05039632]] 0.77
[0.03611377] [[0.05221029]] 0.78
[0.05749776] [[0.02564545]] 0.79
[0.03871346] [[0.00656782]] 0.79
[0.02986868] [[-0.00816012]] 0.78
[-0.00341374] [[-0.0146607]] 0.79
[-0.0115189] [[-0.02328562]] 0.8
[-0.00934132] [[-0.0307793]] 0.8
[-0.01128702] [[-0.02037185]] 0.8
[-0.01064123] [[-0.00551694]] 0.8
[-0.01181525] [[0.01969835]] 0.79
[-0.00459315] [[0.04047636]] 0.78
[0.00983275] [[0.0599753]] 0.78
[0.01458391] [[0.06583361]] 0.78
[0.03678483] [[0.06417005]] 0.78
[0.06330287] [[0.05015405]] 0.78
[0.06033428] [[0.02263046]] 0.79
[-0.00673288] [[0.00179435]] 0.78
[-0.04232408] [[-0.00528315]] 0.78
[-0.02102562] [[0.00968791]] 0.77
[-0.01839293] [[0.02248801]] 0.76
[-0.01212118] [[0.0342832]] 0.75
[0.02247803] [[0.0490778]] 0.75
[0.03606321] [[0.05500302]] 0.76
[0.04447427] [[0.05590749]] 0.76
[0.0344008] [[0.04512696]] 0.76
[0.04392415] [[0.0394245]] 0.77
[0.03715431] [[0.03421263]] 0.78
[0.03677134] [[0.01451476]] 0.79
[0.02819937] [[0.00647548]] 0.79
[0.02105407] [[-0.01715583]] 0.78
[0.01354386] [[-0.01530238]] 0.77
[-0.0023294] [[-0.03196354]] 0.77
[-0.01256345] [[-0.03617924]] 0.77
[-0.0158211] [[-0.03663802]] 0.77
[-0.01055888] [[-0.02824108]] 0.77
[-0.0166019] [[-0.00436705]] 0.77
[0.00100842] [[-0.01158156]] 0.76
[0.00777384] [[-0.01237791]] 0.75
[-0.00854649] [[-0.03809061]] 0.75
[-0.01590416] [[-0.04645936]] 0.75
[-0.02413663] [[-0.06062161]] 0.75
[-0.04617008] [[-0.07356526]] 0.75
[-0.02161701] [[-0.06795394]] 0.75
[-0.04143247] [[-0.05429217]] 0.75
[-0.03310213] [[-0.02452422]] 0.75
[-0.03364549] [[-0.00984249]] 0.75
[-0.00834516] [[0.0057867]] 0.74
[0.01639372] [[0.01909219]] 0.74
[0.01885824] [[0.0198054]] 0.74
[0.02319914] [[-0.00529245]] 0.74
[0.02333242] [[-0.03318958]] 0.74
[0.00587884] [[-0.04870056]] 0.73
[-0.01683679] [[-0.05346029]] 0.73
[-0.0251267] [[-0.11928179]] 0.73
[-0.05420233] [[-0.16492869]] 0.73
[-0.08461612] [[-0.19985]] 0.73
[-0.16704239] [[-0.16786024]] 0.73
[-0.16791323] [[-0.15987072]] 0.73
[-0.07564294] [[-0.15564348]] 0.74
[-0.08924387] [[-0.09535011]] 0.75
[-0.04828264] [[-0.02809557]] 0.75
[-0.04208141] [[0.04392311]] 0.75
[-0.00483361] [[0.04819081]] 0.74
[0.01344397] [[0.05020229]] 0.74
[0.0538631] [[0.05047353]] 0.74
[0.0538185] [[0.05856105]] 0.74
[0.04696022] [[0.05345845]] 0.74
[0.05718705] [[0.042511]] 0.74
[0.05306199] [[0.02176179]] 0.74
[0.05297888] [[0.02073037]] 0.74
[0.01887953] [[1.48341971e-05]] 0.74
[-0.01384561] [[-0.00969284]] 0.74
[-0.02225219] [[-0.02190697]] 0.74
[-0.02472024] [[-0.01275374]] 0.74
[-0.02116095] [[0.00100033]] 0.73
[-0.01101409] [[0.0135532]] 0.72
[-0.00085396] [[0.03186405]] 0.71
[0.01145445] [[0.03035644]] 0.72
[0.02616875] [[0.03728702]] 0.72
[0.04291686] [[0.02979631]] 0.73
[0.04157955] [[0.03267404]] 0.74
[0.03688769] [[0.02720978]] 0.74
[0.04071432] [[0.01836273]] 0.74
[0.04031798] [[0.01129993]] 0.74
[0.02795506] [[-0.00523301]] 0.73
[0.02074379] [[-0.01121695]] 0.72
[0.01135035] [[-0.02158394]] 0.72
[0.00491593] [[-0.02613207]] 0.72
[-0.01970894] [[-0.01594481]] 0.73
[-0.01984799] [[-0.00489804]] 0.74
[-0.01379745] [[0.01238474]] 0.73
[0.00382887] [[0.01311464]] 0.73
[0.00943101] [[0.01053122]] 0.73
[0.01389226] [[0.00872492]] 0.73
[0.01340974] [[0.00410093]] 0.73
[0.00831643] [[0.01324601]] 0.73
[0.01002754] [[0.01355443]] 0.74
[0.01419832] [[0.02105307]] 0.75
[0.0155035] [[0.02871014]] 0.75
[0.02317237] [[0.04194061]] 0.75
[0.02742783] [[0.04573838]] 0.75
[0.0233636] [[0.05322976]] 0.75
[0.03229525] [[0.05633932]] 0.75
[0.05046134] [[0.07083763]] 0.76
[0.05938827] [[0.07381157]] 0.76
[0.06638205] [[0.07677021]] 0.76
[0.06604207] [[0.0738493]] 0.76
[-0.02466424] [[0.06021648]] 0.75
[-0.03008721] [[0.05213217]] 0.74
[0.03602221] [[0.06322034]] 0.75
[0.04636952] [[0.0796286]] 0.76
[0.05142806] [[0.08523362]] 0.76
[0.05427004] [[0.04258568]] 0.76
[0.05016435] [[0.00247749]] 0.76
[-0.04204967] [[-0.02657071]] 0.76
[-0.06640316] [[-0.04112076]] 0.76
[-0.01314086] [[-0.02912985]] 0.77
[-0.00027518] [[-0.02609366]] 0.77
[-0.01738553] [[0.01015278]] 0.77
[-0.00741363] [[0.03822263]] 0.77
[0.0584382] [[0.06480584]] 0.78
[0.06399164] [[0.0602253]] 0.78
[0.04980864] [[0.02786025]] 0.78
[0.04047524] [[-0.00118208]] 0.77
[0.02449063] [[-0.02009403]] 0.76
[0.01625474] [[-0.0257535]] 0.75
[-0.02110222] [[-0.04535931]] 0.75
[-0.0195141] [[-0.06070375]] 0.75
[-0.0304514] [[-0.0639142]] 0.75
[-0.06246391] [[-0.03499194]] 0.76
[-0.05435286] [[-0.00308239]] 0.77
[-0.02381305] [[0.01936118]] 0.76
[-0.01039159] [[0.03851359]] 0.75
[0.03776379] [[0.04140941]] 0.75
[0.02738074] [[0.06571048]] 0.75
[0.04555747] [[0.05123862]] 0.75
[0.04234076] [[0.04129304]] 0.76
[0.0059092] [[0.01864898]] 0.77
[0.01500644] [[0.00926151]] 0.77
[0.01786269] [[0.01243235]] 0.77
[0.02506684] [[-0.00739017]] 0.76
[0.01195824] [[0.00064436]] 0.76
[0.020156] [[-0.00185001]] 0.75
[0.0190724] [[0.0113548]] 0.75
[0.03203325] [[-0.00286478]] 0.74
[0.03229168] [[-0.01050723]] 0.73
[0.03583945] [[-0.01950433]] 0.73
[0.06061319] [[-0.02265137]] 0.72
[0.02868232] [[-0.02596362]] 0.71
[0.0137039] [[-0.02719104]] 0.71
[0.02339431] [[-0.01234848]] 0.71
[0.02461204] [[-0.0061613]] 0.71
[0.02526341] [[-0.00186545]] 0.7
[0.01910627] [[-0.00490311]] 0.69
[0.01954656] [[-0.00619021]] 0.68
[-0.00439085] [[0.00105492]] 0.67
[0.00642342] [[0.00378719]] 0.67
[0.03356916] [[0.00436753]] 0.67
[0.00358734] [[7.43550691e-05]] 0.67
[0.00097212] [[-0.00684825]] 0.66
[-0.00117272] [[-0.01014116]] 0.66
[-0.00998566] [[-0.0195363]] 0.67
[-0.01835124] [[-0.02364765]] 0.68
[0.03268892] [[-0.02026611]] 0.67
[-0.00771887] [[-0.01005723]] 0.67
[0.01942606] [[-0.00363778]] 0.66
[-0.04062017] [[-4.89260292e-05]] 0.66
[0.0184857] [[0.00010335]] 0.66
[0.0084631] [[-0.00046265]] 0.65
[0.00814033] [[0.00229115]] 0.65
[0.02637175] [[0.00248166]] 0.65
[0.02934786] [[0.01033246]] 0.65
[0.02848667] [[0.00943763]] 0.65
[0.02325983] [[0.01187996]] 0.65
[0.03646254] [[0.00814229]] 0.66
[0.03515272] [[0.00428371]] 0.67
[0.02253685] [[0.0013055]] 0.68
[0.01482709] [[-0.004526]] 0.67
[0.00978528] [[-0.00447405]] 0.66
[0.00460074] [[-0.00705174]] 0.65
[0.00124449] [[-0.00522043]] 0.64
[-0.0010674] [[-0.0067023]] 0.64
[-0.00440305] [[-0.00427658]] 0.64
[-0.00524069] [[-0.00436729]] 0.64
[-0.00296079] [[0.00153986]] 0.64
[-0.00048974] [[0.00913179]] 0.64
[0.00135662] [[0.01854911]] 0.65
[0.00946632] [[0.02173042]] 0.66
[0.00544739] [[0.02262669]] 0.66
[0.00941229] [[0.0281757]] 0.66
[0.01292443] [[0.04963856]] 0.67
[0.02132405] [[0.06595033]] 0.67
[0.02890683] [[0.07801598]] 0.67
[0.04221256] [[0.07650297]] 0.67
[0.06101639] [[0.08072131]] 0.67
[0.0665231] [[0.08704955]] 0.67
[0.04251504] [[0.060669]] 0.67
[0.04099863] [[0.03782462]] 0.67
[0.04388322] [[0.00750474]] 0.67
[0.03048578] [[0.01806239]] 0.67
[0.01410271] [[0.02048183]] 0.67
[0.01952502] [[0.01497194]] 0.67
[0.01924394] [[0.01595451]] 0.67
[0.03271912] [[0.01614464]] 0.67
[0.05399968] [[0.03221155]] 0.67
[0.07324839] [[0.01379402]] 0.67
[0.03333951] [[0.00250755]] 0.67
[0.02346123] [[-0.00688094]] 0.67
[0.03564805] [[-0.00037971]] 0.67
[0.05842858] [[0.00650329]] 0.67
[0.04065232] [[0.00380584]] 0.67
[0.01461946] [[0.0194507]] 0.67
[-0.00773247] [[0.02343178]] 0.66
[-0.02676881] [[0.02266344]] 0.65
[-0.01189233] [[0.00811018]] 0.64
[-0.00148074] [[-0.00555538]] 0.64
[-0.00553513] [[-0.00897443]] 0.64
[-0.01149742] [[-0.02226945]] 0.64
[-0.01959886] [[-0.01953988]] 0.65
[-0.02149913] [[-0.02263248]] 0.66
[-0.01983847] [[-0.01826218]] 0.66
[-0.01363512] [[-0.01861078]] 0.66
[-0.00136328] [[-0.01406835]] 0.66
[0.00717929] [[-0.0098091]] 0.66
[0.01580334] [[-0.00679239]] 0.66
[0.00681052] [[0.00168728]] 0.67
[0.00956746] [[0.01292137]] 0.67
[0.01273791] [[0.01561709]] 0.67
[0.01257201] [[-0.01433519]] 0.66
[8.408725e-05] [[-0.04071927]] 0.65
[-0.04056812] [[-0.07038443]] 0.65
[-0.06729884] [[-0.07137022]] 0.66
[-0.04967687] [[-0.08141812]] 0.67
[-0.06015419] [[-0.07679875]] 0.67
[-0.06351703] [[-0.05078679]] 0.67
[-0.04784998] [[-0.02459641]] 0.67
[-0.02439177] [[0.00292101]] 0.66
[-0.00778639] [[0.00566358]] 0.65
[0.00112398] [[0.00702815]] 0.65
[0.00966324] [[0.01259454]] 0.65
[0.00644189] [[0.01881256]] 0.66
[0.00340065] [[0.02973125]] 0.66
[0.00481324] [[0.02947521]] 0.67
[0.00984123] [[0.02790588]] 0.67
[0.00469172] [[0.02907354]] 0.68
[0.00390974] [[0.02320172]] 0.69
[0.01038785] [[0.00968122]] 0.7
[0.01392272] [[-0.00793846]] 0.7
[0.01068451] [[-0.02206071]] 0.7
[0.01319419] [[-0.01932444]] 0.7
[0.00410439] [[-0.01894214]] 0.7
[-0.01111797] [[-0.01135191]] 0.71
[-0.01842992] [[-0.00346207]] 0.72
[-0.00338425] [[0.00463099]] 0.72
[0.00984245] [[0.01598921]] 0.73
[0.02689616] [[0.01155632]] 0.74
[0.01173017] [[0.0082258]] 0.74
[0.0154343] [[-0.00264496]] 0.73
[0.01034476] [[-0.00641412]] 0.72
[0.00983426] [[-0.00570039]] 0.72
[0.00294428] [[-0.00421102]] 0.71
[-0.00553343] [[-0.00353007]] 0.71
[0.00476124] [[-0.00248912]] 0.7
[0.00258033] [[0.0031844]] 0.71
[8.768728e-05] [[0.01281158]] 0.71
[0.01429626] [[0.02063192]] 0.72
[0.01292084] [[0.0238918]] 0.72
[0.01379988] [[0.02991284]] 0.72
[0.00814752] [[0.03207523]] 0.73
[0.0082573] [[0.0313439]] 0.73
[0.02994771] [[0.02432135]] 0.73
[0.0239352] [[0.01396272]] 0.73
[0.02494077] [[0.00648625]] 0.73
[0.01744086] [[-0.00024515]] 0.72
[0.01050155] [[0.00416533]] 0.72
[0.0079981] [[0.01161382]] 0.72
[0.0091838] [[0.03136488]] 0.72
[0.01072353] [[0.05076941]] 0.73
[0.02297473] [[0.065783]] 0.74
[0.04914349] [[0.06974305]] 0.75
[0.05495715] [[0.06342879]] 0.76
[0.04428087] [[0.05788665]] 0.76
[0.03886643] [[0.04848709]] 0.76
[0.03506433] [[0.03540357]] 0.76
[0.02646917] [[0.02649357]] 0.77
[0.02272881] [[0.02022428]] 0.78
[0.02492059] [[0.0280023]] 0.78
[0.01922102] [[0.03077525]] 0.78
[0.01694874] [[0.02245916]] 0.78
[0.00999705] [[0.02183114]] 0.78
[0.00498701] [[0.02187085]] 0.78
[-0.00010364] [[0.05542492]] 0.77
[0.0116799] [[0.07232382]] 0.77
[0.03400176] [[0.07778684]] 0.77
[0.05139014] [[0.07520738]] 0.77
[0.03825103] [[0.06636507]] 0.77
[0.05691863] [[0.06704982]] 0.77
[0.06924558] [[0.03936024]] 0.77
[0.05856074] [[0.03001644]] 0.77
[0.0446282] [[0.03517079]] 0.77
[0.03892871] [[0.04316415]] 0.77
[0.01608547] [[0.04296408]] 0.77
[0.0373984] [[0.04244313]] 0.77
[0.02263251] [[0.0637924]] 0.77
[0.03424324] [[0.077102]] 0.77
[0.05245673] [[0.07704523]] 0.77
[0.07836361] [[0.08665513]] 0.77
[0.08874771] [[0.10573646]] 0.78
[0.09647448] [[0.10872287]] 0.79
[0.08110251] [[0.07966176]] 0.79
[0.06937987] [[0.05878768]] 0.79
[0.03977323] [[0.04711105]] 0.79
[0.0403442] [[0.0119273]] 0.8
[0.0240897] [[-0.03423962]] 0.8
[-0.00800652] [[-0.05914248]] 0.81
[-0.03302475] [[-0.03832827]] 0.81
[-0.04995535] [[-0.00561331]] 0.81
[-0.02397414] [[0.0059417]] 0.8
[-0.01723319] [[0.04080957]] 0.79
[-0.01101235] [[0.06674725]] 0.78
[-0.00307822] [[0.07896977]] 0.77
[0.02089297] [[0.06162016]] 0.77
[0.02401959] [[0.02284852]] 0.77
[0.02718994] [[0.01482982]] 0.78
[0.0271295] [[-0.01238647]] 0.78
[0.01361369] [[-0.02071645]] 0.77
[-0.00786775] [[-0.03262226]] 0.77
[-0.0293698] [[-0.03579908]] 0.77
[-0.03345911] [[-0.03064502]] 0.78
[-0.0188485] [[-0.02439274]] 0.79
[-0.02342279] [[0.00501942]] 0.78
[0.01400924] [[0.02419235]] 0.78
[0.03913515] [[0.06416702]] 0.78
[0.06044069] [[0.11309126]] 0.78
[0.07689039] [[0.15721361]] 0.78
[0.14076035] [[0.17673706]] 0.78
[0.18996312] [[0.16681642]] 0.79
[0.18429184] [[0.15275019]] 0.8
[0.16245028] [[0.12333471]] 0.8
[0.03291082] [[0.07636798]] 0.8
[0.07110363] [[0.04183015]] 0.8
[0.05366288] [[0.02181059]] 0.8
[0.02653787] [[0.05275363]] 0.8
[0.0290029] [[0.0879818]] 0.8
[0.03337506] [[0.11574237]] 0.8
[0.0331263] [[0.12378031]] 0.8
[0.06931935] [[0.13757172]] 0.8
[0.08848024] [[0.14722924]] 0.81
[0.11677088] [[0.13478774]] 0.82
[0.11109266] [[0.14442288]] 0.83
[0.11236448] [[0.16108305]] 0.84
[0.12585983] [[0.17874996]] 0.84
[0.16894111] [[0.16707955]] 0.84
[0.1396716] [[0.18333976]] 0.85
[0.1965333] [[0.23765786]] 0.85
[0.21164246] [[0.27319955]] 0.85
[0.261423] [[0.26450085]] 0.85
[0.30446962] [[0.21757466]] 0.86
[0.04989187] [[0.14312567]] 0.87
[0.06021255] [[0.04554273]] 0.88
[0.05291771] [[-0.03170184]] 0.88
[0.04511432] [[-0.0584454]] 0.87
[0.03662676] [[-0.06286468]] 0.87
[0.01799717] [[-0.06392966]] 0.86
[0.02624749] [[-0.04767518]] 0.85
[-0.06011927] [[0.00615961]] 0.84
[0.0240128] [[0.01358062]] 0.84
[0.042856] [[-0.02236428]] 0.83
[-0.00805807] [[-0.10594532]] 0.83
[-0.00820413] [[-0.11979135]] 0.83
[0.03535197] [[-0.11491882]] 0.82
[-0.09630162] [[-0.09799652]] 0.82
[-0.07532782] [[-0.10242343]] 0.82
[-0.09491329] [[-0.09682251]] 0.83
[-0.10895377] [[-0.06235842]] 0.83
[-0.0783045] [[-0.02596976]] 0.83
[-0.01996915] [[0.0195496]] 0.82
[0.01167515] [[0.04034168]] 0.82
[0.02004672] [[0.04526342]] 0.82
[0.02782861] [[0.03492641]] 0.82
[-0.00685287] [[0.06335895]] 0.81
[0.05743413] [[0.09451423]] 0.81
[0.09184327] [[0.1095795]] 0.81
[0.08863559] [[0.09751742]] 0.81
[0.11083782] [[0.11210804]] 0.81
[0.09334041] [[0.13434943]] 0.81
[0.11345652] [[0.18659068]] 0.81
[0.1322737] [[0.19753791]] 0.81
[0.10703789] [[0.20499392]] 0.81
[0.16659388] [[0.18981591]] 0.81
[0.11147396] [[0.18265862]] 0.81
[0.19339082] [[0.18643203]] 0.82
[0.137404] [[0.13389251]] 0.82
[0.15265569] [[0.08575459]] 0.82
[0.08495221] [[0.05650396]] 0.82
[0.03291628] [[0.0680206]] 0.82
[0.02225017] [[0.08365492]] 0.82
[0.07238217] [[0.10966768]] 0.82
[0.12345457] [[0.1263626]] 0.82
[0.12902339] [[0.1583701]] 0.82
[0.11476657] [[0.13078078]] 0.82
[0.13161625] [[0.06607664]] 0.82
[0.1070608] [[0.00425407]] 0.82
[0.10024501] [[-0.07362774]] 0.81
[0.06678641] [[-0.10445228]] 0.8
[0.0450033] [[-0.15483167]] 0.79
[0.01647623] [[-0.15140093]] 0.78
[-0.01159142] [[-0.09521599]] 0.78
[-0.01203474] [[-0.04773975]] 0.78
[-0.04172379] [[0.00917168]] 0.77
[0.02097647] [[0.01460618]] 0.77
[0.02058713] [[0.03563288]] 0.77
[0.00885912] [[0.03763089]] 0.77
[0.02940025] [[0.03722024]] 0.78
[0.04145752] [[0.04330173]] 0.78
[0.0305312] [[0.04476336]] 0.78
[0.03838891] [[0.07009796]] 0.78
[0.04729158] [[0.09305824]] 0.79
[0.05582688] [[0.11419347]] 0.8
[0.09472995] [[0.12610931]] 0.81
[0.12488043] [[0.11662477]] 0.82
[0.12090722] [[0.0822448]] 0.82
[0.15508136] [[0.0419243]] 0.82
[0.12504542] [[0.01458311]] 0.82
[0.11696747] [[0.01270474]] 0.83
[0.078388] [[-0.00832834]] 0.83
[0.07062092] [[-0.01976137]] 0.82
[0.09021481] [[-0.01326396]] 0.81
[0.18692935] [[-0.0108117]] 0.8
[0.12326482] [[-0.02826005]] 0.79
[0.06559567] [[-0.06246716]] 0.79
[0.1068148] [[-0.07964084]] 0.78
[0.04697072] [[-0.07285227]] 0.77
[-0.06941591] [[-0.05554581]] 0.77
[-0.03611789] [[-0.01457994]] 0.77
[0.07961263] [[0.01490563]] 0.77
[0.0889652] [[0.04968269]] 0.77
[0.06763385] [[0.07388408]] 0.77
[0.07937927] [[0.07505709]] 0.77
[0.0670215] [[0.06071043]] 0.77
[0.05033469] [[0.03259069]] 0.77
[0.02601071] [[0.01910439]] 0.77
[0.00905257] [[0.00796487]] 0.77
[0.0090726] [[0.00067414]] 0.77
[-0.01556511] [[-0.01132945]] 0.77
[-0.06613656] [[-0.0157257]] 0.77
[-0.0348231] [[-0.00957717]] 0.77
[-0.0250738] [[0.00559863]] 0.76
[-0.02615603] [[0.01201486]] 0.75
[-0.00458545] [[0.01438214]] 0.74
[0.00680266] [[0.0337905]] 0.74
[0.03645608] [[0.04491895]] 0.74
[0.04863632] [[0.05405185]] 0.74
[0.04232903] [[0.03468765]] 0.74
[0.05383669] [[0.02074503]] 0.74
[0.06649381] [[-0.00554253]] 0.73
[0.05884228] [[-0.03681715]] 0.72
[0.03194791] [[-0.06115883]] 0.71
[0.02028079] [[-0.0826218]] 0.7
[0.0445453] [[-0.09199546]] 0.69
[0.00426997] [[-0.10210755]] 0.69
[-0.09122133] [[-0.08801013]] 0.7
[-0.06703395] [[-0.07583589]] 0.71
[-0.05436344] [[-0.05126156]] 0.72
[-0.02674691] [[-0.02653459]] 0.73
[-0.00778885] [[0.00664391]] 0.73
[0.01509946] [[0.02341467]] 0.73
[0.0064564] [[0.04455464]] 0.74
[0.0213703] [[0.06202479]] 0.74
[-0.02684878] [[0.06006241]] 0.73
[0.02542362] [[0.04129724]] 0.74
[-0.00037051] [[0.0090526]] 0.73
[-0.00169078] [[0.01283099]] 0.72
[0.00411214] [[0.00249109]] 0.72
[0.00020573] [[0.00575131]] 0.72
[0.00248572] [[0.00134166]] 0.72
[-0.00246737] [[0.00846679]] 0.72
[-0.0062539] [[0.01756887]] 0.71
[-0.00026809] [[0.00860746]] 0.7
[-0.00064099] [[-0.01575263]] 0.7
[-0.01164673] [[-0.04551168]] 0.71
[-0.0373656] [[-0.06943905]] 0.71
[-0.07962675] [[-0.08317065]] 0.71
[-0.06818224] [[-0.09028735]] 0.71
[-0.07386945] [[-0.10589873]] 0.71
[-0.09398337] [[-0.09056259]] 0.71
[-0.11354328] [[-0.10058785]] 0.71
[-0.04515786] [[-0.08614215]] 0.71
[-0.02167752] [[-0.09396603]] 0.71
[-0.05966657] [[-0.08125157]] 0.71
[-0.09433416] [[-0.0790375]] 0.71
[-0.08654906] [[-0.06264852]] 0.71
[-0.06529313] [[-0.03285732]] 0.71
[-0.05380017] [[-0.01205543]] 0.71
[-0.05624686] [[0.00312532]] 0.7
[0.00086582] [[-0.00628755]] 0.69
[0.00558008] [[-0.00223879]] 0.68
[0.00537508] [[-0.01423299]] 0.67
[0.00368923] [[-0.01228409]] 0.66
[-0.03014827] [[-0.01961256]] 0.66
[-0.0292076] [[-0.01325814]] 0.66
[-0.02300227] [[0.00010095]] 0.65
[-0.00881087] [[0.01371098]] 0.64
[0.00538594] [[0.01554404]] 0.65
[0.01436792] [[0.00160689]] 0.66
[0.00754408] [[-0.01286862]] 0.66
[-0.00395866] [[-0.02312511]] 0.67
[-0.01516588] [[-0.02433174]] 0.67
[-0.02139692] [[-0.01668388]] 0.67
[-0.02729739] [[-0.00069847]] 0.68
[-0.05871469] [[0.00372174]] 0.67
[-0.05037325] [[0.02081614]] 0.66
[-0.01084558] [[0.03706271]] 0.65
[0.00041878] [[0.04775659]] 0.65
[-0.03816555] [[0.03684294]] 0.64
[0.02847539] [[0.01707686]] 0.64
[0.0111131] [[0.00868063]] 0.64
[0.01631955] [[-0.0083295]] 0.63
[-0.01847144] [[-0.02604611]] 0.63
[-0.02411711] [[-0.05175868]] 0.63
[-0.04573071] [[-0.05904603]] 0.63
[-0.05114421] [[-0.05645411]] 0.63
[-0.03979982] [[-0.0335654]] 0.63
[-0.02669967] [[-0.02718902]] 0.63
[-0.02042017] [[-0.02447987]] 0.63
[-0.04295816] [[-0.01304018]] 0.64
[-0.00885537] [[0.00457201]] 0.64
[-0.00321262] [[0.021359]] 0.64
[0.02304081] [[0.01339927]] 0.65
[0.00032958] [[0.01295992]] 0.66
[-0.00940701] [[0.01145608]] 0.66
[-0.00343663] [[0.01050528]] 0.66
[0.00245552] [[0.007586]] 0.67
[0.01151749] [[-0.00371989]] 0.66
[0.00253421] [[-0.00670095]] 0.65
[-0.00258999] [[-0.00886055]] 0.65
[-0.00407679] [[-0.0051709]] 0.65
[-0.00885288] [[-0.0054079]] 0.65
[-0.00901014] [[-0.01331988]] 0.65
[-0.01368529] [[-0.00821557]] 0.65
[-0.0122039] [[-0.00958439]] 0.65
[-0.00405228] [[-0.0071505]] 0.65
[-0.01304373] [[-0.00985856]] 0.65
[-0.00899512] [[-0.01425351]] 0.65
[-0.028998] [[-0.0193361]] 0.65
[-0.01405865] [[-0.03099334]] 0.65
[-0.02289103] [[-0.02759791]] 0.65
[-0.0119871] [[-0.02556743]] 0.66
[-0.01392974] [[-0.02699643]] 0.67
[-0.01317038] [[-0.01990953]] 0.68
[-0.02887558] [[-0.0081275]] 0.68
[-0.01886291] [[0.01564337]] 0.67
[-0.01121365] [[0.02523838]] 0.66
[-0.0030174] [[0.04152045]] 0.65
[0.00194474] [[0.0653156]] 0.65
[0.01352895] [[0.08535637]] 0.66
[0.03770126] [[0.09906986]] 0.67
[0.06985316] [[0.09594969]] 0.68
[0.02864582] [[0.10192798]] 0.69
[0.04428123] [[0.09847745]] 0.7
[0.05689535] [[0.08226692]] 0.71
[0.06378694] [[0.04201286]] 0.71
[0.00600914] [[0.00281776]] 0.71
[0.01370256] [[-0.01047239]] 0.7
[0.00954081] [[-0.01576288]] 0.69
[0.0082189] [[-0.00188179]] 0.69
[0.00066504] [[0.0194131]] 0.69
[-0.00581318] [[0.0435075]] 0.68
[0.0047725] [[0.07330075]] 0.68
[0.03721274] [[0.08009802]] 0.69
[0.0628892] [[0.08376156]] 0.69
[0.07722793] [[0.05570478]] 0.7
[0.04453093] [[0.04455529]] 0.71
[0.00454044] [[0.03933603]] 0.71
[0.05146266] [[0.03619324]] 0.71
[0.04859696] [[0.022458]] 0.71
[0.03309846] [[0.00066613]] 0.72
[0.02250405] [[-0.00114367]] 0.72
[0.01043545] [[-0.00864549]] 0.72
[0.01043541] [[0.00749807]] 0.72
[0.00494164] [[0.01477276]] 0.72
[0.01112541] [[0.03546633]] 0.72
[0.01707681] [[0.04795208]] 0.72
[0.01837975] [[0.05359845]] 0.72
[0.01942082] [[0.04919456]] 0.72
[0.0365622] [[0.01390642]] 0.72
[0.04583094] [[-1.28544432e-05]] 0.71
[0.03345496] [[-0.01290717]] 0.7
[0.00338075] [[-0.00498657]] 0.69
[-0.01715149] [[-0.00896167]] 0.69
[-0.00741342] [[-0.01586659]] 0.69
[-0.00823496] [[-0.00291476]] 0.69
[-0.01310195] [[0.00177569]] 0.68
[-0.00157442] [[0.01629447]] 0.67
[0.00409092] [[0.01263822]] 0.68
[0.00920468] [[0.03483761]] 0.69
[0.0269097] [[0.05755365]] 0.7
[0.06146032] [[0.04196961]] 0.71
[0.07345429] [[0.00113212]] 0.72
[0.03058509] [[-0.04737438]] 0.71
[-0.00206282] [[-0.05616822]] 0.71
[-0.01286594] [[-0.06717854]] 0.72
