[31.51833309] [60.86] 1.0
[20.48848802] [67.49] 1.0
[14.10807286] [74.62] 1.0
[19.03617785] [82.48] 1.0
[14.97818766] [109.24] 1.0
[7.40242678] [115.6] 1.0
[4.6576929] [93.5] 1.0
[6.06012305] [75.81] 1.0
[7.76432618] [87.14] 1.0
[8.58414496] [81.66] 1.0
[8.93163583] [90.18] 1.0
[8.86547507] [55.23] 1.0
[12.21458072] [47.96] 1.0
[16.72023439] [47.76] 1.0
[18.13805357] [29.96] 1.0
[17.08781611] [25.31] 1.0
[23.13920133] [35.7] 1.0
[26.52420482] [9.36] 1.0
[22.42261265] [55.88] 1.0
[31.7579786] [88.74] 1.0
[29.7317322] [59.54] 1.0
[36.40673746] [50.97] 1.0
[40.78679828] [44.67] 1.0
[29.44874206] [47.65] 1.0
[25.27669603] [38.06] 1.0
[24.64194696] [48.22] 1.0
[22.2279356] [54.57] 1.0
[22.43989121] [65.37] 1.0
[22.57995568] [74.72] 1.0
[19.36370485] [70.54] 1.0
[16.51507788] [67.08] 1.0
[14.47785765] [63.16] 1.0
[23.89801042] [39.79] 1.0
[-0.92102899] [28.36] 0.9705882352941176
[26.38707577] [39.72] 0.9714285714285714
[16.39712276] [59.34] 0.9722222222222222
[14.40701188] [50.14] 0.972972972972973
[17.0308432] [56.12] 0.9736842105263158
[19.87054124] [82.58] 0.9743589743589743
[16.58664829] [97.52] 0.975
[17.45258106] [165.67] 0.975609756097561
[17.88502671] [157.94] 0.9761904761904762
[14.59409474] [164.64] 0.9767441860465116
[15.23844791] [170.02] 0.9772727272727273
[13.59240405] [197.66] 0.9777777777777777
[15.49772424] [187.65] 0.9782608695652174
[12.48765939] [221.33] 0.9787234042553191
[15.44248484] [179.72] 0.9791666666666666
[18.03216692] [193.79] 0.9795918367346939
[14.99747025] [234.75] 0.98
[20.11748008] [261.34] 0.9803921568627451
[18.49847496] [256.8] 0.9807692307692307
[13.08583028] [367.77] 0.9811320754716981
[17.34826012] [224.95] 0.9814814814814815
[17.54700028] [229.63] 0.9818181818181818
[16.63550752] [127.75] 0.9821428571428571
[17.77092439] [131.14] 0.9824561403508771
[15.67184324] [133.49] 0.9827586206896551
[18.88871662] [128.06] 0.9830508474576272
[16.97990592] [10.33] 0.9833333333333333
[14.85123862] [4.17] 0.9836065573770492
[15.08942812] [50.41] 0.9838709677419355
[12.94409447] [29.21] 0.9841269841269841
[14.94700861] [31.15] 0.984375
[20.77746976] [41.83] 0.9846153846153847
[7.09677999] [110.75] 0.9848484848484849
[25.26925809] [82.39] 0.9850746268656716
[6.70929493] [60.828875] 0.9852941176470589
[21.79460157] [-7.6889125] 0.9710144927536232
[15.99229578] [4.03] 0.9714285714285714
[25.18748524] [26.003625] 0.971830985915493
[23.07317685] [24.7436125] 0.9722222222222222
[25.12219388] [-10.4] 0.958904109589041
[19.93256643] [-37.294375] 0.9459459459459459
[21.27951179] [-47.42375] 0.9333333333333333
[10.99548652] [-37.1] 0.9210526315789473
[22.05412816] [-37.80775] 0.9090909090909091
[13.63483453] [-81.787] 0.8974358974358975
[42.0899097] [-103.78] 0.8860759493670886
[51.73513836] [-48.713925] 0.875
[56.61914122] [-147.056125] 0.8641975308641975
[66.7729502] [-11.25] 0.8536585365853658
[99.71717517] [13.377] 0.8554216867469879
[92.8879174] [134.169413] 0.8571428571428571
[59.81574577] [125.93] 0.8588235294117647
[-35.2836842] [113.52375] 0.8488372093023255
[-158.66265203] [144.06] 0.8390804597701149
[-32.8431928] [267.62] 0.8295454545454546
[-314.4979683] [195.183] 0.8202247191011236
[-253.91818601] [172.8135] 0.8111111111111111
[-209.60158467] [179.68] 0.8021978021978022
[-182.07106273] [181.054625] 0.7934782608695652
[-115.21924366] [169.377375] 0.7849462365591398
[-54.89031022] [97.36] 0.776595744680851
[56.51608179] [105.725988] 0.7789473684210526
[87.85704101] [139.40925] 0.78125
[175.93256722] [141.5789125] 0.7835051546391752
[114.26678685] [160.997138] 0.7857142857142857
[104.45654407] [134.175661] 0.7878787878787878
[95.04495431] [128.7963875] 0.79
[41.21622695] [203.818429] 0.79
[-22.78817243] [230.177563] 0.78
[1.96983587] [214.05375] 0.78
[25.12939568] [259.81625] 0.78
[37.88518024] [230.293464] 0.78
[31.50052] [234.437] 0.78
[-0.74946412] [278.56195] 0.77
[5.30844133] [222.859211] 0.77
[0.56022084] [211.186125] 0.77
[17.30502151] [275.990817] 0.77
[53.54351018] [272.113] 0.77
[61.26127543] [256.000587] 0.77
[58.0959942] [236.8633] 0.77
[76.49376379] [251.183625] 0.77
[77.15453065] [229.39] 0.77
[94.73857803] [104.5533] 0.77
[72.03355396] [216.366143] 0.77
[37.2146516] [192.9865] 0.77
[26.85357316] [181.569875] 0.77
[16.56587671] [226.89] 0.77
[-21.90683483] [227.802625] 0.76
[-29.36957968] [244.170786] 0.75
[-52.25539406] [245.073637] 0.74
[-42.76040947] [221.791875] 0.73
[-44.40727754] [55.971888] 0.72
[-10.7114394] [-104.4047755] 0.72
[13.4474826] [-85.089286] 0.71
[15.00493571] [-1.785512] 0.7
[25.51152226] [-5.158386] 0.69
[50.05116999] [-10.223188] 0.68
[36.82425698] [-91.221] 0.67
[23.51018725] [-232.9465357] 0.66
[24.81978014] [-222.675714] 0.65
[39.15557553] [-193.5836875] 0.65
[53.31888045] [-153.5227] 0.64
[34.12530679] [-146.525286] 0.63
[17.59559084] [-150.3145] 0.62
[14.28687072] [-221.506267] 0.61
[13.00308815] [-250.4] 0.6
[34.31270575] [-200.070429] 0.59
[61.47986704] [-171.764175] 0.58
[75.13681012] [-195.207375] 0.57
[70.84738791] [-137.899637] 0.56
[67.89936176] [-24.313986] 0.55
[-36.02167846] [-58.939143] 0.55
[-131.22856714] [-1.63575] 0.55
[-129.52196387] [1.989963] 0.54
[-90.13580045] [-43.464625] 0.54
[-88.6482786] [-19.935125] 0.54
[-13.97809564] [-18.753748] 0.54
[38.55987017] [-38.309625] 0.53
[94.53077812] [-76.976287] 0.52
[118.33545702] [94.088169] 0.52
[92.10083332] [218.1276375] 0.52
[-10.59384547] [219.237413] 0.51
[-74.60946808] [156.550387] 0.5
[-246.97090279] [58.339957] 0.49
[-149.40416361] [104.930088] 0.48
[-49.19799166] [202.897325] 0.47
[6.03834122] [294.7102857] 0.47
[27.19025015] [333.381225] 0.47
[-1.87836112] [301.2018005] 0.46
[-66.98988424] [203.61075] 0.45
[-162.55231082] [238.374688] 0.44
[-103.0584713] [268.534375] 0.43
[-52.46811976] [250.11545] 0.42
[-30.25396286] [296.554429] 0.41
[68.44386248] [248.049467] 0.41
[152.35252188] [233.830875] 0.42
[153.22036984] [337.182813] 0.42
[109.85935044] [310.475925] 0.42
[97.50131936] [314.470686] 0.42
[83.65525948] [374.762125] 0.43
[69.30157804] [342.880821] 0.44
[116.33250538] [337.600162] 0.45
[144.75238261] [351.838429] 0.46
[476.22385262] [432.87435] 0.47
[26.73935942] [424.482962] 0.48
[35.88741195] [543.79625] 0.49
[21.6827651] [640.96685] 0.5
[27.07924291] [643.739943] 0.51
[35.49871523] [601.560013] 0.52
[25.0497243] [589.389087] 0.52
[0.16290415] [574.365125] 0.52
[-28.11173733] [562.061975] 0.51
[-64.54743388] [589.554975] 0.51
[-27.8681457] [542.293675] 0.51
[18.3668491] [724.890488] 0.52
[-8.28567676] [791.598563] 0.52
[-59.90133868] [750.851887] 0.52
[-65.27584327] [849.822313] 0.52
[-37.16699287] [1008.2956] 0.52
[20.455268] [947.210125] 0.53
[42.51110302] [1099.186286] 0.54
[53.9809082] [880.682428] 0.54
[49.19272995] [944.840962] 0.54
[49.93417957] [859.9808] 0.54
[56.19114334] [858.757887] 0.54
[57.94298] [837.943712] 0.54
[75.03804966] [838.383914] 0.54
[97.22509767] [890.950546] 0.54
[120.42908952] [876.594929] 0.55
[137.41581168] [1007.015158] 0.55
[129.36279976] [980.304714] 0.55
[130.23336616] [888.910775] 0.55
[124.45650116] [1232.213697] 0.55
[120.14400181] [902.034613] 0.56
[115.22123841] [862.039437] 0.56
[130.95807342] [998.4913] 0.56
[150.06159051] [1073.452844] 0.56
[141.74133844] [1122.3135] 0.56
[155.11925288] [877.675063] 0.56
[152.44329079] [1009.153111] 0.56
[119.08031686] [898.514937] 0.56
[103.31336718] [658.50025] 0.56
[72.69943864] [503.439326] 0.56
[43.64145629] [425.030212] 0.56
[121.40052235] [498.549252] 0.56
[46.32511149] [526.54795] 0.56
[93.54231644] [312.289712] 0.56
[148.26050445] [414.72325] 0.57
[185.18399024] [340.081727] 0.58
[241.47262083] [501.503143] 0.59
[299.49280572] [309.344888] 0.6
[230.42701952] [319.385486] 0.61
[334.42418518] [226.0993] 0.61
[299.07266674] [227.883114] 0.62
[251.16160682] [299.415272] 0.63
[200.99787499] [159.057329] 0.64
[151.40645244] [67.711375] 0.65
[279.78953823] [-24.573815] 0.65
[370.95902374] [-94.913143] 0.65
[553.83010275] [31.695429] 0.66
[473.82428843] [-283.583859] 0.66
[557.26374726] [-66.030863] 0.66
[382.03437509] [-73.06225] 0.66
[298.55751609] [-336.290086] 0.66
[139.08494419] [-342.512857] 0.66
[146.5630838] [-362.391062] 0.66
[61.93279818] [-291.50492] 0.66
[-17.64237425] [-421.095086] 0.67
[3.97321035] [-320.251429] 0.67
[112.59008756] [-87.696833] 0.67
[-32.78347127] [-126.469814] 0.68
[101.85410029] [-418.9444] 0.67
[92.39475697] [-576.174952] 0.66
[-32.7818583] [-706.250263] 0.67
[104.12993751] [-279.87775] 0.66
[275.9781369] [-406.27755] 0.65
[470.05402972] [-462.078013] 0.64
[306.32710162] [-31.284637] 0.64
[186.61565433] [218.444969] 0.65
[-62.40936698] [313.143714] 0.64
[-169.9104136] [249.791029] 0.63
[-234.1132675] [43.094803] 0.63
[-359.62180019] [-21.049186] 0.64
[47.77990443] [89.325] 0.65
[124.89567134] [303.995208] 0.66
[51.45024773] [283.608657] 0.67
[25.55959479] [324.695417] 0.67
[44.53353427] [305.206238] 0.67
[29.03694883] [263.170162] 0.68
[123.46327097] [94.743983] 0.69
[118.95772593] [184.149967] 0.7
[151.00294772] [298.798786] 0.71
[97.86996577] [715.255017] 0.72
[102.81200139] [716.323595] 0.73
[-411.76461691] [844.029857] 0.72
[22.51233581] [1130.284333] 0.72
[-9.8405619] [971.577746] 0.71
[-84.39476556] [985.496583] 0.7
[-90.57915109] [1294.016667] 0.69
[-64.54746238] [1793.807314] 0.68
[-90.79460382] [1937.3057] 0.67
[-256.87171262] [2372.032] 0.66
[-93.43778387] [1896.906079] 0.65
[3.97306928] [1915.2043] 0.65
[12.59895492] [2063.515717] 0.65
[-10.57412147] [1448.244704] 0.64
[13.93231201] [1297.100143] 0.64
[59.29515798] [1332.448033] 0.64
[137.97211424] [1291.900971] 0.64
[-181.44941556] [1425.282083] 0.63
[-191.87121073] [1610.65] 0.62
[-25.96290574] [1692.691717] 0.62
[86.45648972] [1550.133417] 0.63
[-56.00181149] [1575.713317] 0.63
[15.30396041] [1608.352916] 0.63
[118.85555572] [1472.618333] 0.64
[311.95079351] [1745.08545] 0.65
[128.16768167] [1901.353867] 0.66
[-190.98077882] [1788.402283] 0.66
[-332.04337427] [2121.740017] 0.65
[-109.49652709] [1362.272463] 0.64
[446.64108071] [1333.007467] 0.64
[516.77805543] [1133.898317] 0.64
[489.26824212] [1031.345807] 0.64
[565.98207893] [1027.693683] 0.64
[614.52266384] [1314.3785] 0.64
[482.76231494] [678.243516] 0.64
[267.05517486] [459.457086] 0.64
[385.7266393] [461.435] 0.64
[552.80932707] [-34.901983] 0.63
[754.26787176] [-18.438329] 0.62
[1021.18772927] [-218.698733] 0.61
[713.0766652] [-1009.095717] 0.6
[611.52081547] [-914.010067] 0.59
[374.6094264] [-341.08396] 0.58
[92.52773796] [-411.89725] 0.57
[-209.59636006] [-365.192] 0.57
[-170.75545892] [-42.866667] 0.57
[300.68814043] [-197.388333] 0.56
[384.69259819] [-445.836717] 0.55
[267.84476184] [-694.26745] 0.54
[214.94649117] [-584.126417] 0.53
[360.34859607] [-576.688333] 0.52
[365.83766623] [-396.495] 0.51
[450.18487169] [-697.678067] 0.5
[467.19181412] [-713.98785] 0.49
[595.62645106] [-380.53095] 0.48
[522.43520719] [-718.16535] 0.47
[603.09894289] [-416.11748] 0.46
[547.13892558] [-224.847033] 0.45
[380.88178307] [42.785433] 0.45
[305.93308288] [-94.65014] 0.44
[201.02079146] [-159.845] 0.43
[-99.53448795] [-315.8065] 0.43
[313.38190209] [7.829817] 0.43
[-110.04470205] [63.931667] 0.42
[-79.95445542] [272.325883] 0.41
[-95.21549076] [357.569983] 0.41
[-44.81781321] [583.69] 0.41
[-158.31708216] [858.2145] 0.4
[-361.63041464] [1502.54] 0.4
[-912.13107909] [2347.376567] 0.4
[-374.09331168] [1975.812693] 0.4
[-432.51567309] [2079.929217] 0.4
[-614.10052011] [2032.675867] 0.4
[-407.72395345] [1660.299607] 0.4
[118.74783843] [1617.098333] 0.41
[373.89156665] [1833.1535] 0.41
[498.34194284] [2341.95729] 0.42
[83.88675182] [2210.0531] 0.43
[-202.64668598] [2205.56455] 0.42
[-245.4459067] [1933.524867] 0.42
[-226.09436873] [1990.282617] 0.42
[-142.36628573] [1788.622533] 0.41
[-36.22499141] [1691.149367] 0.41
[91.32126785] [1696.245333] 0.42
[268.7002148] [1612.42695] 0.43
[514.50841109] [1794.711053] 0.44
[599.33821833] [1749.60625] 0.44
[362.36231565] [1994.575167] 0.45
[309.3929381] [2440.131683] 0.46
[188.01476112] [2413.128] 0.47
[-17.84256125] [2879.14006] 0.46
[-30.74336446] [3061.35165] 0.45
[119.5622206] [2763.709117] 0.45
[259.96738006] [2383.411667] 0.45
[496.69408879] [2309.847233] 0.45
[593.32724555] [2309.154233] 0.45
[372.6975441] [2335.86706] 0.45
[1083.5451521] [1155.591283] 0.45
[465.91275449] [829.781267] 0.45
[480.41457377] [-109.688417] 0.44
[831.40746645] [839.021666] 0.44
[-306.49360396] [889.91706] 0.43
[-28.12165238] [1706.76992] 0.43
[794.73104763] [2087.3972] 0.43
[745.83426277] [1889.31016] 0.44
[553.25291908] [1830.700383] 0.45
[483.69475927] [2024.469517] 0.46
[479.81437498] [2173.640133] 0.47
[406.57028672] [2159.21] 0.48
[276.98705843] [2598.412467] 0.49
[162.75541076] [2343.581583] 0.5
[509.29870847] [2361.158333] 0.5
[-89.96300165] [2930.710317] 0.49
[252.05657813] [2613.36598] 0.5
[486.87431511] [3581.80505] 0.5
[259.97079435] [3563.863653] 0.5
[263.4571513] [3253.693317] 0.5
[382.60489609] [3395.392] 0.51
[524.82120257] [3686.19194] 0.52
[663.18537435] [3442.336683] 0.53
[750.5249077] [3966.632] 0.53
[1224.48362704] [4595.758333] 0.54
[1196.06472868] [4499.092767] 0.54
[1068.62315757] [6412.34] 0.54
[666.38677159] [9343.93461] 0.54
[629.55050967] [10141.48215] 0.54
[407.21884534] [8573.61415] 0.55
[165.48249732] [9153.503417] 0.56
[-14.89403288] [8518.722467] 0.56
[-331.60074049] [10782.76333] 0.55
[-331.34516563] [9506.93675] 0.54
[-203.6747906] [8437.2793] 0.53
[951.18563281] [9903.13] 0.53
[1209.32375865] [11681.542947] 0.53
[1260.61808426] [11272.245933] 0.53
[1164.94346329] [10912.13667] 0.53
[1137.73434407] [9677.31167] 0.53
[1128.27396676] [9114.905] 0.54
[1005.527211] [7810.79] 0.55
[433.29780675] [6939.966667] 0.56
[5.06232254] [5069.202733] 0.57
[-345.85367248] [5180.375] 0.57
[-736.19560348] [4400.73328] 0.57
[-476.1340218] [3788.43118] 0.57
[299.57212825] [5670.32167] 0.57
[-202.14367219] [4233.20967] 0.56
[834.71791669] [3330.098] 0.57
[-96.58670977] [2335.694] 0.57
[2168.1505147] [2832.953] 0.58
[1526.87253435] [2211.17] 0.59
[1874.65782884] [3414.63667] 0.6
[1668.38776733] [1512.28167] 0.61
[1369.27396231] [-1462.73167] 0.61
[1884.91085492] [313.24] 0.62
[1853.52322281] [2176.36385] 0.63
[1849.16866111] [2286.145] 0.64
[2014.13038222] [196.95667] 0.65
[2282.36254227] [-2562.14] 0.65
[1191.02035929] [-2370.94667] 0.64
[-190.03283928] [-2955.516] 0.65
[51.90089789] [-3859.018] 0.65
[766.67762223] [-5707.49333] 0.64
[2099.85460564] [-5426.98] 0.63
[3621.71134935] [-4949.66067] 0.63
[3066.08693567] [-4182.97167] 0.63
[1562.35053272] [-6265.99333] 0.63
[1163.67066503] [-4702.08667] 0.63
[153.43939966] [-4016.125] 0.63
[-2960.2145661] [-825.81667] 0.64
[-4462.81200419] [-2443.947] 0.65
[-4587.59908068] [-2605.60833] 0.66
[-3709.20209566] [-2517.876] 0.67
[-2884.85501373] [-4307.06334] 0.68
[-1659.77146342] [-2988.55167] 0.69
[340.60597199] [-3244.195] 0.68
[666.91616015] [-1690.79733] 0.67
[507.05436427] [-2734.205] 0.66
[224.08487777] [-2583.345] 0.65
[73.64010355] [-4821.795] 0.65
[-124.70811141] [-4970.74167] 0.66
[640.10361735] [-5955.981667] 0.66
[1521.62666504] [-8272.218333] 0.66
[2308.50718121] [-8466.468] 0.66
[4013.78981651] [-8755.301667] 0.65
[3164.99241175] [-8427.090003] 0.64
[3487.55649305] [-7788.79333] 0.63
[3101.10148537] [-6337.461667] 0.62
[1712.83964215] [-5056.257333] 0.61
[-1880.15345572] [-5667.802] 0.61
[-1036.43874285] [-5471.313434] 0.61
[-2111.16037858] [-5509.465] 0.62
[-2574.96271225] [-5944.176] 0.63
[-1543.79534056] [-4956.3725] 0.63
[196.05828114] [-1782.313337] 0.62
[-585.91405493] [-1873.78333] 0.62
[-1662.52929096] [-1047.65833] 0.62
[-2604.79047139] [-2108.80166] 0.62
[-1693.98929092] [-419.398] 0.62
[-1416.73791553] [-402.455] 0.62
[-748.84530549] [167.32767] 0.62
[-332.20563962] [-36.27833] 0.62
[334.56228945] [-1460.958333] 0.62
[230.89381563] [-807.69833] 0.62
[-43.73876209] [-1353.47667] 0.62
[-476.45289836] [-1734.776667] 0.62
[-546.87829637] [-864.05167] 0.62
[-595.52722096] [135.39833] 0.61
[-1081.71019251] [287.645] 0.6
[-2715.12075179] [1926.123337] 0.59
[-2065.87297812] [2029.218333] 0.58
[-1957.32108901] [2474.21833] 0.57
[-2098.16967988] [3029.533337] 0.56
[-1980.90276043] [4678.013333] 0.56
[-2355.80512091] [3837.73833] 0.55
[-2339.54543523] [2018.099667] 0.54
[-2275.69259238] [1679.923333] 0.53
[-1503.98528279] [844.198333] 0.52
[-896.11580062] [426.125434] 0.51
[-692.83872866] [433.915] 0.5
[-232.82427614] [1114.823333] 0.49
[-108.19228788] [556.9325] 0.48
[194.73866855] [-181.093333] 0.47
[548.30215382] [-1113.518333] 0.46
[858.32211349] [-1596.75967] 0.45
[1005.8130198] [-2544.10167] 0.44
[1406.9349439] [-2914.415] 0.43
[1872.41929718] [-2698.931667] 0.42
[-44.53467734] [-2784.75167] 0.42
[1426.13117404] [-2298.226667] 0.42
[1727.76515291] [-1240.663334] 0.42
[1380.02958067] [-1436.74667] 0.42
[70.32318919] [-1508.921667] 0.42
[-1413.71287002] [-1079.296666] 0.42
[-1417.02620651] [-1890.64333] 0.42
[-1127.00455115] [-2443.265] 0.42
[-791.30819518] [-2409.785] 0.42
[-400.83775271] [-3058.77167] 0.42
[888.8598834] [-4048.588333] 0.41
[1146.14293397] [-4391.46833] 0.4
[633.85220887] [-4492.62167] 0.39
[986.36568039] [-4480.981667] 0.38
[1238.24162982] [-3352.76333] 0.38
[891.23993651] [-2691.578] 0.38
[347.02573831] [-3093.95] 0.38
[-390.16868269] [-2485.401666] 0.38
[-813.07071865] [-2111.322] 0.39
[-1211.40880879] [-1759.713333] 0.39
[-2160.67112001] [-2483.57] 0.4
[-2182.79117448] [-2370.29] 0.4
[-1744.64495746] [-2227.273333] 0.4
[-959.4066724] [-510.276667] 0.4
[-237.0557496] [-588.942] 0.4
[-359.52246605] [-261.378949] 0.41
[-344.85352196] [169.333333] 0.4
[-363.51908434] [-43.933333] 0.4
[-352.55883657] [-710.223074] 0.4
[-196.77988047] [-782.815907] 0.4
[316.32410297] [-514.448333] 0.4
[781.41023617] [127.348333] 0.41
[694.20011541] [144.826667] 0.41
[737.89538495] [313.303333] 0.42
[680.02468286] [475.901667] 0.43
[-641.46716287] [1679.347] 0.43
[-730.68153261] [1697.73] 0.43
[-894.20531261] [1307.788333] 0.43
[-1038.34430199] [2127.788333] 0.43
[-1183.11617526] [1993.07] 0.43
[-1489.70628075] [2396.721667] 0.43
[-1461.59026596] [2223.721667] 0.42
[-1116.13397748] [1829.115] 0.41
[-634.32062606] [1794.946] 0.4
[-41.05920785] [2812.758333] 0.39
[274.03178549] [3149.473333] 0.39
[140.30781247] [3168.626667] 0.39
[-261.4055759] [2612.47961] 0.39
[-446.833579] [2932.166667] 0.39
[-20.05020948] [2444.198333] 0.39
[179.32551291] [2395.775] 0.4
[358.85639703] [1462.525] 0.41
[532.03797769] [527.328] 0.41
[1037.78135075] [447.835616] 0.42
[451.62842523] [122.771667] 0.43
[977.15778914] [283.938333] 0.44
[1319.64800413] [616.041074] 0.45
[673.4728759] [306.122574] 0.46
[-209.68956317] [-69.841667] 0.47
[-568.25279855] [-612.663333] 0.48
[-127.91850758] [-568.125] 0.49
[72.85965307] [-423.193333] 0.48
[182.1726916] [-548.30548] 0.47
[340.73917468] [-1158.912] 0.46
[453.38437379] [-2102.37] 0.45
[851.35426182] [-1692.205] 0.44
[1021.67569782] [-1433.54] 0.44
[742.16173337] [-1585.641667] 0.43
[311.51908599] [-1972.45] 0.42
[-73.26871243] [-1915.01] 0.42
[-256.68217794] [-1779.673333] 0.42
[-73.3711498] [-1836.031] 0.42
[491.16207001] [-2252.548333] 0.42
[296.00739061] [-2218.203333] 0.41
[318.27618682] [-2158.16] 0.41
[56.45715809] [-1992.996277] 0.41
[59.79972922] [-2131.166667] 0.4
[208.5127589] [-1612.886191] 0.39
[-1394.25663742] [-1702.611667] 0.39
[-38.05919828] [-1634.098333] 0.4
[-69.84522781] [-848.634667] 0.41
[-414.94830003] [-868.806667] 0.42
[-830.64599047] [-1686.631667] 0.43
[-905.91341032] [-1776.36] 0.44
[-438.50016957] [-1632.148] 0.45
[-391.10203472] [-2155.36] 0.46
[-553.17974191] [-1459.105] 0.47
[-579.93551928] [-1602.645] 0.48
[-488.3217023] [-1729.653333] 0.49
[-864.04040298] [-2042.995] 0.5
[-723.73127262] [-1939.766187] 0.51
[-827.47086007] [-1659.63] 0.52
[29.28917678] [-841.021667] 0.52
[-297.71030904] [-805.363333] 0.53
[-513.52232095] [-1244.206667] 0.54
[-387.28766047] [-1201.3025] 0.55
[-413.58968341] [-1191.371667] 0.56
[-585.82430094] [-1133.1125] 0.57
[-861.36882526] [-1241.281667] 0.58
[-791.91459298] [-1287.935] 0.59
[-214.86190719] [-1278.823846] 0.59
[-166.56255155] [-1626.444167] 0.6
[417.27546361] [-1421.866667] 0.6
[262.6666851] [-1262.385833] 0.6
[551.93367621] [-1034.204166] 0.6
[634.00857171] [-989.282142] 0.59
[529.60625299] [-1026.140833] 0.58
[337.06293702] [-1072.895] 0.57
[169.86674646] [-1064.643333] 0.56
[158.29596388] [-1021.258333] 0.55
[136.08548408] [-23.329166] 0.55
[23.63867043] [-151.638333] 0.55
[-206.75114933] [-368.518333] 0.56
[-252.14685602] [61.663333] 0.56
[-354.60189167] [-243.833333] 0.57
[-1001.14317792] [-393.0525] 0.58
[-831.26938884] [-268.426667] 0.59
[-615.51037952] [-215.571667] 0.59
[-419.64449496] [68.600833] 0.58
[-183.06890952] [132.910833] 0.57
[-112.78444822] [606.901667] 0.56
[-117.16716853] [635.571667] 0.55
[-41.62347386] [1095.471667] 0.54
[-226.64639201] [1193.384167] 0.53
[-539.37032826] [1280.829167] 0.52
[-797.16272094] [1478.436667] 0.51
[-636.0357563] [1496.505] 0.51
[-417.87997739] [2153.705] 0.5
[-305.05757722] [2079.428013] 0.49
[-199.10665533] [2031.1075] 0.48
[-170.26194091] [1958.971667] 0.48
[-16.72658043] [1831.5875] 0.47
[88.42373256] [1754.840833] 0.47
[206.70672608] [1290.360833] 0.47
[237.71529965] [977.58] 0.47
[256.20263581] [1004.323333] 0.48
[537.35491092] [838.989167] 0.49
[583.04399936] [653.4875] 0.5
[403.21921757] [257.720833] 0.51
[254.05916256] [264.039167] 0.52
[110.23096817] [482.721666] 0.53
[-9.56996548] [340.866667] 0.53
[-179.06562037] [-6.4075] 0.54
[-402.12626987] [152.137167] 0.54
[-500.02169539] [-102.04] 0.55
[-411.59156778] [62.291667] 0.54
[-395.285273] [-167.320833] 0.54
[-202.93207097] [-617.780833] 0.55
[-33.52662054] [-958.943077] 0.56
[143.93280793] [-1053.772436] 0.56
[523.08280159] [-1115.295] 0.55
[849.76481385] [-898.269167] 0.54
[882.33149844] [-1047.225834] 0.53
[758.33787883] [-1203.304167] 0.52
[208.0726422] [-1313.853846] 0.51
[141.58264928] [-1675.935833] 0.5
[137.48323975] [-1832.754167] 0.49
[601.14599732] [-1396.164286] 0.48
[541.97048655] [-1462.822436] 0.47
[356.60337697] [-1468.071667] 0.46
[32.2363821] [-1501.643846] 0.45
[-25.80792098] [-916.760833] 0.46
[405.44402231] [-492.679167] 0.46
[211.5182033] [-675.0375] 0.46
[894.0249612] [-412.553013] 0.46
[956.03790421] [-228.989167] 0.46
[716.10288204] [236.655385] 0.47
[282.89581633] [272.870064] 0.48
[-260.62590298] [271.566667] 0.48
[-557.18087489] [394.839231] 0.47
[201.74947956] [36.499167] 0.47
[-623.56616389] [104.695333] 0.46
[-405.35475825] [227.1475] 0.46
[-301.48103368] [-24.705834] 0.47
[-383.55215083] [-106.09] 0.48
[-389.66848473] [44.190833] 0.48
[-695.55565101] [-89.539423] 0.49
[-203.95562708] [-16.589231] 0.5
[-8.0213343] [186.3125] 0.49
[-26.87157259] [81.934167] 0.48
[-14.99322962] [118.326667] 0.47
[9.4095238] [-85.979167] 0.46
[-17.04340193] [-104.614487] 0.46
[-88.14080173] [-232.839167] 0.46
[-69.74428053] [63.992667] 0.45
[-64.52460345] [126.345119] 0.44
[-194.00874504] [36.690769] 0.43
[-248.22683914] [-27.825] 0.43
[344.72339525] [-79.961987] 0.42
[397.25335238] [-416.59] 0.41
[405.0863101] [-609.558333] 0.4
[452.13135524] [-397.185833] 0.39
[482.56569633] [-295.866154] 0.39
[421.03993061] [-468.305833] 0.38
[312.66425614] [-654.800385] 0.37
[216.26399004] [-649.929231] 0.36
[248.70765696] [-702.438333] 0.35
[230.78496263] [-642.666731] 0.34
[-228.32621558] [50.458333] 0.33
[-356.25794172] [67.359167] 0.32
[-410.36893231] [215.379167] 0.31
[-549.33406968] [287.194167] 0.3
[-371.63769194] [377.587692] 0.3
[-727.45236766] [325.390834] 0.3
[-223.20657753] [353.7125] 0.3
[193.38362337] [-77.404167] 0.3
[-22.0807909] [-238.531667] 0.31
[-267.50058835] [-271.655] 0.32
[58.32774461] [-222.990833] 0.32
[125.70205856] [51.970834] 0.33
[184.46796805] [302.538333] 0.34
[135.74223051] [253.886154] 0.35
[93.3973227] [149.478102] 0.35
[14.22731453] [-160.380833] 0.35
[-5.86255831] [-267.294167] 0.35
[35.2050083] [-178.843333] 0.34
[93.89529644] [-134.524167] 0.33
[172.1717287] [-102.024] 0.32
[264.74918571] [39.678333] 0.33
[288.46070124] [-45.706667] 0.33
[135.85644781] [-212.326667] 0.33
[74.47089164] [-84.556667] 0.33
[29.72514592] [-135.925] 0.33
[-255.94030913] [-228.351667] 0.34
[26.48653487] [-253.18881] 0.34
[16.60432283] [-168.7925] 0.34
[225.58096892] [-141.449167] 0.34
[-148.0419083] [-180.875] 0.35
[-107.42393478] [-191.066667] 0.36
[-26.06754383] [-181.746667] 0.37
[-36.57644302] [-181.602692] 0.38
[-849.81417588] [-183.951667] 0.39
[-239.19962738] [-88.06] 0.39
[39.88426729] [237.615834] 0.39
[-27.97691211] [184.439167] 0.38
[18.98057806] [152.033333] 0.38
[-275.03562826] [78.869166] 0.37
[-261.12746246] [-44.041667] 0.37
[-223.71919087] [-227.106667] 0.37
[-196.54491078] [-420.121154] 0.37
[-29.30250612] [-811.270769] 0.37
[74.3518078] [-913.4175] 0.37
[294.44567528] [-930.5825] 0.36
[69.59769782] [-959.161667] 0.36
[85.89443893] [-1200.8375] 0.35
[32.64524315] [-1809.456] 0.35
[196.7249711] [-2016.33] 0.34
[7.85959812] [-1940.9725] 0.33
[4.85348255] [-2164.415833] 0.32
[5.34187362] [-2112.9375] 0.32
[-16.15435542] [-2633.698333] 0.33
[23.81517023] [-2462.131666] 0.33
[-16.80516012] [-2516.102857] 0.34
[-47.37277019] [-2198.156154] 0.35
[-83.28975078] [-2078.4975] 0.36
[-83.26336798] [-2108.904167] 0.37
[-75.93326728] [-2273.6425] 0.38
[-97.78515258] [-2224.326666] 0.39
[-98.99847382] [-2296.365] 0.4
[-82.53649824] [-2476.266667] 0.41
[-57.00625776] [-2680.440833] 0.42
[-41.7503651] [-2741.271667] 0.42
[-22.36686622] [-3039.326667] 0.43
[-16.06432929] [-2963.693333] 0.44
[-11.56726714] [-2924.608333] 0.45
[-6.3712976] [-2884.57] 0.46
[-42.25785723] [-2945.873333] 0.46
[36.55700065] [-2768.875] 0.45
[-47.46895104] [-2350.0075] 0.46
[-80.77331563] [-2317.818333] 0.47
[-108.14329976] [-2315.823333] 0.47
[-114.07217982] [-2301.201667] 0.48
[-119.76040581] [-1911.5375] 0.49
[-117.38297179] [-1115.43] 0.49
[-171.13288834] [-683.9375] 0.49
[-218.8325233] [-565.946667] 0.5
[-249.5196884] [-174.1475] 0.5
[-58.14908885] [-442.006667] 0.5
[-287.65315173] [203.966666] 0.5
[-130.22897184] [74.633333] 0.5
[-348.74818146] [20.53] 0.5
[-381.59052653] [-278.074679] 0.51
[-382.62943923] [-415.573333] 0.51
[-257.42514518] [-534.865] 0.51
[-278.47651362] [-204.491667] 0.52
[-298.26830043] [-397.186667] 0.53
[-252.29765259] [-349.054167] 0.54
[-279.75215704] [-209.221666] 0.54
[-342.67580347] [-2.469167] 0.55
[-340.56859654] [120.8175] 0.55
[-309.40878667] [416.983334] 0.55
[-337.86613309] [421.28] 0.55
[-389.09440784] [466.796667] 0.55
[-694.27625204] [512.133333] 0.55
[-444.44564995] [606.06] 0.55
[-499.75399875] [626.858333] 0.55
[-390.24759466] [405.823333] 0.55
[-381.13501282] [367.875833] 0.55
[-311.57337015] [403.925833] 0.55
[-282.23926538] [328.603334] 0.55
[-243.76391496] [139.555] 0.55
[-215.37866838] [100.245] 0.55
[-162.38167446] [-186.771667] 0.56
[-134.70128273] [-361.420833] 0.57
[-116.83484873] [-502.795] 0.58
[-84.07999182] [-220.45] 0.59
[-45.5375297] [-323.498333] 0.59
[-59.02940134] [-446.7425] 0.59
[7.64389166] [-273.86] 0.59
[26.01229587] [-238.029167] 0.58
[45.61227774] [-281.81] 0.57
[-48.14727267] [-157.655] 0.57
[354.40661762] [-334.495833] 0.56
[161.47403187] [-194.06] 0.56
[70.02776319] [-237.045833] 0.55
[-166.89775584] [-303.691667] 0.56
[-39.01870156] [-434.28] 0.57
[-71.48894639] [-395.7975] 0.58
[2.69307353] [-377.816667] 0.57
[38.27757066] [-381.29] 0.57
[113.75643474] [-414.236667] 0.57
[76.21277597] [-580.073333] 0.57
[51.69430243] [-579.9] 0.57
[-107.95506117] [-566.798333] 0.57
[-242.94152588] [-406.885833] 0.58
[91.3916626] [-251.49] 0.58
[70.55013785] [14.734167] 0.59
[-50.83735404] [64.538333] 0.58
[-315.47092922] [154.33] 0.57
[-379.48201588] [-27.315] 0.57
[-330.06158116] [11.149167] 0.56
[-143.79548627] [-6.93] 0.56
[13.87951739] [-32.085] 0.55
[33.30255962] [-82.323333] 0.54
[84.59338982] [-84.43] 0.54
[-129.50888504] [122.3125] 0.53
[-185.34242703] [370.78] 0.53
[108.4585333] [339.18] 0.53
[21.66435509] [420.78] 0.53
[-1.85193055] [358.63] 0.52
[118.53996294] [405.69] 0.52
[-58.18673519] [563.3] 0.52
[-82.2955223] [212.39] 0.52
[-29.29582642] [399.75] 0.52
[-13.88512835] [409.85] 0.52
[-76.27150059] [363.23] 0.52
[-74.17794145] [405.27] 0.52
[-88.41655103] [359.29] 0.52
[-99.35742855] [325.22] 0.52
[-104.89357786] [358.56] 0.52
[-92.76638132] [278.63] 0.51
[-74.0208272] [404.91] 0.51
[-52.14331035] [471.15] 0.5
[-47.76406453] [492.06] 0.49
[-29.57745743] [214.88] 0.48
[-13.36309463] [286.18] 0.47
[100.31858494] [241.88] 0.47
[175.29036542] [251.62] 0.47
[-36.16309672] [260.09] 0.46
[-35.77854407] [263.27] 0.45
[17.37546345] [284.9] 0.45
[-84.76955948] [328.3] 0.44
[-33.05144357] [396.4] 0.43
[43.74941071] [324.18] 0.43
[41.27894362] [87.97] 0.43
[62.01608912] [102.58] 0.43
[118.51404851] [69.22] 0.43
[219.32184662] [47.46] 0.44
[264.21340596] [15.58] 0.44
[84.65719876] [-127.68] 0.43
[306.21543645] [227.22] 0.43
[182.82235667] [87.56] 0.43
[105.39176043] [116.29] 0.43
[98.31885366] [215.28] 0.43
[-111.83477995] [187.29] 0.42
[-191.47658996] [280.93] 0.41
[-127.54297906] [283.] 0.4
[-235.72566128] [299.58] 0.39
[-45.90078449] [421.55] 0.39
[-9.463246] [1010.63] 0.39
[-36.50814819] [1082.96] 0.39
[-7.34336428] [1024.42] 0.38
[31.45294152] [1152.81] 0.38
[23.33449087] [1102.96] 0.38
[93.1800138] [1261.22] 0.38
[109.55486686] [1387.62] 0.38
[72.44143834] [1283.3] 0.38
[51.26183858] [1432.41] 0.38
[34.54839951] [1149.81] 0.38
[13.34270384] [1136.35] 0.39
[29.65948177] [1048.67] 0.4
[2.90229335] [1157.59] 0.41
[34.7359087] [1037.41] 0.42
[98.66787937] [1167.54] 0.43
[129.55092023] [1163.97] 0.44
[151.58785463] [1283.97] 0.45
[163.64895758] [1277.98] 0.46
[293.88755879] [1297.36] 0.47
[203.06560856] [1287.72] 0.48
[-76.29211353] [1441.3] 0.48
[-156.45389389] [1570.42] 0.48
[-147.16964604] [1385.68] 0.48
[-190.65414712] [1158.24] 0.47
[-137.59239974] [1177.28] 0.46
[-74.93158503] [1165.75] 0.45
[-62.6123023] [1187.13] 0.44
[13.97878825] [1108.12] 0.44
[50.32098817] [386.91] 0.44
[162.70830538] [366.86] 0.45
[559.25339591] [478.92] 0.46
[593.29536728] [628.37] 0.47
[-10.59812432] [717.56] 0.46
[570.29292093] [528.27] 0.47
[711.52145067] [415.76] 0.48
[511.29665639] [579.91] 0.49
[493.46398499] [626.54] 0.49
[276.01183575] [1111.89] 0.49
[216.35355532] [1275.17] 0.49
[-72.22134647] [2183.69] 0.49
[-57.60652768] [1826.12] 0.49
[-110.08017271] [2786.93] 0.49
[-98.80743706] [2796.04] 0.49
[-53.72151438] [2986.53] 0.49
[-7.71173463] [2609.65] 0.48
[161.04000214] [2085.18] 0.48
[227.38475725] [1955.77] 0.49
[225.51132623] [2911.87] 0.49
[195.31921649] [2629.84] 0.5
[209.75104278] [2434.34] 0.51
[204.18819365] [2191.74] 0.51
[259.32045883] [2684.68] 0.52
[163.85742381] [2710.43] 0.52
[138.0167808] [2791.26] 0.53
[88.72931241] [3443.13] 0.54
[44.97286784] [3509.41] 0.55
[11.03910302] [3450.09] 0.56
[-68.67637652] [3336.31] 0.56
[82.15381841] [2882.3] 0.56
[83.01246996] [2896.67] 0.56
[184.68230328] [2783.72] 0.57
[837.29614191] [3021.37] 0.57
[1216.64373392] [2450.45] 0.58
[393.75604826] [1920.08] 0.59
[55.25232125] [1849.32] 0.6
[96.75199539] [1656.32] 0.61
[241.13287139] [1650.27] 0.62
[414.90834233] [683.03] 0.63
[1093.82665679] [661.98] 0.64
[1018.53057842] [197.27] 0.65
[746.49647146] [-75.11] 0.65
[374.38907214] [-33.84] 0.65
[824.12311295] [351.92] 0.66
[695.77759097] [1331.38] 0.67
[319.61220429] [1594.42] 0.68
[430.2204263] [785.29] 0.69
[163.14191284] [1320.45] 0.7
[145.98106358] [1123.68] 0.7
[55.64242584] [1655.77] 0.7
[99.63443886] [1651.06] 0.71
[41.1665941] [2206.12] 0.72
[21.54527865] [2597.18] 0.72
[112.93324781] [2070.06] 0.73
[98.16173981] [2247.44] 0.74
[69.84406674] [3046.52] 0.74
[137.20308454] [4269.57] 0.74
[150.7481036] [2860.39] 0.74
[210.68704203] [3820.54] 0.74
[292.00435656] [3335.58] 0.74
[309.33333754] [1998.7] 0.74
[257.87952866] [2443.8] 0.75
[147.60439727] [3129.6] 0.75
[84.9724495] [4198.72] 0.75
[-50.16817876] [3357.26] 0.74
[-235.50414534] [2956.87] 0.73
[-539.95126297] [3300.7] 0.73
[-648.25904674] [3836.4] 0.73
[-580.02764251] [4292.7] 0.73
[-528.37958952] [4669.2] 0.73
[-27.02581763] [3926.84] 0.73
[759.17611933] [3114.99] 0.74
[528.98556347] [3110.37] 0.75
[766.08757867] [2529.63] 0.76
[1300.12112284] [1207.97] 0.76
[1512.15250651] [1546.02] 0.76
[1167.69593278] [321.54] 0.76
[1053.56834177] [392.58] 0.76
[920.41254763] [1107.21] 0.76
[1039.57761817] [326.37] 0.76
[1439.74890934] [96.27] 0.76
[1354.58678664] [-227.07] 0.75
[1331.20609619] [-693.88] 0.74
[1354.27127732] [-1922.1] 0.73
[1860.11082628] [-3160.38] 0.72
[2612.33356634] [-1257.68] 0.71
[2328.64805243] [-2525.7] 0.7
[1694.64268633] [-2416.39] 0.69
[808.50906454] [-1207.73] 0.68
[-410.39736012] [-1077.39] 0.68
[-1953.73062735] [-1216.27] 0.68
[-394.647491] [-1900.06] 0.69
[-760.15679723] [-753.32] 0.7
[242.14837582] [-425.61] 0.7
[126.49377314] [-417.47] 0.7
[51.44742138] [-496.78] 0.7
[242.81084667] [-525.09] 0.7
[711.66143948] [-1121.11] 0.7
[920.8812021] [-139.08] 0.69
[921.69320475] [643.54] 0.69
[661.84636657] [52.67] 0.69
[469.93120029] [-106.88] 0.68
[-25.15646542] [1379.88] 0.67
[-793.72168982] [512.76] 0.67
[-2263.33679943] [1460.4] 0.66
[-1960.4481715] [342.68] 0.65
[-1638.35861067] [-336.39] 0.65
[-515.99913213] [-176.31] 0.65
[575.51563753] [-550.38] 0.64
[-112.84113763] [-269.81] 0.64
[732.07677096] [593.64] 0.65
[1143.42756634] [916.26] 0.66
[753.54302203] [357.23] 0.67
[55.9086355] [236.81] 0.68
[-561.73871129] [557.16] 0.68
[-350.12338724] [669.81] 0.68
[594.56047995] [605.06] 0.68
[1327.80785437] [858.95] 0.68
[-570.63968748] [582.82] 0.67
[-183.96392164] [-366.88] 0.67
[-147.50510383] [-922.62] 0.67
[-151.065884] [-951.56] 0.67
[-161.57265111] [-1213.67] 0.67
[886.38870808] [-1210.44] 0.66
[900.3889224] [-1401.35] 0.65
[1296.49447686] [-844.38] 0.64
[1506.59503165] [-1376.66] 0.63
[1419.70535483] [-1418.61] 0.62
[1419.22131605] [-1539.17] 0.62
[1376.74768877] [-795.01] 0.61
[983.47561264] [-1160.53] 0.6
[390.83122218] [-1072.6] 0.59
[602.98801614] [-757.09] 0.58
[-258.29770713] [142.36] 0.57
[-1874.04291025] [117.99] 0.56
[-1946.91602013] [4.46] 0.55
[-858.88638065] [146.81] 0.54
[-967.93117036] [-7.17] 0.54
[-552.49418335] [-651.63] 0.54
[-520.99153759] [-570.2] 0.54
[-200.30654235] [28.19] 0.53
[96.74111662] [163.9] 0.54
[154.39887556] [-232.7] 0.54
[-167.79254309] [-164.31] 0.54
[-321.54445995] [-102.01] 0.54
[-423.33630636] [-676.9] 0.54
[-67.87175271] [-1618.34] 0.54
[167.10737708] [-1285.59] 0.53
[44.79280843] [-1428.91] 0.52
[-299.77007293] [-1384.09] 0.52
[-653.27274844] [-1375.9] 0.52
[-536.6473809] [-1713.05] 0.52
[-100.26056295] [-2078.9] 0.52
[635.94802489] [-2298.37] 0.51
[1061.1623874] [-2202.13] 0.5
[1152.96672285] [-2341.63] 0.49
[1081.93369678] [-2161.99] 0.48
[873.06119401] [-2339.52] 0.47
[-10.75760123] [-2536.57] 0.47
[-459.8121168] [-2101.64] 0.47
[-620.79114634] [-1911.03] 0.47
[-595.81824147] [-1571.4] 0.47
[-654.62600749] [-1833.26] 0.47
[-468.92989274] [-2094.17] 0.47
[-256.59146811] [-2053.32] 0.48
[-23.49126069] [-2026.67] 0.49
[474.67829057] [-1912.09] 0.49
[-94.61571439] [-2028.2] 0.5
[-300.75112343] [-2155.08] 0.51
[-454.07802642] [-2199.1] 0.52
[-569.20520062] [-2218.96] 0.53
[-412.68777076] [-2019.45] 0.53
[-336.60454011] [-1801.99] 0.53
[-489.9881731] [-1460.86] 0.53
[-364.58748032] [-526.85] 0.53
[-439.3564313] [-962.67] 0.53
[-639.08679464] [-623.76] 0.53
[-959.06808592] [472.89] 0.52
[-1265.66388603] [1034.8] 0.51
[-1028.306844] [1494.8] 0.5
[-388.585943] [911.02] 0.49
[261.61604197] [1110.43] 0.5
[-347.4479067] [782.59] 0.5
[151.38159907] [911.81] 0.51
[-147.97877244] [1097.51] 0.51
[-466.18650144] [1153.49] 0.51
[-584.56364104] [1336.42] 0.51
[-223.8339043] [1206.03] 0.51
[-202.29610006] [1120.19] 0.51
[-18.2233608] [755.42] 0.5
[236.96426928] [617.34] 0.5
[408.81050801] [496.31] 0.5
[527.41582953] [501.4] 0.5
[336.68341925] [753.36] 0.51
[231.65394591] [364.27] 0.52
[110.62574643] [639.36] 0.53
[30.78931077] [759.91] 0.54
[-80.97096091] [555.54] 0.54
[-195.12782789] [503.54] 0.54
[-258.81219045] [522.66] 0.53
[-303.44892213] [272.87] 0.52
[-331.99755722] [-46.53] 0.53
[-262.95474859] [94.04] 0.53
[-218.96766915] [612.25] 0.53
[-214.53249935] [185.19] 0.53
[-285.89542433] [-1380.44] 0.54
[-254.84524152] [-1935.77] 0.54
[-51.50642343] [-2644.14] 0.54
[-34.16967573] [-2088.51] 0.55
[727.65439769] [-2269.72] 0.54
[1660.80243066] [-1640.79] 0.53
[1467.12645189] [-1716.98] 0.52
[1263.03563826] [-1495.52] 0.51
[899.3850527] [-1743.46] 0.5
[904.97145785] [-1803.47] 0.5
[162.37368145] [-2108.46] 0.5
[-142.96008987] [-2013.42] 0.5
[274.83301043] [-2150.49] 0.49
[732.57362177] [-1808.27] 0.49
[613.24139392] [-1218.85] 0.48
[198.91493006] [-1304.58] 0.47
[-275.46589755] [-1514.73] 0.47
[-353.58769555] [-1380.39] 0.47
[-265.90587863] [-1580.76] 0.48
[-340.07386663] [-1560.11] 0.49
[-93.3074021] [-1443.16] 0.5
[-416.75421726] [-1205.82] 0.51
[-574.27190927] [-1414.96] 0.52
[-573.12758394] [-1392.79] 0.53
[-493.48797404] [-1296.45] 0.54
[-605.40907287] [-1508.68] 0.55
[-815.87925382] [-797.52] 0.56
[-719.5264427] [-466.21] 0.57
[-601.87888281] [-96.18] 0.58
[-564.09963035] [-180.83] 0.59
[-502.23756661] [607.01] 0.59
[-514.39700183] [191.83] 0.59
[-1016.70346278] [87.06] 0.58
[-666.77140977] [-331.11] 0.58
[-107.38523942] [-236.6] 0.58
[-102.10575269] [-513.54] 0.59
[-58.76504416] [-256.65] 0.59
[13.77009476] [-17.33] 0.59
[126.28209699] [-89.99] 0.58
[297.54778753] [-128.46] 0.57
[369.2916379] [-17.17] 0.56
[75.80031292] [-451.64] 0.55
[-5.36712707] [-220.84] 0.56
[-152.56927198] [-156.94] 0.57
[-115.36575902] [-170.82] 0.57
[28.17985979] [421.82] 0.57
[96.65167334] [944.71] 0.57
[64.43828839] [840.34] 0.57
[-114.02287109] [628.76] 0.57
[-200.74646659] [932.79] 0.57
[-295.76125449] [953.75] 0.57
[-277.61615564] [1062.83] 0.57
[-133.75205581] [1225.7] 0.57
[-108.55546324] [2230.3] 0.56
[-182.20147236] [1529.6] 0.55
[-114.9415164] [1571.17] 0.54
[246.55800133] [1710.17] 0.54
[354.28585402] [1767.65] 0.54
[505.51700739] [1188.95] 0.54
[826.03825909] [1304.39] 0.54
[544.58797372] [1471.57] 0.54
[190.20479735] [1466.22] 0.55
[-112.70284238] [1193.71] 0.54
[-91.9192238] [1184.24] 0.53
[-60.48200875] [1026.29] 0.52
[-24.70098109] [1203.06] 0.51
[111.34980406] [1676.18] 0.51
[90.42756052] [2217.38] 0.51
[28.78617266] [2104.13] 0.51
[-8.19027457] [2558.04] 0.5
[29.10632989] [2007.42] 0.5
[48.46760573] [2030.2] 0.5
[69.75198481] [1962.99] 0.51
[166.15871103] [1402.9] 0.52
[272.4783662] [996.67] 0.53
[312.24085505] [1572.25] 0.54
[620.18658211] [1937.74] 0.54
[842.54890583] [1622.88] 0.55
[1010.7653791] [1885.63] 0.55
[-67.55220253] [1988.44] 0.55
[-28.33541275] [1749.55] 0.55
[288.28224756] [1432.96] 0.56
[415.43378371] [1540.41] 0.57
[621.59649244] [1520.4] 0.58
[691.13946478] [1468.19] 0.59
[29.22150774] [993.32] 0.59
[-357.53675059] [1234.31] 0.58
[-166.99766401] [1077.46] 0.57
[-163.30143695] [1458.39] 0.56
[-290.5416641] [945.78] 0.55
[-303.792932] [1218.75] 0.54
[-185.58147634] [1268.41] 0.53
[-307.71218034] [1342.27] 0.53
[-448.76370679] [1400.97] 0.53
[-348.78775425] [767.97] 0.53
[-160.7981157] [-76.54] 0.54
[246.25392227] [-494.29] 0.53
[855.88848749] [-697.65] 0.53
[847.12726921] [-621.42] 0.53
[559.16843078] [-843.92] 0.53
[610.43886271] [-401.74] 0.52
[-108.36781417] [-249.32] 0.52
[-355.58756057] [-407.8] 0.52
[-266.56845546] [-856.] 0.52
[-12.09619703] [-688.27] 0.53
[65.92681809] [-651.65] 0.53
[293.35739336] [-1008.49] 0.53
[833.47956187] [-2123.03] 0.53
[1039.41086857] [-1922.85] 0.53
[965.46049494] [-2389.92] 0.53
[670.93095771] [-2417.65] 0.53
[212.294249] [-5412.22] 0.52
[250.87787044] [-4759.5] 0.52
[39.8102509] [-4737.91] 0.52
[-114.55631485] [-4589.23] 0.53
[-223.95243929] [-4677.58] 0.54
[-354.7438668] [-4823.04] 0.54
[-159.69103759] [-4194.49] 0.54
[-183.38074411] [-3411.66] 0.54
[-218.65545908] [-3470.14] 0.54
[28.62891866] [-3479.78] 0.53
[-383.19432246] [-4166.77] 0.53
[-346.02795822] [-3161.59] 0.53
[495.64212864] [-2540.66] 0.52
[31.98897582] [-2087.06] 0.51
[-164.11302171] [-2040.97] 0.51
[-624.07503311] [-2343.26] 0.51
[-747.39785829] [-2273.22] 0.51
[-657.73410229] [-3027.41] 0.51
[-831.85816388] [-2507.53] 0.51
[42.59915065] [-2326.06] 0.51
[378.81157461] [-2106.03] 0.51
[263.13131984] [-2258.28] 0.51
[189.68601596] [-2414.22] 0.5
[371.57118059] [-2026.94] 0.49
[269.82401] [-1261.94] 0.48
[27.30747023] [-588.74] 0.47
[-511.3454351] [-679.91] 0.48
[-435.34043185] [-571.62] 0.49
[-1292.82868752] [2463.48] 0.49
[-2184.01056922] [1264.21] 0.49
[-2926.13127783] [1725.34] 0.49
[-2829.18173854] [1566.93] 0.48
[-2888.62281091] [1831.31] 0.47
[-3073.0095346] [1514.34] 0.46
[-2365.61571239] [1213.57] 0.45
[-2226.23168213] [917.07] 0.44
[-1383.11721393] [808.45] 0.43
[-919.69976308] [1069.51] 0.43
[-254.51344188] [1307.42] 0.43
[-62.04955972] [338.08] 0.43
[356.54301679] [84.03] 0.44
[48.09949634] [432.53] 0.45
[177.76863961] [713.85] 0.46
[79.71866672] [1137.99] 0.47
[427.23197793] [1288.57] 0.48
[-3155.68322875] [1813.86] 0.47
[743.31353119] [1385.37] 0.47
[196.27198318] [1337.05] 0.47
[-488.78286761] [2124.76] 0.46
[-289.40976408] [1819.66] 0.45
[-45.26345227] [2082.99] 0.44
[248.32858659] [2102.13] 0.45
[674.05261951] [2126.51] 0.46
[446.55932006] [1542.73] 0.47
[403.37887324] [1825.41] 0.48
[474.87266392] [1805.76] 0.48
[440.0783579] [2708.79] 0.48
[476.45057392] [2948.56] 0.48
[398.36688709] [2635.79] 0.49
[238.37540867] [1839.09] 0.49
[-52.48176195] [1759.59] 0.48
[-130.9036189] [1942.58] 0.47
[-95.32695239] [2682.13] 0.46
[-501.62819809] [2678.04] 0.45
[-213.18673716] [2268.7] 0.44
[-100.1931654] [2126.34] 0.43
[73.56323687] [2539.36] 0.43
[169.91315854] [2879.13] 0.43
[87.17870409] [2933.22] 0.44
[-186.1641571] [2379.68] 0.44
[-15.77113158] [1579.97] 0.43
[41.32882047] [1660.18] 0.43
[115.32119267] [1628.8] 0.43
[198.0946103] [1031.46] 0.43
[724.93711651] [1109.] 0.43
[819.17359045] [1077.52] 0.44
[747.93958904] [419.91] 0.45
[483.40944403] [940.44] 0.46
[1111.87267294] [601.32] 0.47
[944.37663184] [724.28] 0.48
[1074.64107209] [546.89] 0.49
[1105.81027552] [1318.3] 0.5
[754.14680742] [494.61] 0.51
[808.09381295] [487.25] 0.52
[784.26302699] [-207.92] 0.51
[842.15722091] [-198.05] 0.51
[688.50361808] [143.04] 0.52
[862.95686677] [999.39] 0.53
[882.5239894] [1165.34] 0.54
[81.10407413] [960.62] 0.55
[-182.0158869] [586.2] 0.54
[-247.79471268] [-503.89] 0.54
[-367.14398456] [156.38] 0.53
[-341.98085651] [87.8] 0.52
[692.74681957] [-339.33] 0.52
[440.95774288] [-292.67] 0.52
[197.05378567] [-259.74] 0.52
[856.46671742] [-55.86] 0.52
[334.67590748] [322.46] 0.53
[123.29527474] [132.89] 0.54
[-450.25073614] [179.11] 0.54
[-371.70932669] [554.05] 0.54
[-631.37192159] [792.24] 0.54
[-717.86493243] [778.64] 0.53
[-350.88240289] [79.04] 0.52
[-133.54549249] [-328.36] 0.52
[295.0966473] [-271.53] 0.51
[506.1680543] [-693.87] 0.5
[491.10436657] [-323.37] 0.49
[1426.60101115] [-1018.88] 0.49
[814.19736459] [-391.6] 0.48
[616.95052629] [-421.66] 0.47
[205.25012807] [-706.58] 0.47
[152.71477753] [-551.33] 0.47
[123.08778209] [-539.12] 0.46
[-15.72640763] [-664.76] 0.46
[-102.50412358] [-433.68] 0.46
[433.64355408] [-518.92] 0.45
[-189.06173518] [-452.06] 0.45
[210.28436798] [-48.38] 0.45
[-187.16853898] [-172.57] 0.46
[105.81536652] [-237.54] 0.46
[81.76587373] [-34.17] 0.46
[-279.82363992] [-188.57] 0.47
[-695.71199621] [-271.48] 0.48
[105.21526363] [-261.3] 0.48
[80.2005111] [-249.03] 0.47
[209.87286038] [-145.96] 0.46
[224.37531993] [-182.72] 0.46
[171.97873435] [-70.12] 0.46
[164.86513271] [-528.03] 0.46
[360.29978416] [-228.83] 0.46
[397.67019169] [260.82] 0.47
[157.20201181] [372.26] 0.48
[71.76728156] [396.83] 0.49
[35.42150197] [703.27] 0.5
[-128.22316659] [811.36] 0.5
[-271.64674497] [1857.05] 0.5
[-354.81457693] [1800.97] 0.5
[-413.9171179] [1866.29] 0.5
[-292.20762255] [2026.95] 0.49
[-240.73603297] [2271.46] 0.48
[-124.48572244] [2692.38] 0.47
[-44.96547789] [1988.68] 0.46
[-40.45278456] [1893.66] 0.45
[10.86230378] [1938.02] 0.46
[81.71747324] [2310.21] 0.46
[144.38082281] [2534.9] 0.46
[265.47271143] [2318.2] 0.47
[244.52807906] [2531.64] 0.48
[-4.8038873] [2388.16] 0.48
[-14.60269683] [2654.9] 0.47
[-82.55746664] [2137.91] 0.46
[-17.28587165] [2379.6] 0.45
[-63.77669159] [2646.43] 0.44
[-44.98893753] [2620.19] 0.43
[-54.56571477] [2699.27] 0.42
[-76.4068583] [2699.35] 0.41
[-44.87571527] [3129.85] 0.4
[-54.63805698] [2576.87] 0.39
[47.36389068] [2196.6] 0.4
[128.23328084] [2252.71] 0.41
[224.09841613] [1971.52] 0.42
[44.22430378] [1975.94] 0.43
[150.63144275] [1714.19] 0.44
[403.37378202] [721.53] 0.45
[773.50901389] [402.46] 0.45
[1542.41499189] [364.7] 0.45
[1241.559775] [187.08] 0.45
[1497.56458019] [190.87] 0.46
[1465.18448403] [-342.05] 0.46
[1379.22342694] [630.01] 0.46
[1123.03381636] [417.] 0.46
[-177.02165654] [729.] 0.45
[656.16685183] [-352.84] 0.44
[449.5442294] [-1585.43] 0.43
[445.75034766] [-1137.71] 0.42
[68.27675242] [-1607.98] 0.41
[-12.56375081] [-1429.13] 0.41
[-60.70423664] [-1525.29] 0.41
[66.38039623] [-1270.91] 0.4
[55.74882765] [-1345.28] 0.39
[-56.2522921] [-1424.77] 0.39
[-49.46016169] [-1378.94] 0.39
[353.17364748] [-1427.54] 0.39
[191.47043701] [-1583.24] 0.39
[57.17127874] [-1619.08] 0.38
[309.46404551] [-1183.91] 0.37
[308.46015695] [-785.57] 0.36
[121.27839483] [-921.93] 0.35
[-129.21755684] [-591.01] 0.36
[-198.06344835] [-602.01] 0.36
[-460.92076358] [-733.37] 0.37
[-110.88773224] [-1333.47] 0.38
[317.68031137] [-805.18] 0.38
[85.11273809] [-1232.89] 0.38
[-289.67924308] [-569.58] 0.39
[-162.88232273] [-841.91] 0.4
[582.51126908] [-749.24] 0.39
[242.34652634] [-933.54] 0.38
[40.00494371] [-967.24] 0.38
[143.27624176] [-1082.45] 0.38
[217.67197472] [-619.52] 0.38
[529.98723555] [431.73] 0.39
[115.59920611] [107.17] 0.4
[-26.74928609] [392.15] 0.39
[-804.71577237] [418.53] 0.39
[-719.23114432] [420.82] 0.39
[1156.26332038] [482.22] 0.4
[-1388.87562797] [442.97] 0.4
[-701.18638936] [570.64] 0.4
[-413.13457787] [667.75] 0.4
[-554.00609693] [856.23] 0.4
[-574.77598054] [1045.84] 0.4
[-643.7372596] [865.4] 0.4
[96.01730904] [642.62] 0.4
[274.21093143] [482.89] 0.4
[143.87159501] [559.84] 0.41
[16.90973236] [395.78] 0.41
[370.82892859] [285.08] 0.42
[300.2448915] [588.55] 0.42
[-140.05558108] [1327.7] 0.42
[-921.57267968] [1393.24] 0.42
[-811.49428691] [2597.08] 0.41
[-769.165071] [2257.82] 0.4
[-744.11758883] [2251.68] 0.4
[-361.48100651] [2396.06] 0.4
[105.3066826] [2262.53] 0.41
[299.15765604] [2384.04] 0.42
[321.44373807] [2810.67] 0.43
[262.48072094] [2511.08] 0.44
[198.41910594] [2839.42] 0.45
[85.66706369] [2989.66] 0.45
[37.14786667] [3258.55] 0.45
[-132.90793737] [3085.42] 0.44
[-150.68677559] [2786.61] 0.43
[315.6961325] [3419.57] 0.44
[-578.3068836] [3484.79] 0.44
[-37.52738137] [4668.09] 0.44
[-422.23999333] [4532.58] 0.44
[307.99349287] [3537.17] 0.45
[406.01315593] [4113.99] 0.46
[367.41505769] [3788.49] 0.47
[605.56377756] [3888.8] 0.48
[674.5956658] [4277.33] 0.49
[-8.30609] [4791.84] 0.48
[-154.8749278] [5011.76] 0.47
[63.89869709] [4724.56] 0.47
[44.88860723] [4459.96] 0.47
[-5.08798861] [4966.99] 0.46
[13.90508611] [5754.26] 0.47
[114.79194017] [4966.89] 0.48
[253.93346227] [4830.32] 0.49
[672.79925065] [5742.93] 0.5
[140.87054757] [5571.29] 0.51
[85.12439236] [5385.51] 0.52
[464.69095043] [5322.54] 0.53
[312.06637379] [5521.05] 0.54
[1041.90678051] [5450.8] 0.55
[894.51016469] [3692.78] 0.56
[788.81396751] [3574.15] 0.56
[528.67325987] [3922.1] 0.56
[447.75610759] [4432.72] 0.56
[700.65166578] [6134.56] 0.56
[820.74374834] [4769.21] 0.56
[784.1356764] [5071.38] 0.56
[609.58551147] [3863.15] 0.56
[548.29739492] [3074.72] 0.56
[709.45555172] [4315.22] 0.56
[621.05016723] [3887.06] 0.56
[1308.98117822] [3852.88] 0.57
[1730.26365338] [3001.83] 0.57
[1656.83646057] [2845.5] 0.57
[878.45243269] [1952.19] 0.58
[896.35968276] [1690.03] 0.59
[1202.69662503] [2712.37] 0.6
[1404.80500631] [3196.32] 0.61
[1235.81418798] [2551.44] 0.62
[1063.55490253] [1760.03] 0.62
[824.84254551] [3581.03] 0.62
[899.61198181] [5026.89] 0.63
[1308.54126837] [4463.34] 0.64
[1757.86555013] [5170.17] 0.64
[2040.70587488] [5068.3] 0.64
[1462.23203969] [4346.57] 0.65
[1058.67161989] [4652.47] 0.66
[1213.90327647] [4513.57] 0.67
[1279.06078041] [6564.09] 0.68
[1121.60947896] [7554.71] 0.69
[981.948042] [8710.79] 0.7
[1034.41137607] [8054.98] 0.7
[904.84434968] [7326.96] 0.7
[1265.49124829] [8583.85] 0.7
[1562.51450547] [9629.62] 0.7
[1899.07940405] [9528.02] 0.71
[2696.5187537] [10723.26] 0.72
[1895.13892004] [13040.4] 0.72
[651.96090152] [13623.12] 0.72
[36.09548465] [12853.62] 0.73
[298.60674242] [15727.8] 0.74
[1210.41998536] [18306.26] 0.75
[-402.9976492] [21238.28] 0.75
[618.47064128] [22640.89] 0.76
[377.68204009] [21437.28] 0.76
[729.58151262] [19075.61] 0.76
[1537.27346223] [16268.35] 0.77
[1437.45662784] [14572.07] 0.78
[2020.64530487] [16013.65] 0.79
[2394.88476726] [16311.01] 0.79
[2121.18420326] [13677.73] 0.8
[2026.20416418] [12195.28] 0.81
[1040.7565246] [12302.43] 0.82
[1195.33000665] [13886.87] 0.83
[434.6728371] [12195.14] 0.84
[-422.87685692] [12285.61] 0.84
[899.80202584] [7082.35] 0.84
[1085.77125531] [8308.8] 0.84
[1414.11441681] [5656.53] 0.84
[1937.52191338] [6030.26] 0.84
[2704.15073681] [5206.57] 0.84
[2086.0780274] [5165.43] 0.84
[3416.01589977] [1562.58] 0.85
[4124.33623213] [4420.61] 0.86
[4564.12736862] [4920.51] 0.87
[4682.69848676] [2122.64] 0.88
[3301.39189885] [135.68] 0.89
[3139.22389404] [1487.87] 0.9
[1881.40962764] [1482.99] 0.9
[732.98213197] [815.84] 0.9
[483.81480824] [-2483.95] 0.89
[532.29219238] [-2391.64] 0.88
[1364.82091768] [-917.46] 0.87
[3567.92241453] [688.01] 0.87
[2181.39820304] [10819.36] 0.87
[3803.84318836] [12577.76] 0.88
[539.29229595] [7485.04] 0.89
[-1402.72192248] [8854.91] 0.88
[1819.25703092] [10642.88] 0.89
[-2742.06857363] [11119.99] 0.89
[-3584.65159654] [12927.36] 0.89
[3031.28825616] [11319.5] 0.89
[747.29795135] [13139.97] 0.89
[208.45315207] [16579.25] 0.89
[434.54813254] [20810.27] 0.89
[257.51886085] [22914.12] 0.89
[2082.02449542] [23901.46] 0.9
[409.02401839] [25211.02] 0.91
[-4094.38762623] [21880.14] 0.9
[-3533.60671606] [16338.63] 0.89
[-3186.00975145] [20205.67] 0.89
[-1009.97936696] [13397.25] 0.88
[-3566.25092986] [12026.05] 0.87
[-870.03067857] [11837.77] 0.86
[-849.06171749] [11977.46] 0.85
[1035.21369266] [16095.53] 0.85
[-1040.82066255] [12826.38] 0.84
[1471.49876044] [12801.45] 0.84
[3557.79107437] [11446.82] 0.84
[-890.22433563] [10582.77] 0.83
[2271.18128515] [9558.33] 0.83
[5109.27518377] [12241.6] 0.83
[4996.82379351] [5935.03] 0.83
[873.89349479] [8291.94] 0.83
[9538.16180725] [11119.06] 0.83
[8519.15560747] [9750.62] 0.83
[8747.5823664] [9781.88] 0.83
[8333.64416257] [14073.54] 0.83
[7041.99712742] [10413.1] 0.83
[5791.10274653] [7802.87] 0.83
[5644.55035362] [7712.28] 0.83
[5046.39328067] [6794.77] 0.83
[4117.28859777] [6057.75] 0.83
[3964.91269274] [2158.6] 0.83
[3930.99079695] [2084.6] 0.83
[4144.32131456] [-76.69] 0.82
[4903.26912019] [81.56] 0.82
[4034.07216952] [5597.03] 0.82
[1364.99159518] [1883.39] 0.82
[314.02829705] [4615.5] 0.82
[-1619.95340436] [8734.16] 0.81
[-4252.20344994] [9708.06] 0.8
[-7536.76499089] [10669.79] 0.79
[-918.39183812] [8009.24] 0.78
[1232.3704031] [10374.09] 0.78
[-1022.63064739] [8257.55] 0.77
[1131.65369997] [10288.01] 0.77
[2756.60547313] [10169.94] 0.77
[3588.05252966] [8194.9] 0.77
[3299.21222553] [7036.85] 0.77
[2370.28721944] [6754.77] 0.77
[2131.78130034] [3138.94] 0.77
[3704.35456137] [-49.96] 0.76
[6325.76858856] [284.59] 0.76
[7453.47831451] [849.3] 0.76
[58.45448126] [-1484.73] 0.75
[8957.61072358] [831.4] 0.75
[5769.39552629] [4080.02] 0.75
[4817.58290816] [6682.06] 0.75
[4408.2416328] [4056.12] 0.75
[5065.81041222] [5586.73] 0.75
[4731.05102487] [3380.88] 0.75
[3441.04926537] [2001.29] 0.76
[2864.41305515] [-1159.69] 0.75
[4850.4226064] [1498.18] 0.75
[4290.61757462] [2030.45] 0.75
[3289.73919269] [1300.57] 0.75
[2576.98335331] [315.79] 0.75
[1294.81320027] [-3921.34] 0.74
[-504.69216177] [-5753.4] 0.74
[-1798.40722763] [-6708.13] 0.74
[1481.34419395] [-3571.03] 0.73
[2686.87098234] [-3658.67] 0.72
[-4859.76995251] [-3851.15] 0.72
[6340.91389169] [-5152.77] 0.71
[8048.25777719] [-1234.7] 0.71
[1714.02941759] [781.01] 0.71
[2379.67948323] [-1596.09] 0.7
[-744.67035711] [-1840.77] 0.7
[-507.09538425] [-4778.74] 0.7
[-620.41856658] [1525.96] 0.69
[-969.22312443] [-1620.43] 0.69
[-1820.43465357] [-722.31] 0.69
[-4862.91747936] [-845.19] 0.69
[-3769.58107582] [-1684.14] 0.69
[-1559.95714922] [-3951.24] 0.69
[154.81465412] [-6804.44] 0.68
[2062.34054202] [-13962.03] 0.67
[3755.60915303] [-13550.36] 0.66
[4296.06868074] [-11533.46] 0.65
[4004.03195155] [-13350.51] 0.65
[3349.17214716] [-9809.84] 0.65
[2866.131725] [-12106.9] 0.65
[1632.38310613] [-13595.72] 0.64
[-1778.25331388] [-16844.53] 0.64
[-5804.36137803] [-10947.39] 0.64
[-5598.21262531] [-13872.78] 0.64
[-1685.08518101] [-12582.23] 0.65
[1805.18475573] [-14321.04] 0.64
[383.93829594] [-15328.05] 0.64
[648.08006763] [-16660.96] 0.64
[1185.97105938] [-15618.06] 0.63
[-237.12598123] [-15138.86] 0.63
[-2975.08328673] [-22107.] 0.63
[-4210.62504089] [-23209.83] 0.63
[-3672.93694721] [-20925.87] 0.63
[-5926.80619398] [-19902.79] 0.63
[-5259.9641445] [-16579.08] 0.63
[1434.60692806] [-19887.99] 0.63
[1449.66038506] [-17239.57] 0.63
[769.0484489] [-20494.76] 0.63
[-1343.02612227] [-23398.43] 0.64
[-166.02721215] [-22464.56] 0.65
[424.85154885] [-22368.63] 0.65
[1733.16588558] [-23299.81] 0.65
[1985.92488144] [-11668.73] 0.64
[1372.71681849] [-12997.7] 0.64
[-75.14396367] [-12609.34] 0.64
[-1667.19658277] [-11241.68] 0.64
[-7550.35365633] [-7374.82] 0.65
[-9371.42417292] [-3070.44] 0.65
[-5046.49553734] [-2723.63] 0.65
[-5444.3047413] [1360.6] 0.64
[-8981.37162271] [-2716.28] 0.64
[-6426.72614021] [-1550.53] 0.64
[-6972.16709879] [-2004.13] 0.64
[-8228.41190424] [837.81] 0.63
[-8117.903277] [-7042.04] 0.63
[-4510.14217956] [-5962.91] 0.63
[-2342.24851238] [-5591.38] 0.63
[-1274.16840376] [-3805.91] 0.63
[-1174.10628839] [-4049.04] 0.63
[1468.85876502] [-2486.76] 0.62
[-1843.76598488] [-1040.14] 0.62
[-2384.79788885] [-2853.87] 0.62
[-2467.53104878] [-814.94] 0.63
[-3359.42576394] [-2537.88] 0.63
[-5250.82008974] [-5651.71] 0.63
[-2329.55666286] [-3028.65] 0.63
[-1277.03330465] [-841.4] 0.63
[-4130.12040633] [-506.87] 0.64
[-5024.17597052] [233.1] 0.64
[-2847.65962593] [760.82] 0.64
[-7107.62501932] [-3499.32] 0.65
[-5908.03622044] [-3827.16] 0.65
[-5045.18226058] [-3494.66] 0.66
[-3329.52043951] [-1979.33] 0.66
[-4806.80140132] [-4839.18] 0.66
[-2509.00914427] [-7367.55] 0.66
[-3173.13937832] [-7502.] 0.66
[551.27627154] [-5510.26] 0.65
[-1237.34746038] [-6329.45] 0.65
[390.86207201] [-4308.57] 0.65
[661.31478533] [-4003.51] 0.64
[-241.92749791] [-3808.86] 0.64
[-67.95312427] [-870.61] 0.65
[-629.1866864] [-2657.35] 0.65
[-3386.11547355] [-1556.6] 0.65
[-4148.63018456] [-2341.49] 0.65
[-5335.51965173] [1941.05] 0.64
[-4577.98682873] [2118.43] 0.63
[-5267.42670741] [720.75] 0.62
[-2966.95714322] [2861.47] 0.61
[-100.52621614] [3558.25] 0.61
[-904.69912575] [4955.17] 0.6
[-2416.99851115] [6469.05] 0.59
[-994.65245849] [8357.29] 0.58
[-538.32492449] [6970.08] 0.57
[-3124.87010885] [4691.16] 0.57
[-1794.04831407] [5445.97] 0.56
[-2054.58563498] [3926.99] 0.55
[-1499.22106384] [5911.1] 0.55
[-778.66033336] [8004.59] 0.55
[509.40168772] [9007.43] 0.55
[-274.6069596] [11118.56] 0.55
[-986.36110602] [9588.5] 0.55
[-319.90438325] [13175.21] 0.54
[-1593.32075035] [12921.81] 0.54
[-1105.91063721] [12796.85] 0.53
[-1231.09737818] [12679.19] 0.52
[-1546.68312778] [16412.73] 0.52
[629.50688316] [15591.53] 0.52
[-1197.15117386] [15272.92] 0.51
[136.24323136] [15166.61] 0.51
[330.25178319] [14858.33] 0.51
[-283.75535691] [12659.8] 0.5
[-237.32980334] [14436.76] 0.5
[79.17826253] [15746.12] 0.51
[473.79054072] [14652.68] 0.52
[-402.48041422] [13970.48] 0.52
[1180.93047065] [12205.36] 0.53
[3306.74049287] [8338.63] 0.54
[4600.04403894] [8969.56] 0.55
[-543.84133979] [6956.87] 0.55
[4025.80706066] [6842.71] 0.55
[7353.46603163] [7238.59] 0.55
[9485.17046221] [8806.32] 0.55
[4315.71174117] [7880.83] 0.55
[4357.71189397] [9017.87] 0.56
[-144.02412294] [9112.62] 0.56
[-1633.57221088] [8447.01] 0.56
[-2016.05131839] [7209.38] 0.56
[-1614.08534942] [5313.25] 0.55
[-601.33258714] [7952.92] 0.54
[755.30124809] [6343.94] 0.54
[4597.89726088] [1200.8] 0.54
[5099.95217569] [466.92] 0.54
[2762.68373004] [1950.91] 0.54
