[23.42221396] [60.86] 1.0
[15.35137761] [67.49] 1.0
[17.74865159] [74.62] 1.0
[20.00551277] [82.48] 1.0
[13.65287651] [109.24] 1.0
[5.89428424] [115.6] 1.0
[5.85518779] [93.5] 1.0
[8.31211643] [75.81] 1.0
[9.80877742] [87.14] 1.0
[7.54538732] [81.66] 1.0
[6.62609484] [90.18] 1.0
[10.43081542] [55.23] 1.0
[15.25250835] [47.96] 1.0
[17.90583254] [47.76] 1.0
[17.93030178] [29.96] 1.0
[19.53008844] [25.31] 1.0
[25.02813471] [35.7] 1.0
[28.16055437] [9.36] 1.0
[25.39490866] [55.88] 1.0
[27.12326296] [88.74] 1.0
[30.61942747] [59.54] 1.0
[42.93653997] [50.97] 1.0
[36.62049938] [44.67] 1.0
[39.67058725] [47.65] 1.0
[26.57810352] [38.06] 1.0
[26.33837908] [48.22] 1.0
[30.89376396] [54.57] 1.0
[26.77249906] [65.37] 1.0
[22.16324337] [74.72] 1.0
[22.31732891] [70.54] 1.0
[21.43583094] [67.08] 1.0
[19.00532563] [63.16] 1.0
[9.91218474] [39.79] 1.0
[29.84959221] [28.36] 1.0
[17.81996018] [39.72] 1.0
[24.81435701] [59.34] 1.0
[16.92811783] [50.14] 1.0
[23.8481038] [56.12] 1.0
[16.99626138] [82.58] 1.0
[23.44958844] [97.52] 1.0
[20.45053718] [165.67] 1.0
[15.11223902] [157.94] 1.0
[18.26144614] [164.64] 1.0
[15.14398307] [170.02] 1.0
[15.7131506] [197.66] 1.0
[15.33240813] [187.65] 1.0
[18.14846371] [221.33] 1.0
[16.79393492] [179.72] 1.0
[17.81080825] [193.79] 1.0
[19.66008221] [234.75] 1.0
[15.93404402] [261.34] 1.0
[26.57126187] [256.8] 1.0
[16.3087593] [367.77] 1.0
[17.20200266] [224.95] 1.0
[17.77261717] [229.63] 1.0
[21.101958] [127.75] 1.0
[17.31754761] [131.14] 1.0
[19.21823886] [133.49] 1.0
[18.19380298] [128.06] 1.0
[20.4729469] [10.33] 1.0
[18.17717678] [4.17] 1.0
[15.76969724] [50.41] 1.0
[16.23821082] [29.21] 1.0
[14.22816243] [31.15] 1.0
[10.13958314] [41.83] 1.0
[20.62228242] [110.75] 1.0
[18.28155755] [82.39] 1.0
[17.32647943] [60.828875] 1.0
[18.14177832] [-7.6889125] 0.9855072463768116
[19.37091808] [4.03] 0.9857142857142858
[21.08830927] [26.003625] 0.9859154929577465
[18.85046213] [24.7436125] 0.9861111111111112
[26.33024231] [-10.4] 0.9726027397260274
[19.45371706] [-37.294375] 0.9594594594594594
[21.92278027] [-47.42375] 0.9466666666666667
[25.39897882] [-37.1] 0.9342105263157895
[14.95933157] [-37.80775] 0.922077922077922
[26.57289051] [-81.787] 0.9102564102564102
[14.96925549] [-103.78] 0.8987341772151899
[53.02103224] [-48.713925] 0.8875
[58.90272501] [-147.056125] 0.8765432098765432
[71.90268572] [-11.25] 0.8658536585365854
[87.65405527] [13.377] 0.8674698795180723
[86.84476145] [134.169413] 0.8690476190476191
[46.63913589] [125.93] 0.8705882352941177
[-64.4849894] [113.52375] 0.8604651162790697
[-48.89308095] [144.06] 0.8505747126436781
[-194.40126802] [267.62] 0.8409090909090909
[-191.15336393] [195.183] 0.8314606741573034
[-279.17925274] [172.8135] 0.8222222222222222
[-152.99547643] [179.68] 0.8131868131868132
[-93.97182857] [181.054625] 0.8043478260869565
[-67.92632701] [169.377375] 0.7956989247311828
[-65.18499951] [97.36] 0.7872340425531915
[41.9595122] [105.725988] 0.7894736842105263
[118.58431831] [139.40925] 0.7916666666666666
[114.28701521] [141.5789125] 0.7938144329896907
[127.64662151] [160.997138] 0.7959183673469388
[110.9239455] [134.175661] 0.797979797979798
[121.40581929] [128.7963875] 0.8
[73.78308952] [203.818429] 0.8
[71.05923027] [230.177563] 0.8
[-42.48109219] [214.05375] 0.79
[18.25844696] [259.81625] 0.79
[-9.10981962] [230.293464] 0.78
[23.08047246] [234.437] 0.78
[56.70838188] [278.56195] 0.78
[16.15497897] [222.859211] 0.78
[70.96105953] [211.186125] 0.78
[104.52418863] [275.990817] 0.78
[117.7897524] [272.113] 0.78
[154.12275966] [256.000587] 0.78
[125.08907984] [236.8633] 0.78
[143.98362374] [251.183625] 0.78
[61.59288942] [229.39] 0.78
[52.33763179] [104.5533] 0.78
[28.8785471] [216.366143] 0.78
[-166.10404483] [192.9865] 0.77
[-89.02218552] [181.569875] 0.76
[-33.80345585] [226.89] 0.75
[-4.86733995] [227.802625] 0.74
[26.13932392] [244.170786] 0.74
[24.57551109] [245.073637] 0.74
[-46.6723901] [221.791875] 0.73
[-43.11858703] [55.971888] 0.72
[-12.24208289] [-104.4047755] 0.72
[-5.27094746] [-85.089286] 0.72
[-60.58858968] [-1.785512] 0.72
[-22.87764804] [-5.158386] 0.72
[-4.73722075] [-10.223188] 0.72
[12.31395405] [-91.221] 0.71
[36.54982999] [-232.9465357] 0.7
[78.74091233] [-222.675714] 0.69
[92.51391556] [-193.5836875] 0.68
[83.16199102] [-153.5227] 0.67
[33.11885504] [-146.525286] 0.66
[43.47817871] [-150.3145] 0.65
[34.27282644] [-221.506267] 0.64
[45.3317797] [-250.4] 0.63
[53.06445007] [-200.070429] 0.62
[86.92514785] [-171.764175] 0.61
[101.6015191] [-195.207375] 0.6
[101.70536145] [-137.899637] 0.59
[92.14453098] [-24.313986] 0.58
[22.8759981] [-58.939143] 0.57
[-57.7436222] [-1.63575] 0.57
[-80.52386281] [1.989963] 0.56
[-5.8927823] [-43.464625] 0.56
[44.81257956] [-19.935125] 0.55
[19.40772976] [-18.753748] 0.54
[86.69271224] [-38.309625] 0.53
[92.44869004] [-76.976287] 0.52
[52.53931904] [94.088169] 0.52
[1.48070995] [218.1276375] 0.52
[-113.06857627] [219.237413] 0.51
[-71.55025388] [156.550387] 0.5
[-140.11668267] [58.339957] 0.49
[-226.69281392] [104.930088] 0.48
[-137.77539677] [202.897325] 0.47
[-82.45974572] [294.7102857] 0.46
[50.87035879] [333.381225] 0.46
[49.3410762] [301.2018005] 0.46
[-17.10120449] [203.61075] 0.45
[-35.013717] [238.374688] 0.44
[-46.74113238] [268.534375] 0.43
[-20.37380984] [250.11545] 0.42
[12.78659506] [296.554429] 0.42
[44.78663193] [248.049467] 0.42
[123.94829423] [233.830875] 0.43
[132.73223273] [337.182813] 0.43
[83.56011753] [310.475925] 0.43
[80.13273411] [314.470686] 0.43
[76.16997245] [374.762125] 0.44
[78.58266977] [342.880821] 0.45
[79.96019987] [337.600162] 0.46
[66.87784768] [351.838429] 0.47
[71.64998834] [432.87435] 0.48
[-26.89296801] [424.482962] 0.48
[23.89811744] [543.79625] 0.49
[31.1659881] [640.96685] 0.5
[23.62896434] [643.739943] 0.51
[49.30761781] [601.560013] 0.52
[43.11177464] [589.389087] 0.52
[38.77513983] [574.365125] 0.52
[29.96884509] [562.061975] 0.52
[18.69577607] [589.554975] 0.53
[-36.61596008] [542.293675] 0.53
[-318.9718149] [724.890488] 0.53
[86.55869081] [791.598563] 0.54
[76.00528408] [750.851887] 0.55
[57.44234609] [849.822313] 0.56
[57.17881785] [1008.2956] 0.57
[-37.636709] [947.210125] 0.57
[-139.54235086] [1099.186286] 0.57
[-50.46799596] [880.682428] 0.56
[-9.66514156] [944.840962] 0.55
[-88.84332603] [859.9808] 0.54
[62.55647411] [858.757887] 0.54
[64.0541104] [837.943712] 0.54
[84.97451351] [838.383914] 0.54
[109.43194524] [890.950546] 0.54
[106.40458653] [876.594929] 0.54
[106.40742139] [1007.015158] 0.55
[111.48963141] [980.304714] 0.55
[80.04584586] [888.910775] 0.56
[137.45139595] [1232.213697] 0.56
[135.42113095] [902.034613] 0.56
[100.96265142] [862.039437] 0.56
[187.02240751] [998.4913] 0.56
[220.94358004] [1073.452844] 0.56
[127.4127583] [1122.3135] 0.56
[138.9959799] [877.675063] 0.56
[146.82834387] [1009.153111] 0.56
[128.35485815] [898.514937] 0.56
[126.55556541] [658.50025] 0.56
[132.48880747] [503.439326] 0.56
[95.23839886] [425.030212] 0.56
[115.25725782] [498.549252] 0.57
[131.30103246] [526.54795] 0.58
[152.36667262] [312.289712] 0.59
[205.6630132] [414.72325] 0.6
[211.76116745] [340.081727] 0.6
[220.92580852] [501.503143] 0.6
[192.06542307] [309.344888] 0.61
[206.44509665] [319.385486] 0.62
[258.29226323] [226.0993] 0.62
[203.94572178] [227.883114] 0.62
[239.71938783] [299.415272] 0.62
[184.97628757] [159.057329] 0.62
[197.47745726] [67.711375] 0.62
[145.45215441] [-24.573815] 0.62
[102.32491038] [-94.913143] 0.62
[250.21301595] [31.695429] 0.63
[159.72208144] [-283.583859] 0.63
[178.58428994] [-66.030863] 0.63
[229.76403188] [-73.06225] 0.63
[206.31648055] [-336.290086] 0.63
[225.33966422] [-342.512857] 0.63
[230.02025157] [-362.391062] 0.63
[296.38862634] [-291.50492] 0.63
[268.78068703] [-421.095086] 0.63
[160.33662401] [-320.251429] 0.63
[161.11845121] [-87.696833] 0.63
[95.85060997] [-126.469814] 0.63
[20.21281077] [-418.9444] 0.63
[76.76170438] [-576.174952] 0.62
[416.35637935] [-706.250263] 0.62
[438.34552214] [-279.87775] 0.61
[132.16137518] [-406.27755] 0.61
[341.5534216] [-462.078013] 0.61
[215.60671822] [-31.284637] 0.61
[215.03734933] [218.444969] 0.62
[68.43995122] [313.143714] 0.62
[0.58977688] [249.791029] 0.62
[-201.7609578] [43.094803] 0.62
[-231.31235929] [-21.049186] 0.63
[-434.78759956] [89.325] 0.63
[-263.69066758] [303.995208] 0.63
[-100.38455079] [283.608657] 0.63
[-50.0016674] [324.695417] 0.63
[-115.1761227] [305.206238] 0.62
[-108.43991686] [263.170162] 0.61
[-49.40401701] [94.743983] 0.61
[60.57336213] [184.149967] 0.62
[100.63431553] [298.798786] 0.63
[51.67171592] [715.255017] 0.64
[29.1542735] [716.323595] 0.64
[17.86129986] [844.029857] 0.64
[-69.44075583] [1130.284333] 0.63
[-110.24356237] [971.577746] 0.62
[-186.2629429] [985.496583] 0.61
[-141.1566251] [1294.016667] 0.6
[-106.42888652] [1793.807314] 0.59
[-168.69682231] [1937.3057] 0.58
[-251.56303349] [2372.032] 0.57
[-264.06336793] [1896.906079] 0.56
[-3.06584447] [1915.2043] 0.55
[-88.79323901] [2063.515717] 0.55
[-125.51623264] [1448.244704] 0.54
[-100.79120687] [1297.100143] 0.53
[-81.63290991] [1332.448033] 0.52
[3.25948992] [1291.900971] 0.52
[-107.68971475] [1425.282083] 0.51
[-191.51263785] [1610.65] 0.5
[-22.23169946] [1692.691717] 0.49
[217.32850398] [1550.133417] 0.49
[200.50378288] [1575.713317] 0.5
[-152.4646993] [1608.352916] 0.5
[-307.97764212] [1472.618333] 0.49
[0.09816376] [1745.08545] 0.49
[152.56955723] [1901.353867] 0.49
[-358.56445237] [1788.402283] 0.48
[-201.25290851] [2121.740017] 0.48
[-526.55661911] [1362.272463] 0.48
[104.22579894] [1333.007467] 0.49
[181.55916931] [1133.898317] 0.5
[287.2789624] [1031.345807] 0.51
[472.63912586] [1027.693683] 0.51
[830.65502105] [1314.3785] 0.51
[520.82911998] [678.243516] 0.51
[491.16400041] [459.457086] 0.51
[463.75983857] [461.435] 0.51
[636.04100086] [-34.901983] 0.5
[512.98267109] [-18.438329] 0.49
[763.31532615] [-218.698733] 0.48
[852.61662083] [-1009.095717] 0.47
[9.89597709] [-914.010067] 0.46
[-26.7916291] [-341.08396] 0.46
[335.5054842] [-411.89725] 0.45
[-50.34248175] [-365.192] 0.45
[209.62751806] [-42.866667] 0.44
[-34.24605102] [-197.388333] 0.44
[545.21728868] [-445.836717] 0.43
[533.21349232] [-694.26745] 0.42
[294.58497461] [-584.126417] 0.41
[312.02412856] [-576.688333] 0.4
[-96.2167163] [-396.495] 0.4
[349.64999188] [-697.678067] 0.39
[478.29091392] [-713.98785] 0.38
[362.66927074] [-380.53095] 0.37
[398.44369603] [-718.16535] 0.36
[437.60972457] [-416.11748] 0.35
[374.34664028] [-224.847033] 0.34
[317.22812924] [42.785433] 0.34
[-19.46466218] [-94.65014] 0.34
[-100.10476575] [-159.845] 0.34
[-42.05107738] [-315.8065] 0.34
[242.77760328] [7.829817] 0.34
[-107.84723631] [63.931667] 0.33
[-202.85627147] [272.325883] 0.32
[-170.93564297] [357.569983] 0.32
[-130.04683362] [583.69] 0.32
[-53.50677914] [858.2145] 0.31
[489.9557589] [1502.54] 0.32
[-260.52865007] [2347.376567] 0.32
[-961.10349231] [1975.812693] 0.32
[-113.48234672] [2079.929217] 0.32
[-537.39238619] [2032.675867] 0.32
[-447.05999973] [1660.299607] 0.32
[-371.96499838] [1617.098333] 0.32
[-286.77793123] [1833.1535] 0.32
[-159.73430471] [2341.95729] 0.32
[-116.85108206] [2210.0531] 0.32
[-386.94193577] [2205.56455] 0.32
[-181.65818661] [1933.524867] 0.32
[-64.40935198] [1990.282617] 0.32
[-114.8442216] [1788.622533] 0.32
[-154.75667433] [1691.149367] 0.32
[152.26913426] [1696.245333] 0.33
[355.98423895] [1612.42695] 0.34
[206.26505054] [1794.711053] 0.35
[530.63029326] [1749.60625] 0.35
[413.97279994] [1994.575167] 0.35
[348.61104551] [2440.131683] 0.35
[302.74306678] [2413.128] 0.36
[197.92610015] [2879.14006] 0.36
[169.04534842] [3061.35165] 0.37
[59.87771799] [2763.709117] 0.38
[124.59540453] [2383.411667] 0.39
[136.70477351] [2309.847233] 0.4
[440.37602888] [2309.154233] 0.41
[662.660345] [2335.86706] 0.42
[579.98585581] [1155.591283] 0.43
[560.21972984] [829.781267] 0.43
[642.18762997] [-109.688417] 0.42
[843.33559075] [839.021666] 0.42
[959.98359511] [889.91706] 0.42
[-671.92780276] [1706.76992] 0.41
[-109.45216623] [2087.3972] 0.41
[-822.42602186] [1889.31016] 0.41
[506.55239672] [1830.700383] 0.42
[215.56449685] [2024.469517] 0.43
[407.60928672] [2173.640133] 0.44
[157.9769029] [2159.21] 0.45
[405.25073962] [2598.412467] 0.46
[269.32446833] [2343.581583] 0.47
[310.33184241] [2361.158333] 0.48
[240.88109226] [2930.710317] 0.49
[-41.88508812] [2613.36598] 0.49
[69.08175869] [3581.80505] 0.5
[147.5015432] [3563.863653] 0.51
[323.38319931] [3253.693317] 0.51
[281.81985054] [3395.392] 0.52
[318.27108158] [3686.19194] 0.53
[497.25915998] [3442.336683] 0.54
[430.45330533] [3966.632] 0.54
[715.82870152] [4595.758333] 0.54
[445.87262629] [4499.092767] 0.55
[362.64951829] [6412.34] 0.56
[485.75459743] [9343.93461] 0.56
[349.27689221] [10141.48215] 0.56
[280.44945183] [8573.61415] 0.57
[166.93515637] [9153.503417] 0.58
[101.83394648] [8518.722467] 0.59
[48.71311748] [10782.76333] 0.59
[62.40347867] [9506.93675] 0.59
[644.55879466] [8437.2793] 0.59
[797.70942054] [9903.13] 0.59
[990.06607097] [11681.542947] 0.59
[1179.52229553] [11272.245933] 0.59
[1091.69599074] [10912.13667] 0.59
[890.12989975] [9677.31167] 0.59
[939.85340118] [9114.905] 0.6
[460.93304169] [7810.79] 0.61
[312.87164638] [6939.966667] 0.62
[222.95376864] [5069.202733] 0.63
[1040.68289687] [5180.375] 0.64
[925.15134656] [4400.73328] 0.64
[298.04182011] [3788.43118] 0.65
[387.63078556] [5670.32167] 0.65
[835.86350992] [4233.20967] 0.66
[562.16949829] [3330.098] 0.66
[575.13822494] [2335.694] 0.67
[678.99795266] [2832.953] 0.68
[727.3582665] [2211.17] 0.69
[736.86585378] [3414.63667] 0.7
[925.96468296] [1512.28167] 0.7
[1235.93087958] [-1462.73167] 0.7
[1479.36463359] [313.24] 0.71
[1788.00181604] [2176.36385] 0.72
[884.84846178] [2286.145] 0.73
[2216.20259574] [196.95667] 0.74
[832.36600992] [-2562.14] 0.74
[1030.4777934] [-2370.94667] 0.73
[836.31438525] [-2955.516] 0.72
[680.43903356] [-3859.018] 0.71
[774.23514334] [-5707.49333] 0.7
[575.44436033] [-5426.98] 0.69
[1287.51904309] [-4949.66067] 0.69
[2220.86005149] [-4182.97167] 0.69
[2015.04308016] [-6265.99333] 0.69
[1407.79412256] [-4702.08667] 0.69
[-113.31242602] [-4016.125] 0.7
[2617.86772593] [-825.81667] 0.69
[-987.57759739] [-2443.947] 0.7
[1565.99727029] [-2605.60833] 0.7
[53.20413448] [-2517.876] 0.7
[-345.42333805] [-4307.06334] 0.71
[1942.12575453] [-2988.55167] 0.71
[397.35530127] [-3244.195] 0.71
[-237.21793108] [-1690.79733] 0.72
[-2794.2765561] [-2734.205] 0.73
[-1339.70053923] [-2583.345] 0.74
[1187.89557565] [-4821.795] 0.74
[2253.86096533] [-4970.74167] 0.74
[6405.75316251] [-5955.981667] 0.74
[7803.83801113] [-8272.218333] 0.74
[3564.51750301] [-8466.468] 0.74
[4290.94350057] [-8755.301667] 0.73
[2600.63410883] [-8427.090003] 0.72
[1699.18636276] [-7788.79333] 0.71
[499.67281375] [-6337.461667] 0.7
[23.79511077] [-5056.257333] 0.69
[-1760.37163083] [-5667.802] 0.69
[-2852.15035368] [-5471.313434] 0.69
[-2514.28366271] [-5509.465] 0.69
[-1005.68786118] [-5944.176] 0.69
[-362.58296384] [-4956.3725] 0.69
[1088.44096129] [-1782.313337] 0.68
[-228.58057778] [-1873.78333] 0.68
[-1224.42873794] [-1047.65833] 0.68
[-1592.58083338] [-2108.80166] 0.68
[-3146.62954568] [-419.398] 0.68
[-953.08019451] [-402.455] 0.68
[-2326.27321805] [167.32767] 0.68
[-2056.71472899] [-36.27833] 0.68
[-1853.14974477] [-1460.958333] 0.68
[-1050.55911039] [-807.69833] 0.69
[-950.43716544] [-1353.47667] 0.7
[-782.85536074] [-1734.776667] 0.71
[-994.40797197] [-864.05167] 0.71
[-1915.56247794] [135.39833] 0.7
[-1022.55488566] [287.645] 0.69
[-1245.36399532] [1926.123337] 0.68
[-2510.03428521] [2029.218333] 0.67
[-1388.02830673] [2474.21833] 0.66
[-2045.103856] [3029.533337] 0.65
[-776.72977209] [4678.013333] 0.64
[-1976.15566361] [3837.73833] 0.64
[-2795.17599876] [2018.099667] 0.63
[-2109.1041655] [1679.923333] 0.62
[-1944.70867063] [844.198333] 0.61
[-1435.67878767] [426.125434] 0.6
[-1317.1676948] [433.915] 0.59
[-379.48692406] [1114.823333] 0.58
[100.15452996] [556.9325] 0.58
[-432.59100646] [-181.093333] 0.58
[194.48529227] [-1113.518333] 0.57
[258.6464221] [-1596.75967] 0.56
[54.9726191] [-2544.10167] 0.55
[75.40375994] [-2914.415] 0.54
[692.94132593] [-2698.931667] 0.53
[-2888.2279115] [-2784.75167] 0.53
[-412.60247695] [-2298.226667] 0.53
[762.56909181] [-1240.663334] 0.52
[-211.69498557] [-1436.74667] 0.52
[327.41411262] [-1508.921667] 0.51
[556.25185895] [-1079.296666] 0.5
[-1444.6422836] [-1890.64333] 0.5
[-49.25603339] [-2443.265] 0.5
[-553.08509605] [-2409.785] 0.5
[-801.55115845] [-3058.77167] 0.5
[548.59326572] [-4048.588333] 0.49
[9.21568731] [-4391.46833] 0.48
[802.99460471] [-4492.62167] 0.47
[1005.69143832] [-4480.981667] 0.46
[1235.96135656] [-3352.76333] 0.45
[-184.50294882] [-2691.578] 0.45
[-924.83658952] [-3093.95] 0.45
[-453.62182707] [-2485.401666] 0.45
[-824.32051088] [-2111.322] 0.45
[-1135.19091545] [-1759.713333] 0.45
[-1772.34579662] [-2483.57] 0.45
[-721.22804262] [-2370.29] 0.45
[-1122.56964558] [-2227.273333] 0.45
[321.73161146] [-510.276667] 0.44
[-32.85313306] [-588.942] 0.44
[152.02156871] [-261.378949] 0.44
[-593.59699407] [169.333333] 0.43
[-48.19649732] [-43.933333] 0.43
[-3251.03647243] [-710.223074] 0.43
[-794.72676923] [-782.815907] 0.43
[-125.75971817] [-514.448333] 0.44
[380.88610241] [127.348333] 0.45
[795.75553346] [144.826667] 0.46
[897.33282199] [313.303333] 0.47
[1054.73412515] [475.901667] 0.48
[1005.15393879] [1679.347] 0.49
[1645.70864503] [1697.73] 0.5
[1034.31803922] [1307.788333] 0.51
[495.1239259] [2127.788333] 0.52
[951.21405156] [1993.07] 0.53
[-418.3590968] [2396.721667] 0.52
[-444.96383199] [2223.721667] 0.52
[-188.69288288] [1829.115] 0.51
[361.47171471] [1794.946] 0.52
[-567.15102027] [2812.758333] 0.52
[-883.9935725] [3149.473333] 0.51
[-105.64490672] [3168.626667] 0.51
[-8.11380494] [2612.47961] 0.51
[-230.84019735] [2932.166667] 0.5
[-64.18088061] [2444.198333] 0.49
[-367.14767225] [2395.775] 0.48
[140.68815332] [1462.525] 0.49
[140.92949548] [527.328] 0.5
[299.795827] [447.835616] 0.51
[-160.2891224] [122.771667] 0.51
[23.45619588] [283.938333] 0.52
[1015.08754162] [616.041074] 0.53
[-1130.02913814] [306.122574] 0.53
[-419.35450678] [-69.841667] 0.54
[-87.91887698] [-612.663333] 0.55
[-414.94288] [-568.125] 0.56
[133.44584112] [-423.193333] 0.55
[550.84567162] [-548.30548] 0.54
[32.28804653] [-1158.912] 0.53
[649.46021898] [-2102.37] 0.52
[973.81518701] [-1692.205] 0.51
[875.1493693] [-1433.54] 0.51
[412.44176422] [-1585.641667] 0.5
[163.49075846] [-1972.45] 0.49
[996.35455494] [-1915.01] 0.48
[780.8656131] [-1779.673333] 0.47
[401.63598306] [-1836.031] 0.46
[-968.87230307] [-2252.548333] 0.47
[-22.31291488] [-2218.203333] 0.47
[494.34839285] [-2158.16] 0.46
[335.76403611] [-1992.996277] 0.45
[60.62564951] [-2131.166667] 0.44
[51.86093977] [-1612.886191] 0.43
[112.63360301] [-1702.611667] 0.42
[-59.46833304] [-1634.098333] 0.43
[-347.34842342] [-848.634667] 0.44
[-716.36722242] [-868.806667] 0.45
[-373.92880958] [-1686.631667] 0.46
[-787.87598975] [-1776.36] 0.47
[-583.647679] [-1632.148] 0.48
[845.86497965] [-2155.36] 0.48
[-1282.09132791] [-1459.105] 0.49
[-300.45622666] [-1602.645] 0.5
[-70.7777312] [-1729.653333] 0.51
[-321.28025426] [-2042.995] 0.52
[-311.0052951] [-1939.766187] 0.53
[-337.01686374] [-1659.63] 0.54
[-352.27466837] [-841.021667] 0.55
[361.69905624] [-805.363333] 0.54
[371.20253731] [-1244.206667] 0.53
[331.4064007] [-1201.3025] 0.53
[202.14960977] [-1191.371667] 0.53
[-902.75927415] [-1133.1125] 0.54
[39.7720689] [-1241.281667] 0.54
[256.58095001] [-1287.935] 0.54
[-195.71947109] [-1278.823846] 0.54
[-283.580989] [-1626.444167] 0.54
[-691.42024841] [-1421.866667] 0.55
[167.52157356] [-1262.385833] 0.54
[69.30288561] [-1034.204166] 0.54
[-183.9543034] [-989.282142] 0.55
[-552.00251] [-1026.140833] 0.55
[-108.07066255] [-1072.895] 0.55
[659.21888244] [-1064.643333] 0.54
[311.35851419] [-1021.258333] 0.53
[-32.60194171] [-23.329166] 0.54
[-152.52563495] [-151.638333] 0.55
[495.27463234] [-368.518333] 0.55
[-574.12690223] [61.663333] 0.55
[-144.94096798] [-243.833333] 0.56
[-285.65371632] [-393.0525] 0.56
[-564.74857147] [-268.426667] 0.56
[-60.24464671] [-215.571667] 0.56
[-923.39841981] [68.600833] 0.55
[-759.26244693] [132.910833] 0.54
[-821.78276474] [606.901667] 0.53
[-603.15489699] [635.571667] 0.52
[-288.33912104] [1095.471667] 0.51
[-666.10052741] [1193.384167] 0.51
[-746.17518789] [1280.829167] 0.5
[-642.20193434] [1478.436667] 0.5
[-925.99066632] [1496.505] 0.5
[-685.24952391] [2153.705] 0.49
[-757.43316137] [2079.428013] 0.48
[-436.14351387] [2031.1075] 0.47
[-464.86599573] [1958.971667] 0.46
[-451.07569652] [1831.5875] 0.45
[-662.31882395] [1754.840833] 0.44
[-67.84454569] [1290.360833] 0.43
[-93.59086842] [977.58] 0.42
[271.90132299] [1004.323333] 0.42
[123.34040376] [838.989167] 0.42
[118.02958854] [653.4875] 0.42
[111.86117647] [257.720833] 0.42
[-313.19932085] [264.039167] 0.41
[-298.42743539] [482.721666] 0.41
[-334.07433594] [340.866667] 0.41
[-441.42157065] [-6.4075] 0.42
[-337.39646909] [152.137167] 0.41
[-471.53004936] [-102.04] 0.42
[-233.5964195] [62.291667] 0.42
[-568.81958399] [-167.320833] 0.43
[-511.13518735] [-617.780833] 0.44
[-46.04392715] [-958.943077] 0.45
[13.22238521] [-1053.772436] 0.45
[209.74347535] [-1115.295] 0.45
[383.70818851] [-898.269167] 0.44
[630.09674159] [-1047.225834] 0.43
[442.89574728] [-1203.304167] 0.42
[342.20993048] [-1313.853846] 0.42
[138.28645536] [-1675.935833] 0.41
[20.99066013] [-1832.754167] 0.4
[774.423141] [-1396.164286] 0.4
[680.83675062] [-1462.822436] 0.39
[648.96712289] [-1468.071667] 0.38
[644.87829499] [-1501.643846] 0.37
[342.98112677] [-916.760833] 0.37
[195.755979] [-492.679167] 0.37
[-1.041514] [-675.0375] 0.38
[116.72626649] [-412.553013] 0.38
[301.22723194] [-228.989167] 0.38
[-237.9839058] [236.655385] 0.38
[818.81172213] [272.870064] 0.39
[372.23062415] [271.566667] 0.4
[344.42634565] [394.839231] 0.41
[-9.80299971] [36.499167] 0.41
[423.98141799] [104.695333] 0.42
[-6.12235408] [227.1475] 0.41
[-93.78407716] [-24.705834] 0.41
[-127.67910454] [-106.09] 0.42
[-114.70247422] [44.190833] 0.42
[-224.79796437] [-89.539423] 0.43
[-55.15326243] [-16.589231] 0.44
[-8.41417799] [186.3125] 0.44
[48.75890602] [81.934167] 0.44
[53.64656821] [118.326667] 0.44
[108.58173854] [-85.979167] 0.43
[-370.71537421] [-104.614487] 0.43
[-408.09568212] [-232.839167] 0.43
[47.40575351] [63.992667] 0.43
[236.27684383] [126.345119] 0.44
[200.40908786] [36.690769] 0.44
[19.59157814] [-27.825] 0.43
[58.2122167] [-79.961987] 0.42
[882.26718239] [-416.59] 0.41
[252.75093644] [-609.558333] 0.4
[692.62384179] [-397.185833] 0.39
[437.89684836] [-295.866154] 0.38
[449.42171645] [-468.305833] 0.38
[214.95993116] [-654.800385] 0.38
[218.81180021] [-649.929231] 0.38
[180.53018373] [-702.438333] 0.38
[121.71015443] [-642.666731] 0.37
[97.47292885] [50.458333] 0.38
[-93.97033756] [67.359167] 0.38
[-395.65786435] [215.379167] 0.37
[-148.46542734] [287.194167] 0.36
[-302.53180625] [377.587692] 0.35
[-693.53006031] [325.390834] 0.35
[161.5436451] [353.7125] 0.36
[-350.66106323] [-77.404167] 0.36
[-297.91030275] [-238.531667] 0.36
[-148.41609182] [-271.655] 0.36
[156.33057943] [-222.990833] 0.36
[116.14996249] [51.970834] 0.37
[129.33851586] [302.538333] 0.37
[110.13755336] [253.886154] 0.37
[18.28104199] [149.478102] 0.38
[11.14640474] [-160.380833] 0.38
[18.77685454] [-267.294167] 0.37
[86.92392113] [-178.843333] 0.36
[175.37528726] [-134.524167] 0.35
[255.08175763] [-102.024] 0.34
[319.88227326] [39.678333] 0.35
[275.39377591] [-45.706667] 0.35
[165.26603959] [-212.326667] 0.35
[163.35078403] [-84.556667] 0.35
[110.21374642] [-135.925] 0.35
[99.45725573] [-228.351667] 0.35
[34.08504062] [-253.18881] 0.35
[207.46057516] [-168.7925] 0.35
[356.67248494] [-141.449167] 0.35
[-151.78820412] [-180.875] 0.36
[299.49940873] [-191.066667] 0.36
[-537.26167775] [-181.746667] 0.37
[169.69637242] [-181.602692] 0.37
[69.26727724] [-183.951667] 0.37
[77.85294597] [-88.06] 0.37
[127.87515115] [237.615834] 0.38
[69.13841292] [184.439167] 0.39
[-23.23811118] [152.033333] 0.38
[-122.83374797] [78.869166] 0.37
[-344.99796899] [-44.041667] 0.37
[-207.5384308] [-227.106667] 0.37
[-397.82490274] [-420.121154] 0.38
[-218.71516921] [-811.270769] 0.39
[-117.29881853] [-913.4175] 0.4
[-135.15598889] [-930.5825] 0.4
[-74.6697185] [-959.161667] 0.41
[-54.14516273] [-1200.8375] 0.41
[-73.27484094] [-1809.456] 0.42
[-123.15109042] [-2016.33] 0.42
[-64.16908386] [-1940.9725] 0.42
[-68.41074371] [-2164.415833] 0.42
[-60.65884176] [-2112.9375] 0.43
[-47.4930216] [-2633.698333] 0.44
[-69.45911356] [-2462.131666] 0.45
[-49.58948254] [-2516.102857] 0.46
[-61.22276697] [-2198.156154] 0.47
[-66.79556219] [-2078.4975] 0.48
[-61.30866554] [-2108.904167] 0.49
[-57.34824128] [-2273.6425] 0.5
[-63.55819199] [-2224.326666] 0.51
[-55.68565315] [-2296.365] 0.52
[-29.28936827] [-2476.266667] 0.53
[-75.66305053] [-2680.440833] 0.54
[-28.82809053] [-2741.271667] 0.55
[-100.97202683] [-3039.326667] 0.56
[-78.8516849] [-2963.693333] 0.56
[-63.29244217] [-2924.608333] 0.57
[-71.45580793] [-2884.57] 0.58
[-47.80424283] [-2945.873333] 0.59
[-59.07471973] [-2768.875] 0.59
[-44.74722213] [-2350.0075] 0.59
[-93.42411994] [-2317.818333] 0.59
[-125.98435573] [-2315.823333] 0.6
[-94.38223887] [-2301.201667] 0.6
[-93.64839819] [-1911.5375] 0.61
[-174.25786004] [-1115.43] 0.61
[-141.90924946] [-683.9375] 0.61
[-165.59618935] [-565.946667] 0.62
[-227.89951079] [-174.1475] 0.62
[-191.73149787] [-442.006667] 0.62
[-268.15791543] [203.966666] 0.62
[-251.92488458] [74.633333] 0.61
[-277.06059073] [20.53] 0.6
[-301.92476403] [-278.074679] 0.61
[-269.04422411] [-415.573333] 0.61
[-287.89240675] [-534.865] 0.61
[-287.83374821] [-204.491667] 0.61
[-297.88547507] [-397.186667] 0.61
[-296.50954584] [-349.054167] 0.61
[-285.89294658] [-209.221666] 0.62
[-336.70747482] [-2.469167] 0.63
[-341.74470582] [120.8175] 0.63
[-326.58603781] [416.983334] 0.63
[-696.8229254] [421.28] 0.63
[-300.67240516] [466.796667] 0.63
[-75.04165068] [512.133333] 0.63
[-616.99674379] [606.06] 0.63
[-656.8456529] [626.858333] 0.63
[-572.31942501] [405.823333] 0.63
[-201.79332079] [367.875833] 0.63
[46.12890762] [403.925833] 0.63
[-139.23683477] [328.603334] 0.63
[-276.79691221] [139.555] 0.63
[-222.63402445] [100.245] 0.63
[-188.74993284] [-186.771667] 0.64
[-119.32628823] [-361.420833] 0.65
[18.08656803] [-502.795] 0.64
[98.55401111] [-220.45] 0.63
[244.36930232] [-323.498333] 0.62
[39.31738848] [-446.7425] 0.61
[-419.06955382] [-273.86] 0.62
[240.38409294] [-238.029167] 0.61
[-347.82156204] [-281.81] 0.61
[-134.52887001] [-157.655] 0.61
[-227.76756055] [-334.495833] 0.61
[-103.30166728] [-194.06] 0.62
[-72.09977688] [-237.045833] 0.63
[-170.75724682] [-303.691667] 0.64
[-110.34469135] [-434.28] 0.65
[-94.789666] [-395.7975] 0.66
[-29.02793708] [-377.816667] 0.66
[133.88215479] [-381.29] 0.66
[305.57750004] [-414.236667] 0.66
[-168.43964768] [-580.073333] 0.67
[163.76362335] [-579.9] 0.67
[-170.09573883] [-566.798333] 0.68
[26.48100373] [-406.885833] 0.68
[26.72256149] [-251.49] 0.68
[-24.03028141] [14.734167] 0.68
[-26.99697187] [64.538333] 0.67
[-68.77823691] [154.33] 0.67
[-115.41535073] [-27.315] 0.67
[-143.88607286] [11.149167] 0.67
[-156.58404814] [-6.93] 0.68
[-92.43542253] [-32.085] 0.69
[-46.497941] [-82.323333] 0.69
[-30.85823108] [-84.43] 0.69
[4.20894407] [122.3125] 0.7
[-158.73422097] [370.78] 0.7
[-33.15210061] [339.18] 0.69
[-49.38046417] [420.78] 0.68
[-121.19198398] [358.63] 0.67
[-61.19363672] [405.69] 0.66
[-139.37210491] [563.3] 0.65
[-76.06654989] [212.39] 0.64
[-80.70253659] [399.75] 0.63
[-82.83261613] [409.85] 0.62
[-233.77991674] [363.23] 0.61
[-49.86223391] [405.27] 0.6
[-85.54730517] [359.29] 0.59
[-69.35502596] [325.22] 0.58
[-50.49829819] [358.56] 0.57
[-51.19806361] [278.63] 0.56
[-70.84226331] [404.91] 0.55
[-58.96884928] [471.15] 0.54
[-28.73063482] [492.06] 0.53
[-10.56058198] [214.88] 0.52
[36.71817046] [286.18] 0.52
[97.11875545] [241.88] 0.52
[156.58145033] [251.62] 0.52
[199.93074951] [260.09] 0.52
[94.82247319] [263.27] 0.52
[183.04367776] [284.9] 0.52
[-24.66967901] [328.3] 0.51
[31.67243206] [396.4] 0.51
[194.69119185] [324.18] 0.51
[215.83874043] [87.97] 0.51
[276.6117364] [102.58] 0.51
[301.3914789] [69.22] 0.51
[329.79250356] [47.46] 0.51
[159.43402258] [15.58] 0.51
[163.92043406] [-127.68] 0.5
[216.83810701] [227.22] 0.5
[73.92059498] [87.56] 0.5
[53.14836285] [116.29] 0.5
[93.47530655] [215.28] 0.5
[28.58473458] [187.29] 0.5
[10.99827254] [280.93] 0.5
[39.53025549] [283.] 0.5
[35.86624139] [299.58] 0.5
[-12.01994883] [421.55] 0.5
[-30.93687874] [1010.63] 0.5
[-67.266353] [1082.96] 0.5
[-95.14357376] [1024.42] 0.49
[155.8177564] [1152.81] 0.49
[102.23482443] [1102.96] 0.49
[46.07449612] [1261.22] 0.49
[15.5075874] [1387.62] 0.49
[16.06749829] [1283.3] 0.49
[25.98294123] [1432.41] 0.49
[48.42157292] [1149.81] 0.49
[50.36614632] [1136.35] 0.5
[50.43467406] [1048.67] 0.51
[58.89386336] [1157.59] 0.52
[44.97492994] [1037.41] 0.53
[41.35184292] [1167.54] 0.54
[60.78733752] [1163.97] 0.55
[3.08361329] [1283.97] 0.56
[27.57767743] [1277.98] 0.57
[92.07720073] [1297.36] 0.58
[50.36822581] [1287.72] 0.58
[22.25823237] [1441.3] 0.59
[48.62388261] [1570.42] 0.6
[62.03254743] [1385.68] 0.61
[42.54519193] [1158.24] 0.61
[24.25495546] [1177.28] 0.61
[45.01000147] [1165.75] 0.62
[47.23539078] [1187.13] 0.63
[44.85732151] [1108.12] 0.64
[39.59400711] [386.91] 0.65
[58.04955315] [366.86] 0.65
[80.43103153] [478.92] 0.66
[101.67127885] [628.37] 0.66
[116.41636013] [717.56] 0.66
[125.22695037] [528.27] 0.66
[188.70507152] [415.76] 0.66
[186.63966796] [579.91] 0.66
[154.13537699] [626.54] 0.66
[248.93673009] [1111.89] 0.66
[177.85907611] [1275.17] 0.66
[191.02797263] [2183.69] 0.66
[218.76231165] [1826.12] 0.67
[247.01037274] [2786.93] 0.68
[276.95273289] [2796.04] 0.68
[226.65678324] [2986.53] 0.69
[272.3282394] [2609.65] 0.69
[246.89376754] [2085.18] 0.7
[249.98250922] [1955.77] 0.71
[230.59271664] [2911.87] 0.72
[176.84509659] [2629.84] 0.73
[202.36685796] [2434.34] 0.74
[174.66412035] [2191.74] 0.74
[163.98089292] [2684.68] 0.75
[124.48573272] [2710.43] 0.75
[58.33434797] [2791.26] 0.75
[74.14203977] [3443.13] 0.75
[60.43814822] [3509.41] 0.75
[54.54990979] [3450.09] 0.75
[67.01752888] [3336.31] 0.76
[60.81452671] [2882.3] 0.77
[72.52034135] [2896.67] 0.78
[91.74993076] [2783.72] 0.79
[116.61351012] [3021.37] 0.8
[133.42905531] [2450.45] 0.81
[171.43781336] [1920.08] 0.82
[179.57268138] [1849.32] 0.83
[177.37155093] [1656.32] 0.84
[297.86076506] [1650.27] 0.85
[210.21995657] [683.03] 0.86
[270.36887791] [661.98] 0.87
[328.0749411] [197.27] 0.88
[278.69865054] [-75.11] 0.88
[291.75330823] [-33.84] 0.88
[346.20995202] [351.92] 0.89
[422.69682754] [1331.38] 0.9
[378.37893262] [1594.42] 0.91
[379.15355871] [785.29] 0.92
[373.24384104] [1320.45] 0.92
[358.42641624] [1123.68] 0.92
[321.90499384] [1655.77] 0.92
[336.23832555] [1651.06] 0.92
[302.33369997] [2206.12] 0.92
[311.79336557] [2597.18] 0.92
[333.26481676] [2070.06] 0.93
[416.46638244] [2247.44] 0.93
[437.99429387] [3046.52] 0.93
[441.2797542] [4269.57] 0.93
[365.39119937] [2860.39] 0.93
[336.63845081] [3820.54] 0.93
[82.71396452] [3335.58] 0.93
[251.47346338] [1998.7] 0.93
[117.21880406] [2443.8] 0.94
[89.80646552] [3129.6] 0.94
[68.92802] [4198.72] 0.94
[-19.02919654] [3357.26] 0.93
[78.86801068] [2956.87] 0.93
[276.62312946] [3300.7] 0.93
[58.31784672] [3836.4] 0.93
[-0.66702862] [4292.7] 0.92
[505.40009179] [4669.2] 0.92
[-459.25001211] [3926.84] 0.92
[463.03819511] [3114.99] 0.93
[354.64636597] [3110.37] 0.94
[392.81454159] [2529.63] 0.95
[528.66109394] [1207.97] 0.95
[564.25085247] [1546.02] 0.95
[87.37151618] [321.54] 0.95
[673.86886904] [392.58] 0.95
[466.29333879] [1107.21] 0.95
[470.26708451] [326.37] 0.95
[735.18020538] [96.27] 0.95
[595.16532789] [-227.07] 0.94
[693.84611843] [-693.88] 0.93
[659.28047888] [-1922.1] 0.92
[667.60879622] [-3160.38] 0.91
[698.90409812] [-1257.68] 0.9
[641.63896079] [-2525.7] 0.89
[425.3834513] [-2416.39] 0.88
[1392.23219335] [-1207.73] 0.87
[771.83626058] [-1077.39] 0.86
[71.98681767] [-1216.27] 0.85
[1691.81083905] [-1900.06] 0.84
[-3247.91617931] [-753.32] 0.84
[-1431.84192719] [-425.61] 0.84
[-294.03929002] [-417.47] 0.84
[1026.30667515] [-496.78] 0.83
[1371.84004252] [-525.09] 0.82
[1197.32337573] [-1121.11] 0.81
[1075.91693296] [-139.08] 0.8
[974.52184353] [643.54] 0.8
[1053.99339519] [52.67] 0.8
[1041.12484236] [-106.88] 0.79
[199.29881682] [1379.88] 0.79
[-1592.75640901] [512.76] 0.78
[-1245.70196633] [1460.4] 0.77
[-1833.50952209] [342.68] 0.76
[-1237.0661666] [-336.39] 0.76
[-532.1300108] [-176.31] 0.76
[-155.80067326] [-550.38] 0.76
[2097.70746384] [-269.81] 0.75
[294.07127273] [593.64] 0.75
[622.28152561] [916.26] 0.75
[632.72001053] [357.23] 0.75
[1087.55270678] [236.81] 0.75
[554.10615242] [557.16] 0.75
[-1083.69350523] [669.81] 0.74
[-696.21669954] [605.06] 0.73
[1182.97267565] [858.95] 0.73
[552.55948538] [582.82] 0.73
[711.32760552] [-366.88] 0.72
[120.29912434] [-922.62] 0.71
[2478.35527925] [-951.56] 0.7
[-298.22646649] [-1213.67] 0.7
[-208.72122563] [-1210.44] 0.7
[1126.7807166] [-1401.35] 0.69
[137.38757351] [-844.38] 0.68
[881.20333581] [-1376.66] 0.67
[788.35220098] [-1418.61] 0.66
[1170.21267422] [-1539.17] 0.65
[179.61989177] [-795.01] 0.64
[229.58585488] [-1160.53] 0.63
[40.22162432] [-1072.6] 0.62
[-52.87353987] [-757.09] 0.62
[3.55777591] [142.36] 0.62
[-467.91226847] [117.99] 0.61
[-573.03565015] [4.46] 0.6
[-1136.45743628] [146.81] 0.59
[263.10105938] [-7.17] 0.58
[-900.12311368] [-651.63] 0.58
[10.04534727] [-570.2] 0.57
[-2435.5136408] [28.19] 0.56
[982.64983327] [163.9] 0.57
[-587.70840179] [-232.7] 0.58
[-801.03862095] [-164.31] 0.58
[-328.30460433] [-102.01] 0.58
[456.84941236] [-676.9] 0.57
[-5.5553444] [-1618.34] 0.57
[-261.8567983] [-1285.59] 0.57
[17.34009051] [-1428.91] 0.56
[109.17314352] [-1384.09] 0.55
[-354.28215672] [-1375.9] 0.55
[-585.66267452] [-1713.05] 0.55
[-659.60140302] [-2078.9] 0.55
[-363.2890846] [-2298.37] 0.55
[64.43750868] [-2202.13] 0.54
[699.84422549] [-2341.63] 0.53
[821.10304323] [-2161.99] 0.52
[462.62440448] [-2339.52] 0.51
[-120.27508475] [-2536.57] 0.51
[-85.09625733] [-2101.64] 0.51
[-71.45770744] [-1911.03] 0.51
[-138.16512124] [-1571.4] 0.51
[-634.53635889] [-1833.26] 0.51
[-456.89944087] [-2094.17] 0.51
[-114.44665403] [-2053.32] 0.52
[-365.90295773] [-2026.67] 0.52
[-542.58987179] [-1912.09] 0.52
[-421.1371015] [-2028.2] 0.52
[-110.85237303] [-2155.08] 0.53
[-34.94543376] [-2199.1] 0.53
[-547.50449945] [-2218.96] 0.54
[-213.79242639] [-2019.45] 0.54
[-205.95732568] [-1801.99] 0.54
[-172.847939] [-1460.86] 0.54
[-128.19647779] [-526.85] 0.54
[-315.09707417] [-962.67] 0.54
[-261.36819828] [-623.76] 0.54
[-678.65764576] [472.89] 0.53
[-437.82678578] [1034.8] 0.52
[-672.22925306] [1494.8] 0.51
[-437.70833839] [911.02] 0.5
[-587.17079233] [1110.43] 0.5
[18.67125164] [782.59] 0.51
[617.06107833] [911.81] 0.52
[730.1314251] [1097.51] 0.53
[556.16671819] [1153.49] 0.54
[-980.47605343] [1336.42] 0.54
[-1192.90354223] [1206.03] 0.54
[-825.92549084] [1120.19] 0.54
[-1173.35153618] [755.42] 0.54
[-130.0608896] [617.34] 0.54
[127.15665022] [496.31] 0.55
[224.99489557] [501.4] 0.55
[287.30352157] [753.36] 0.55
[319.79472] [364.27] 0.55
[232.12518319] [639.36] 0.56
[119.4619199] [759.91] 0.57
[29.61661424] [555.54] 0.58
[-46.91384561] [503.54] 0.58
[-266.11752372] [522.66] 0.57
[-362.39857056] [272.87] 0.56
[-319.42488538] [-46.53] 0.57
[-230.16463632] [94.04] 0.56
[-130.61246656] [612.25] 0.56
[-431.45742786] [185.19] 0.56
[-452.67029006] [-1380.44] 0.57
[-250.23162703] [-1935.77] 0.57
[40.0451883] [-2644.14] 0.56
[-253.91378321] [-2088.51] 0.56
[202.02057143] [-2269.72] 0.56
[-132.94189991] [-1640.79] 0.56
[164.44699781] [-1716.98] 0.55
[106.53063318] [-1495.52] 0.54
[1601.63289594] [-1743.46] 0.53
[62.18562527] [-1803.47] 0.52
[100.31744481] [-2108.46] 0.52
[-76.80581555] [-2013.42] 0.53
[-156.55635694] [-2150.49] 0.53
[333.73961169] [-1808.27] 0.52
[331.52972607] [-1218.85] 0.52
[435.69533281] [-1304.58] 0.52
[66.72648152] [-1514.73] 0.52
[393.42485192] [-1380.39] 0.51
[283.82199807] [-1580.76] 0.5
[354.45230155] [-1560.11] 0.5
[-652.95004982] [-1443.16] 0.51
[-109.21588842] [-1205.82] 0.52
[851.50923047] [-1414.96] 0.52
[15.37027912] [-1392.79] 0.52
[1148.72843623] [-1296.45] 0.52
[390.03165085] [-1508.68] 0.52
[-423.58879395] [-797.52] 0.53
[-461.58691556] [-466.21] 0.53
[-632.64304999] [-96.18] 0.53
[-852.12973477] [-180.83] 0.54
[-1008.47887239] [607.01] 0.54
[-941.77881948] [191.83] 0.54
[-786.94853426] [87.06] 0.54
[-959.04150803] [-331.11] 0.54
[-405.33018027] [-236.6] 0.55
[-89.99640888] [-513.54] 0.56
[44.15215347] [-256.65] 0.55
[138.55448458] [-17.33] 0.54
[328.33438055] [-89.99] 0.53
[-41.21969023] [-128.46] 0.53
[-271.12734144] [-17.17] 0.54
[-302.04185385] [-451.64] 0.54
[-380.33311804] [-220.84] 0.54
[-276.79185223] [-156.94] 0.55
[-482.30631975] [-170.82] 0.56
[-46.85980532] [421.82] 0.55
[110.92369322] [944.71] 0.55
[185.6985349] [840.34] 0.55
[-143.25655576] [628.76] 0.54
[-287.67278296] [932.79] 0.54
[-490.36433048] [953.75] 0.54
[-421.44875526] [1062.83] 0.54
[-508.62599651] [1225.7] 0.54
[-402.85793813] [2230.3] 0.53
[-556.13769444] [1529.6] 0.52
[-297.12553981] [1571.17] 0.51
[-252.49155771] [1710.17] 0.5
[-177.79716584] [1767.65] 0.49
[-74.10035362] [1188.95] 0.48
[4.53327982] [1304.39] 0.48
[179.71125338] [1471.57] 0.48
[-71.68635864] [1466.22] 0.47
[108.57628843] [1193.71] 0.47
[85.78546457] [1184.24] 0.47
[-36.9011737] [1026.29] 0.46
[-329.33949256] [1203.06] 0.45
[-56.95603165] [1676.18] 0.44
[94.27642812] [2217.38] 0.44
[46.79738879] [2104.13] 0.44
[-135.8456216] [2558.04] 0.43
[-0.88678787] [2007.42] 0.42
[38.72166958] [2030.2] 0.42
[48.92907763] [1962.99] 0.43
[45.73124313] [1402.9] 0.44
[59.46239552] [996.67] 0.45
[205.15427766] [1572.25] 0.46
[28.02206843] [1937.74] 0.47
[171.6949414] [1622.88] 0.47
[244.82986403] [1885.63] 0.47
[399.11584679] [1988.44] 0.47
[398.26228322] [1749.55] 0.47
[335.52631879] [1432.96] 0.48
[391.98326372] [1540.41] 0.49
[285.57998784] [1520.4] 0.5
[268.02738458] [1468.19] 0.51
[244.27629233] [993.32] 0.52
[-42.64094927] [1234.31] 0.51
[-128.35755499] [1077.46] 0.5
[796.22573047] [1458.39] 0.5
[615.23370415] [945.78] 0.5
[341.20114825] [1218.75] 0.5
[648.78427105] [1268.41] 0.5
[307.46232337] [1342.27] 0.5
[257.59176836] [1400.97] 0.51
[340.81719848] [767.97] 0.52
[357.1381576] [-76.54] 0.52
[347.14240646] [-494.29] 0.51
[398.79061685] [-697.65] 0.51
[503.54519666] [-621.42] 0.51
[445.29664729] [-843.92] 0.51
[190.29996012] [-401.74] 0.5
[543.89375965] [-249.32] 0.49
[114.50768698] [-407.8] 0.49
[4.27294103] [-856.] 0.48
[-25.27036788] [-688.27] 0.49
[76.46604471] [-651.65] 0.48
[85.32342228] [-1008.49] 0.48
[189.14201764] [-2123.03] 0.48
[666.92499722] [-1922.85] 0.48
[506.71757413] [-2389.92] 0.48
[380.21740938] [-2417.65] 0.48
[672.58622786] [-5412.22] 0.47
[452.28245186] [-4759.5] 0.46
[441.37550866] [-4737.91] 0.46
[98.92407819] [-4589.23] 0.46
[-437.10619381] [-4677.58] 0.47
[-287.38267087] [-4823.04] 0.48
[267.95725298] [-4194.49] 0.48
[69.69968048] [-3411.66] 0.48
[-186.15635848] [-3470.14] 0.49
[355.45358939] [-3479.78] 0.48
[667.77804476] [-4166.77] 0.47
[682.42880194] [-3161.59] 0.47
[252.30004925] [-2540.66] 0.47
[229.17897079] [-2087.06] 0.47
[-221.56449842] [-2040.97] 0.48
[188.92261874] [-2343.26] 0.47
[608.26723816] [-2273.22] 0.46
[238.02581245] [-3027.41] 0.45
[-407.84985462] [-2507.53] 0.45
[-276.66631692] [-2326.06] 0.46
[-284.48764349] [-2106.03] 0.47
[-205.56540306] [-2258.28] 0.48
[-118.74767881] [-2414.22] 0.48
[91.57129986] [-2026.94] 0.47
[-458.41728671] [-1261.94] 0.47
[-928.11380536] [-588.74] 0.48
[-260.6989873] [-679.91] 0.49
[-668.99871125] [-571.62] 0.5
[-435.27641031] [2463.48] 0.49
[-3825.19951476] [1264.21] 0.48
[-3261.32445544] [1725.34] 0.47
[-2540.74684595] [1566.93] 0.46
[-2374.81029914] [1831.31] 0.45
[-1742.11178404] [1514.34] 0.44
[-2648.78840928] [1213.57] 0.44
[-1589.46395312] [917.07] 0.43
[-1794.95800548] [808.45] 0.42
[-1540.40276002] [1069.51] 0.42
[-508.10313244] [1307.42] 0.42
[301.2011931] [338.08] 0.43
[-972.52211493] [84.03] 0.43
[-193.47843497] [432.53] 0.43
[10.63330564] [713.85] 0.44
[625.65640322] [1137.99] 0.45
[290.88778315] [1288.57] 0.46
[91.1197376] [1813.86] 0.47
[169.5653356] [1385.37] 0.48
[-879.55711807] [1337.05] 0.48
[150.77011177] [2124.76] 0.48
[79.40658168] [1819.66] 0.48
[34.5270935] [2082.99] 0.49
[269.17561395] [2102.13] 0.49
[585.15639707] [2126.51] 0.49
[593.19689202] [1542.73] 0.5
[751.16399188] [1825.41] 0.51
[572.36093876] [1805.76] 0.52
[436.91171453] [2708.79] 0.52
[349.08653325] [2948.56] 0.52
[226.61198169] [2635.79] 0.53
[80.15893186] [1839.09] 0.54
[-45.62127481] [1759.59] 0.53
[0.27504267] [1942.58] 0.53
[-381.01604472] [2682.13] 0.52
[-362.7186199] [2678.04] 0.51
[-133.09706844] [2268.7] 0.5
[-236.35767227] [2126.34] 0.49
[-12.32054055] [2539.36] 0.48
[184.28753419] [2879.13] 0.48
[-210.51719345] [2933.22] 0.47
[-58.96799836] [2379.68] 0.46
[74.1177503] [1579.97] 0.46
[86.4401152] [1660.18] 0.46
[-60.13811467] [1628.8] 0.45
[-195.48437077] [1031.46] 0.44
[326.66230425] [1109.] 0.44
[840.90960852] [1077.52] 0.45
[679.15261934] [419.91] 0.46
[610.89863005] [940.44] 0.46
[307.87203487] [601.32] 0.46
[538.61930912] [724.28] 0.46
[1340.6691966] [546.89] 0.46
[430.6661292] [1318.3] 0.46
[946.38809287] [494.61] 0.46
[256.36536765] [487.25] 0.46
[-166.11205575] [-207.92] 0.47
[311.08378109] [-198.05] 0.47
[480.59083949] [143.04] 0.48
[778.8441795] [999.39] 0.49
[702.3917268] [1165.34] 0.5
[535.00474135] [960.62] 0.51
[451.49707059] [586.2] 0.52
[547.80642133] [-503.89] 0.52
[44.03604913] [156.38] 0.53
[-321.45728253] [87.8] 0.52
[-349.36234136] [-339.33] 0.53
[91.25315128] [-292.67] 0.53
[647.11232875] [-259.74] 0.53
[443.39563545] [-55.86] 0.53
[421.06392653] [322.46] 0.54
[393.85731105] [132.89] 0.55
[409.32526081] [179.11] 0.56
[398.13366799] [554.05] 0.57
[76.92698433] [792.24] 0.58
[18.7922224] [778.64] 0.59
[63.22332582] [79.04] 0.59
[225.96737065] [-328.36] 0.58
[127.26378991] [-271.53] 0.58
[190.33266938] [-693.87] 0.58
[976.63766543] [-323.37] 0.57
[637.85308178] [-1018.88] 0.57
[1212.20929293] [-391.6] 0.57
[793.84808932] [-421.66] 0.57
[431.71720738] [-706.58] 0.57
[154.65844252] [-551.33] 0.57
[86.55294388] [-539.12] 0.56
[78.53225023] [-664.76] 0.56
[-30.78981155] [-433.68] 0.57
[19.7837084] [-518.92] 0.57
[596.3599007] [-452.06] 0.56
[-79.22111431] [-48.38] 0.56
[-86.21489575] [-172.57] 0.56
[502.1368806] [-237.54] 0.55
[659.41539899] [-34.17] 0.54
[-80.91534971] [-188.57] 0.55
[60.43900012] [-271.48] 0.54
[-0.58876552] [-261.3] 0.54
[-74.59666445] [-249.03] 0.54
[19.67598577] [-145.96] 0.53
[96.68089822] [-182.72] 0.53
[94.27986723] [-70.12] 0.53
[-159.94031787] [-528.03] 0.54
[24.3260097] [-228.83] 0.54
[124.08421328] [260.82] 0.55
[66.6701595] [372.26] 0.56
[-54.08812719] [396.83] 0.56
[-157.52151914] [703.27] 0.56
[-231.58852742] [811.36] 0.56
[-321.50790136] [1857.05] 0.56
[-154.49198489] [1800.97] 0.56
[-272.78167701] [1866.29] 0.55
[-156.79327604] [2026.95] 0.55
[-259.26602527] [2271.46] 0.55
[-206.43234405] [2692.38] 0.54
[456.1882025] [1988.68] 0.54
[-173.49308751] [1893.66] 0.53
[-209.78976269] [1938.02] 0.52
[37.40569384] [2310.21] 0.52
[-129.12924776] [2534.9] 0.52
[-44.22736301] [2318.2] 0.51
[158.24388002] [2531.64] 0.51
[151.55707485] [2388.16] 0.51
[68.66897841] [2654.9] 0.51
[89.22401551] [2137.91] 0.51
[-131.75890397] [2379.6] 0.5
[-153.23463561] [2646.43] 0.49
[-146.59905815] [2620.19] 0.48
[-119.07558844] [2699.27] 0.47
[-120.12832265] [2699.35] 0.46
[-104.06263642] [3129.85] 0.45
[-62.64415062] [2576.87] 0.44
[-0.10179145] [2196.6] 0.44
[119.90097783] [2252.71] 0.44
[189.87566137] [1971.52] 0.45
[57.02977113] [1975.94] 0.46
[-392.02372491] [1714.19] 0.46
[84.58093264] [721.53] 0.47
[-93.88838743] [402.46] 0.47
[94.74257276] [364.7] 0.47
[290.8970292] [187.08] 0.48
[151.70605902] [190.87] 0.49
[1159.09171681] [-342.05] 0.48
[1499.46599672] [630.01] 0.48
[231.45375957] [417.] 0.49
[278.32774385] [729.] 0.5
[84.61634199] [-352.84] 0.49
[526.73459175] [-1585.43] 0.48
[918.84507673] [-1137.71] 0.47
[470.09943282] [-1607.98] 0.46
[724.65528371] [-1429.13] 0.45
[641.25794363] [-1525.29] 0.44
[839.88051626] [-1270.91] 0.43
[294.03531386] [-1345.28] 0.42
[53.66856767] [-1424.77] 0.41
[154.68370948] [-1378.94] 0.4
[-26.81897316] [-1427.54] 0.4
[-57.56383641] [-1583.24] 0.41
[-99.0686394] [-1619.08] 0.41
[704.01296517] [-1183.91] 0.4
[647.19776519] [-785.57] 0.39
[180.7339377] [-921.93] 0.38
[14.52328032] [-591.01] 0.37
[-158.38983502] [-602.01] 0.38
[-30.27566574] [-733.37] 0.38
[128.8363743] [-1333.47] 0.38
[308.29614037] [-805.18] 0.37
[-120.27034906] [-1232.89] 0.38
[-307.21936761] [-569.58] 0.39
[-173.18745391] [-841.91] 0.4
[1165.91962835] [-749.24] 0.39
[958.89490587] [-933.54] 0.38
[485.8373398] [-967.24] 0.37
[209.15645291] [-1082.45] 0.36
[226.81637749] [-619.52] 0.35
[310.24383863] [431.73] 0.35
[-93.03540459] [107.17] 0.34
[-126.53764019] [392.15] 0.34
[-440.25309045] [418.53] 0.34
[-506.26470154] [420.82] 0.34
[390.25941231] [482.22] 0.35
[-856.53443032] [442.97] 0.35
[-828.3864536] [570.64] 0.35
[-533.0362458] [667.75] 0.35
[-291.51297115] [856.23] 0.35
[-188.04554733] [1045.84] 0.35
[-80.71658442] [865.4] 0.35
[94.20295008] [642.62] 0.36
[127.31174204] [482.89] 0.36
[228.55801331] [559.84] 0.37
[334.90010204] [395.78] 0.38
[437.64442902] [285.08] 0.38
[348.44401695] [588.55] 0.38
[279.23460922] [1327.7] 0.39
[-534.48930584] [1393.24] 0.39
[-293.83096024] [2597.08] 0.38
[292.69254657] [2257.82] 0.39
[-42.32516251] [2251.68] 0.38
[21.75807447] [2396.06] 0.38
[103.01580142] [2262.53] 0.39
[510.43780481] [2384.04] 0.4
[-152.9209438] [2810.67] 0.4
[284.66672075] [2511.08] 0.4
[82.25582943] [2839.42] 0.41
[37.96783801] [2989.66] 0.41
[15.26852846] [3258.55] 0.41
[-122.85202832] [3085.42] 0.41
[-351.69232745] [2786.61] 0.41
[129.25339726] [3419.57] 0.42
[128.87759195] [3484.79] 0.43
[108.21094403] [4668.09] 0.44
[158.54888863] [4532.58] 0.45
[101.0504115] [3537.17] 0.46
[79.02674804] [4113.99] 0.47
[-109.35764661] [3788.49] 0.47
[152.29979993] [3888.8] 0.47
[340.55092082] [4277.33] 0.48
[328.91703649] [4791.84] 0.49
[324.49285576] [5011.76] 0.49
[387.01598587] [4724.56] 0.5
[-263.99486308] [4459.96] 0.5
[241.96860942] [4966.99] 0.5
[275.32309462] [5754.26] 0.5
[243.46454545] [4966.89] 0.5
[374.27610468] [4830.32] 0.5
[311.61910682] [5742.93] 0.51
[321.34120199] [5571.29] 0.52
[454.68755756] [5385.51] 0.53
[377.11181718] [5322.54] 0.54
[558.78572626] [5521.05] 0.55
[465.46642004] [5450.8] 0.56
[351.29244986] [3692.78] 0.57
[352.46342661] [3574.15] 0.58
[372.96071352] [3922.1] 0.58
[313.454963] [4432.72] 0.58
[420.49618347] [6134.56] 0.58
[598.35094349] [4769.21] 0.59
[792.14483783] [5071.38] 0.59
[869.05630535] [3863.15] 0.6
[798.66906348] [3074.72] 0.6
[1219.4686921] [4315.22] 0.6
[1490.87463652] [3887.06] 0.6
[1468.87309838] [3852.88] 0.61
[1318.80012941] [3001.83] 0.61
[1200.80218628] [2845.5] 0.61
[1111.85254025] [1952.19] 0.61
[1069.11025493] [1690.03] 0.62
[675.01213162] [2712.37] 0.63
[846.75668216] [3196.32] 0.64
[816.65331991] [2551.44] 0.65
[1086.58291788] [1760.03] 0.66
[1228.80367976] [3581.03] 0.67
[1186.13397471] [5026.89] 0.68
[970.25690014] [4463.34] 0.69
[1492.69777138] [5170.17] 0.7
[1670.48641502] [5068.3] 0.71
[1613.42792418] [4346.57] 0.71
[1463.6547084] [4652.47] 0.71
[1671.36928802] [4513.57] 0.71
[1330.70916228] [6564.09] 0.72
[1481.77503907] [7554.71] 0.73
[996.02184015] [8710.79] 0.74
[774.36092297] [8054.98] 0.75
[1202.29780887] [7326.96] 0.75
[741.57483185] [8583.85] 0.75
[1423.57665123] [9629.62] 0.76
[1814.52383206] [9528.02] 0.77
[1938.1088138] [10723.26] 0.77
[2177.51269758] [13040.4] 0.77
[1742.95777774] [13623.12] 0.77
[1284.50678874] [12853.62] 0.78
[755.37973644] [15727.8] 0.79
[1464.86855729] [18306.26] 0.8
[718.2477169] [21238.28] 0.81
[285.35997991] [22640.89] 0.82
[633.53217856] [21437.28] 0.82
[-102.92288632] [19075.61] 0.82
[1010.40699282] [16268.35] 0.83
[2291.32432536] [14572.07] 0.84
[1908.18179975] [16013.65] 0.85
[2205.70758818] [16311.01] 0.85
[1571.09398409] [13677.73] 0.86
[1928.24092234] [12195.28] 0.87
[1568.77893085] [12302.43] 0.88
[502.56833313] [13886.87] 0.89
[664.74906202] [12195.14] 0.9
[825.09555471] [12285.61] 0.91
[1376.56995591] [7082.35] 0.91
[2059.76346025] [8308.8] 0.91
[1578.24518023] [5656.53] 0.91
[2498.57396232] [6030.26] 0.91
[3523.00402407] [5206.57] 0.91
[3562.48001261] [5165.43] 0.91
[4114.12269774] [1562.58] 0.91
[4132.22384915] [4420.61] 0.92
[3954.38467049] [4920.51] 0.93
[2400.25525515] [2122.64] 0.93
[2020.39242863] [135.68] 0.94
[859.90235752] [1487.87] 0.94
[2312.2300115] [1482.99] 0.94
[3585.0544922] [815.84] 0.94
[5046.83386795] [-2483.95] 0.94
[6745.0420147] [-2391.64] 0.93
[6234.61177236] [-917.46] 0.92
[5230.18757259] [688.01] 0.92
[2776.52761974] [10819.36] 0.92
[4121.17850139] [12577.76] 0.93
[2838.06976395] [7485.04] 0.94
[1233.12976391] [8854.91] 0.94
[-55.3970011] [10642.88] 0.93
[-427.36532095] [11119.99] 0.92
[-587.50410022] [12927.36] 0.91
[-925.27793113] [11319.5] 0.9
[82.46204531] [13139.97] 0.9
[-1689.94568756] [16579.25] 0.9
[-4185.9755345] [20810.27] 0.89
[5813.06616341] [22914.12] 0.89
[-3588.61629191] [23901.46] 0.88
[-3784.20340976] [25211.02] 0.87
[-3736.06615076] [21880.14] 0.86
[-4474.75397969] [16338.63] 0.86
[-3200.81705098] [20205.67] 0.85
[-3668.94114649] [13397.25] 0.84
[-2415.00464043] [12026.05] 0.83
[1037.0329807] [11837.77] 0.83
[2219.61591952] [11977.46] 0.83
[866.74695691] [16095.53] 0.83
[2190.35899313] [12826.38] 0.83
[4302.56891245] [12801.45] 0.83
[1668.99759726] [11446.82] 0.83
[961.64969251] [10582.77] 0.83
[2597.27521273] [9558.33] 0.83
[4370.43799146] [12241.6] 0.83
[5360.13096559] [5935.03] 0.83
[-1009.18344386] [8291.94] 0.82
[444.81160362] [11119.06] 0.82
[4537.51872393] [9750.62] 0.82
[10320.70577864] [9781.88] 0.82
[1397.31865609] [14073.54] 0.82
[6535.99204729] [10413.1] 0.82
[9122.64777627] [7802.87] 0.82
[3123.8489499] [7712.28] 0.82
[6510.19112803] [6794.77] 0.82
[3620.50122049] [6057.75] 0.82
[3630.29326575] [2158.6] 0.82
[4282.85735478] [2084.6] 0.82
[4325.83054582] [-76.69] 0.81
[2934.72555868] [81.56] 0.81
[1285.970924] [5597.03] 0.81
[3431.35809794] [1883.39] 0.81
[-1428.11255765] [4615.5] 0.8
[-5291.15204704] [8734.16] 0.79
[-2677.55599072] [9708.06] 0.78
[-10192.15250489] [10669.79] 0.77
[-980.08239987] [8009.24] 0.76
[-1264.79716397] [10374.09] 0.75
[-1212.75970144] [8257.55] 0.74
[2641.63510102] [10288.01] 0.74
[2692.68580871] [10169.94] 0.74
[3063.78518527] [8194.9] 0.74
[3741.73439544] [7036.85] 0.74
[2188.03549072] [6754.77] 0.74
[3073.9059622] [3138.94] 0.74
[3557.6723856] [-49.96] 0.73
[903.15418498] [284.59] 0.73
[1378.69774156] [849.3] 0.73
[8264.1363403] [-1484.73] 0.72
[5921.80966227] [831.4] 0.72
[3389.45856909] [4080.02] 0.72
[9875.7487254] [6682.06] 0.72
[1869.60482064] [4056.12] 0.72
[1169.17023071] [5586.73] 0.72
[1129.08141755] [3380.88] 0.72
[734.23677112] [2001.29] 0.72
[180.84343519] [-1159.69] 0.71
[382.74077224] [1498.18] 0.71
[1553.1647868] [2030.45] 0.72
[841.57969946] [1300.57] 0.72
[9199.18714851] [315.79] 0.72
[7980.03972041] [-3921.34] 0.71
[1944.97060407] [-5753.4] 0.7
[-2186.39078386] [-6708.13] 0.7
[2822.66617688] [-3571.03] 0.69
[-9787.44077179] [-3658.67] 0.69
[1472.91283104] [-3851.15] 0.68
[3950.22347384] [-5152.77] 0.67
[2238.46237579] [-1234.7] 0.66
[4193.01781672] [781.01] 0.66
[4851.2799697] [-1596.09] 0.65
[1254.25492345] [-1840.77] 0.64
[756.98713943] [-4778.74] 0.63
[124.53497165] [1525.96] 0.63
[-1224.90547396] [-1620.43] 0.63
[-964.06671899] [-722.31] 0.63
[-214.28157054] [-845.19] 0.63
[88.47560597] [-1684.14] 0.62
[446.59305642] [-3951.24] 0.61
[521.63978457] [-6804.44] 0.6
[-2163.8135571] [-13962.03] 0.6
[3047.8794719] [-13550.36] 0.59
[2034.37693133] [-11533.46] 0.58
[4625.04280321] [-13350.51] 0.58
[3541.3853408] [-9809.84] 0.58
[1182.19799716] [-12106.9] 0.58
[-1496.8294686] [-13595.72] 0.58
[-4782.09396201] [-16844.53] 0.58
[-7275.27695137] [-10947.39] 0.58
[-9874.41630133] [-13872.78] 0.58
[-2663.05494847] [-12582.23] 0.58
[-4.40957006] [-14321.04] 0.59
[-3106.70984744] [-15328.05] 0.6
[-1262.26398448] [-16660.96] 0.61
[843.17334139] [-15618.06] 0.61
[4095.79103813] [-15138.86] 0.6
[1151.24176027] [-22107.] 0.6
[5558.53198858] [-23209.83] 0.6
[4305.40499959] [-20925.87] 0.59
[482.25466756] [-19902.79] 0.59
[2289.34164982] [-16579.08] 0.59
[388.51778373] [-19887.99] 0.59
[409.72334247] [-17239.57] 0.59
[462.11829844] [-20494.76] 0.59
[1677.32988888] [-23398.43] 0.59
[316.60034841] [-22464.56] 0.59
[1894.42075808] [-22368.63] 0.58
[1883.59569244] [-23299.81] 0.57
[1584.18368564] [-11668.73] 0.56
[-586.33544995] [-12997.7] 0.56
[-5037.62738746] [-12609.34] 0.56
[-7433.40630716] [-11241.68] 0.56
[-11095.15982465] [-7374.82] 0.56
[-9548.0763743] [-3070.44] 0.56
[-12475.85783933] [-2723.63] 0.56
[-8209.61052421] [1360.6] 0.55
[-10636.58605136] [-2716.28] 0.56
[-8921.10335247] [-1550.53] 0.56
[-8952.75239716] [-2004.13] 0.56
[-8339.69479364] [837.81] 0.55
[-9020.38854257] [-7042.04] 0.55
[-554.10480391] [-5962.91] 0.55
[-2699.16238611] [-5591.38] 0.55
[-1200.95030437] [-3805.91] 0.55
[655.97342845] [-4049.04] 0.54
[-389.997603] [-2486.76] 0.54
[102.75865122] [-1040.14] 0.53
[507.83499297] [-2853.87] 0.52
[-838.34626247] [-814.94] 0.53
[-1878.01832697] [-2537.88] 0.53
[-4407.97778659] [-5651.71] 0.53
[-1920.87373047] [-3028.65] 0.53
[-266.54850632] [-841.4] 0.54
[-1097.04605541] [-506.87] 0.55
[-817.38197724] [233.1] 0.55
[-7124.5853107] [760.82] 0.55
[-2712.34530627] [-3499.32] 0.56
[-5989.62349255] [-3827.16] 0.57
[-5587.44368185] [-3494.66] 0.58
[-1350.28992727] [-1979.33] 0.58
[-1359.52697841] [-4839.18] 0.58
[-1003.9453854] [-7367.55] 0.58
[-208.69094501] [-7502.] 0.58
[687.244068] [-5510.26] 0.57
[881.15629878] [-6329.45] 0.56
[446.29573882] [-4308.57] 0.56
[-876.56696456] [-4003.51] 0.56
[-5359.44122119] [-3808.86] 0.56
[-5122.34853252] [-870.61] 0.57
[-4671.31784277] [-2657.35] 0.57
[-971.44987326] [-1556.6] 0.57
[71.43075164] [-2341.49] 0.56
[39.49154924] [1941.05] 0.56
[-5210.72186759] [2118.43] 0.55
[-4735.68738176] [720.75] 0.54
[354.45556559] [2861.47] 0.54
[956.61400916] [3558.25] 0.55
[439.9911533] [4955.17] 0.55
[-5367.50181355] [6469.05] 0.54
[-3923.13634742] [8357.29] 0.53
[-1924.40363058] [6970.08] 0.52
[-4648.31702247] [4691.16] 0.52
[1873.27896315] [5445.97] 0.53
[-1404.32550413] [3926.99] 0.52
[-7646.49522117] [5911.1] 0.52
[393.38910759] [8004.59] 0.52
[667.51798213] [9007.43] 0.53
[-1163.7671753] [11118.56] 0.53
[-879.18094298] [9588.5] 0.53
[-637.14235258] [13175.21] 0.52
[-2242.30982851] [12921.81] 0.52
[-1716.75674476] [12796.85] 0.52
[-719.63213256] [12679.19] 0.52
[-878.98767878] [16412.73] 0.51
[-370.76873984] [15591.53] 0.5
[-4097.88125703] [15272.92] 0.49
[-1338.58841077] [15166.61] 0.48
[-2302.1279596] [14858.33] 0.48
[-2181.32159701] [12659.8] 0.48
[780.10791037] [14436.76] 0.49
[544.68842666] [15746.12] 0.49
[1392.86625155] [14652.68] 0.5
[605.52713821] [13970.48] 0.51
[2673.63473265] [12205.36] 0.52
[2039.12894155] [8338.63] 0.53
[682.79615862] [8969.56] 0.54
[1547.15318928] [6956.87] 0.54
[5251.31362104] [6842.71] 0.54
[-464.11711872] [7238.59] 0.53
[4671.15135891] [8806.32] 0.53
[5432.94026422] [7880.83] 0.53
[-2560.05974184] [9017.87] 0.52
[6161.2464108] [9112.62] 0.52
[2232.36335495] [8447.01] 0.52
[5027.13184054] [7209.38] 0.53
[82.86883822] [5313.25] 0.54
[3520.89001441] [7952.92] 0.55
[1444.86434551] [6343.94] 0.56
[2884.30946258] [1200.8] 0.57
[3721.27660996] [466.92] 0.58
[4511.08960514] [1950.91] 0.59
[21.34027783] [60.86] 1.0
[14.15733257] [67.49] 1.0
[14.56766542] [74.62] 1.0
[16.27890553] [82.48] 1.0
[11.97030435] [109.24] 1.0
[3.79745637] [115.6] 1.0
[1.99840815] [93.5] 1.0
[7.2135203] [75.81] 1.0
[10.56263313] [87.14] 1.0
[9.53830771] [81.66] 1.0
[8.23510804] [90.18] 1.0
[8.78995216] [55.23] 1.0
[13.44634441] [47.96] 1.0
[16.71758084] [47.76] 1.0
[18.06899323] [29.96] 1.0
[18.44956088] [25.31] 1.0
[20.14814466] [35.7] 1.0
[23.75638726] [9.36] 1.0
[26.80094246] [55.88] 1.0
[23.68302108] [88.74] 1.0
[29.83852909] [59.54] 1.0
[42.04826517] [50.97] 1.0
[45.63826003] [44.67] 1.0
[30.45531328] [47.65] 1.0
[30.29580914] [38.06] 1.0
[26.67128925] [48.22] 1.0
[26.69270423] [54.57] 1.0
[27.94373376] [65.37] 1.0
[26.86763227] [74.72] 1.0
[24.76225503] [70.54] 1.0
[22.30467319] [67.08] 1.0
[21.93995477] [63.16] 1.0
[14.23333729] [39.79] 1.0
[24.05219408] [28.36] 1.0
[16.18333238] [39.72] 1.0
[27.12742758] [59.34] 1.0
[13.95046823] [50.14] 1.0
[22.03521179] [56.12] 1.0
[18.84587412] [82.58] 1.0
[18.69995266] [97.52] 1.0
[17.49759499] [165.67] 1.0
[21.04931805] [157.94] 1.0
[16.98728739] [164.64] 1.0
[13.66481233] [170.02] 1.0
[17.2064577] [197.66] 1.0
[16.27565266] [187.65] 1.0
[17.67554642] [221.33] 1.0
[17.81850832] [179.72] 1.0
[18.51741526] [193.79] 1.0
[19.23729859] [234.75] 1.0
[20.14124161] [261.34] 1.0
[24.56703516] [256.8] 1.0
[18.89162623] [367.77] 1.0
[18.56099139] [224.95] 1.0
[22.14385288] [229.63] 1.0
[21.00263245] [127.75] 1.0
[22.44231745] [131.14] 1.0
[20.91651153] [133.49] 1.0
[23.84405957] [128.06] 1.0
[22.11884871] [10.33] 1.0
[20.57239409] [4.17] 1.0
[18.11552594] [50.41] 1.0
[18.11845897] [29.21] 1.0
[19.00815405] [31.15] 1.0
[15.43845637] [41.83] 1.0
[17.85926172] [110.75] 1.0
[22.67471595] [82.39] 1.0
[14.93670783] [60.828875] 1.0
[24.53305899] [-7.6889125] 0.9855072463768116
[19.97778061] [4.03] 0.9857142857142858
[28.34469513] [26.003625] 0.9859154929577465
[23.8005765] [24.7436125] 0.9861111111111112
[23.59595268] [-10.4] 0.9726027397260274
[29.17440026] [-37.294375] 0.9594594594594594
[26.19654052] [-47.42375] 0.9466666666666667
[22.8039892] [-37.1] 0.9342105263157895
[25.98334015] [-37.80775] 0.922077922077922
[29.81373824] [-81.787] 0.9102564102564102
[23.34506252] [-103.78] 0.8987341772151899
[61.78110433] [-48.713925] 0.8875
[62.3142061] [-147.056125] 0.8765432098765432
[72.2348202] [-11.25] 0.8658536585365854
[76.48070487] [13.377] 0.8674698795180723
[78.42631546] [134.169413] 0.8690476190476191
[15.23337803] [125.93] 0.8705882352941177
[-37.41635466] [113.52375] 0.8604651162790697
[-144.36443652] [144.06] 0.8505747126436781
[-135.25577065] [267.62] 0.8409090909090909
[-212.83426436] [195.183] 0.8314606741573034
[-302.09892586] [172.8135] 0.8222222222222222
[-140.89583542] [179.68] 0.8131868131868132
[-54.29360624] [181.054625] 0.8043478260869565
[-27.13705874] [169.377375] 0.7956989247311828
[-22.91031823] [97.36] 0.7872340425531915
[61.93583341] [105.725988] 0.7894736842105263
[73.50794048] [139.40925] 0.7916666666666666
[119.85397392] [141.5789125] 0.7938144329896907
[44.98781704] [160.997138] 0.7959183673469388
[100.1103546] [134.175661] 0.797979797979798
[122.17829488] [128.7963875] 0.8
[76.51172446] [203.818429] 0.8
[52.31221339] [230.177563] 0.8
[3.0229879] [214.05375] 0.8
[24.39915939] [259.81625] 0.8
[31.52242657] [230.293464] 0.8
[72.90424075] [234.437] 0.8
[58.59648919] [278.56195] 0.8
[54.62927245] [222.859211] 0.8
[27.38318522] [211.186125] 0.8
[43.94565318] [275.990817] 0.8
[42.18995158] [272.113] 0.8
[52.91491248] [256.000587] 0.8
[93.94713325] [236.8633] 0.8
[92.46590437] [251.183625] 0.8
[176.68895238] [229.39] 0.8
[59.41230988] [104.5533] 0.8
[60.50970338] [216.366143] 0.8
[-36.35482422] [192.9865] 0.79
[-19.0212713] [181.569875] 0.78
[15.05727276] [226.89] 0.78
[17.94980367] [227.802625] 0.78
[138.2482437] [244.170786] 0.78
[-76.20932287] [245.073637] 0.77
[-28.80842318] [221.791875] 0.76
[-42.77932743] [55.971888] 0.75
[5.37859612] [-104.4047755] 0.74
[-15.2446514] [-85.089286] 0.74
[-3.58693616] [-1.785512] 0.74
[-40.8027169] [-5.158386] 0.74
[22.61645926] [-10.223188] 0.73
[-34.3915164] [-91.221] 0.73
[9.3262833] [-232.9465357] 0.72
[42.33249007] [-222.675714] 0.71
[63.09784931] [-193.5836875] 0.7
[84.34685178] [-153.5227] 0.69
[72.47277952] [-146.525286] 0.68
[52.62463293] [-150.3145] 0.67
[52.79235366] [-221.506267] 0.66
[62.72888796] [-250.4] 0.65
[65.76525326] [-200.070429] 0.64
