[636.4833333] [60.86] 0.16666666666666666
[625.86129497] [67.49] 0.2857142857142857
[630.00588518] [74.62] 0.375
[626.22617227] [82.48] 0.4444444444444444
[615.74507546] [109.24] 0.5
[612.81612537] [115.6] 0.5454545454545454
[620.3552059] [93.5] 0.5833333333333334
[618.40895407] [75.81] 0.6153846153846154
[614.29006362] [87.14] 0.6428571428571429
[606.6938409] [81.66] 0.6666666666666666
[606.02599284] [90.18] 0.6875
[602.79319081] [55.23] 0.7058823529411765
[621.01119269] [47.96] 0.7222222222222222
[621.75557047] [47.76] 0.7368421052631579
[618.05090874] [29.96] 0.75
[628.8228152] [25.31] 0.7619047619047619
[632.74220651] [35.7] 0.7727272727272727
[633.43224318] [9.36] 0.782608695652174
[643.08307004] [55.88] 0.7916666666666666
[642.37300617] [88.74] 0.8
[645.62148624] [59.54] 0.8076923076923077
[651.68884124] [50.97] 0.8148148148148148
[652.99506424] [44.67] 0.8214285714285714
[643.34715455] [47.65] 0.8275862068965517
[644.42607472] [38.06] 0.8333333333333334
[647.38192734] [48.22] 0.8387096774193549
[644.95498411] [54.57] 0.84375
[643.4634952] [65.37] 0.8484848484848485
[643.85383979] [74.72] 0.8529411764705882
[640.20702251] [70.54] 0.8571428571428571
[654.86163934] [67.08] 0.8611111111111112
[655.64868271] [63.16] 0.8648648648648649
[632.56937986] [39.79] 0.868421052631579
[660.44555672] [28.36] 0.8717948717948718
[663.48844872] [39.72] 0.875
[651.26568753] [59.34] 0.8780487804878049
[661.79140941] [50.14] 0.8809523809523809
[650.05328148] [56.12] 0.8837209302325582
[645.41116845] [82.58] 0.8863636363636364
[652.6540411] [97.52] 0.8888888888888888
[673.39883428] [165.67] 0.8913043478260869
[676.96929889] [157.94] 0.8936170212765957
[666.28209562] [164.64] 0.8958333333333334
[671.27767937] [170.02] 0.8979591836734694
[668.46680033] [197.66] 0.9
[694.0667094] [187.65] 0.9019607843137255
[701.73279241] [221.33] 0.9038461538461539
[701.78764278] [179.72] 0.9056603773584906
[712.94841195] [193.79] 0.9074074074074074
[721.8048519] [234.75] 0.9090909090909091
[716.81221763] [261.34] 0.9107142857142857
[751.07808991] [256.8] 0.9122807017543859
[705.76790306] [367.77] 0.9137931034482759
[699.78681479] [224.95] 0.9152542372881356
[723.70985988] [229.63] 0.9166666666666666
[730.2089017] [127.75] 0.9180327868852459
[729.19788941] [131.14] 0.9193548387096774
[726.94103615] [133.49] 0.9206349206349206
[739.31187409] [128.06] 0.921875
[739.75006834] [10.33] 0.9230769230769231
[732.78419814] [4.17] 0.9242424242424242
[719.95251944] [50.41] 0.9253731343283582
[716.85831159] [29.21] 0.9264705882352942
[723.01205173] [31.15] 0.927536231884058
[726.95098204] [41.83] 0.9285714285714286
[738.85887591] [110.75] 0.9295774647887324
[756.18719384] [82.39] 0.9305555555555556
[761.54158873] [60.828875] 0.9315068493150684
[770.3473479] [-7.6889125] 0.918918918918919
[752.29850752] [4.03] 0.92
[759.01966101] [26.003625] 0.9210526315789473
[759.78455756] [24.7436125] 0.922077922077922
[771.78598212] [-10.4] 0.9102564102564102
[766.25254619] [-37.294375] 0.8987341772151899
[763.05216692] [-47.42375] 0.8875
[760.86403073] [-37.1] 0.8765432098765432
[751.3123532] [-37.80775] 0.8658536585365854
[754.83311237] [-81.787] 0.8554216867469879
[759.2630896] [-103.78] 0.8452380952380952
[766.04687454] [-48.713925] 0.8352941176470589
[772.73806572] [-147.056125] 0.8255813953488372
[802.2373265] [-11.25] 0.8160919540229885
[805.56058074] [13.377] 0.8181818181818182
[801.65114853] [134.169413] 0.8202247191011236
[787.3568112] [125.93] 0.8222222222222222
[786.82384797] [113.52375] 0.8241758241758241
[771.02991818] [144.06] 0.8260869565217391
[739.21715535] [267.62] 0.8279569892473119
[680.69503596] [195.183] 0.8297872340425532
[615.05581786] [172.8135] 0.8315789473684211
[610.24455169] [179.68] 0.8333333333333334
[660.43341663] [181.054625] 0.8350515463917526
[733.67561934] [169.377375] 0.8367346938775511
[668.49178521] [97.36] 0.8383838383838383
[755.07909246] [105.725988] 0.84
[812.6954807] [139.40925] 0.85
[834.16070322] [141.5789125] 0.86
[886.98862713] [160.997138] 0.87
[850.06919166] [134.175661] 0.88
[867.98573861] [128.7963875] 0.89
[874.86751968] [203.818429] 0.89
[925.51187463] [230.177563] 0.89
[982.99083015] [214.05375] 0.89
[955.97249216] [259.81625] 0.89
[912.05418951] [230.293464] 0.89
[951.86281498] [234.437] 0.89
[965.88052757] [278.56195] 0.89
[923.38812037] [222.859211] 0.89
[1016.86823286] [211.186125] 0.89
[986.53306436] [275.990817] 0.89
[1010.49970525] [272.113] 0.89
[1034.40704736] [256.000587] 0.89
[1058.48799813] [236.8633] 0.89
[1061.40115324] [251.183625] 0.89
[1142.37133605] [229.39] 0.89
[1064.69321016] [104.5533] 0.89
[1048.32119161] [216.366143] 0.89
[930.55990414] [192.9865] 0.89
[948.23849228] [181.569875] 0.89
[951.2827866] [226.89] 0.89
[946.90058293] [227.802625] 0.89
[789.38739103] [244.170786] 0.89
[763.07931837] [245.073637] 0.89
[822.64175387] [221.791875] 0.89
[764.09038407] [55.971888] 0.89
[773.91029139] [-104.4047755] 0.88
[749.13471327] [-85.089286] 0.87
[872.04896625] [-1.785512] 0.86
[920.36695751] [-5.158386] 0.85
[929.43581989] [-10.223188] 0.84
[917.32697311] [-91.221] 0.83
[931.06671029] [-232.9465357] 0.82
[941.33554668] [-222.675714] 0.81
[954.8513489] [-193.5836875] 0.8
[961.45917837] [-153.5227] 0.79
[931.82121334] [-146.525286] 0.78
[960.57760181] [-150.3145] 0.77
[959.94468879] [-221.506267] 0.76
[958.51790866] [-250.4] 0.75
[969.66008558] [-200.070429] 0.74
[986.03011136] [-171.764175] 0.73
[1025.6735261] [-195.207375] 0.72
[1053.65913582] [-137.899637] 0.71
[1026.37772324] [-24.313986] 0.7
[1026.2087724] [-58.939143] 0.69
[1075.90165386] [-1.63575] 0.68
[1050.8865712] [1.989963] 0.68
[981.41742599] [-43.464625] 0.67
[975.76954694] [-19.935125] 0.66
[991.0551342] [-18.753748] 0.65
[925.08009176] [-38.309625] 0.64
[1011.06648897] [-76.976287] 0.63
[1026.52890351] [94.088169] 0.63
[1035.05849884] [218.1276375] 0.63
[1080.73360575] [219.237413] 0.63
[1085.82683692] [156.550387] 0.63
[1095.30936552] [58.339957] 0.63
[1076.07075654] [104.930088] 0.63
[1080.49377864] [202.897325] 0.63
[1085.21063694] [294.7102857] 0.63
[1061.72737518] [333.381225] 0.63
[1106.54868483] [301.2018005] 0.63
[1187.25965262] [203.61075] 0.63
[1201.2720643] [238.374688] 0.63
[1173.45205826] [268.534375] 0.63
[1221.22038428] [250.11545] 0.63
[1209.08555873] [296.554429] 0.63
[1200.54683393] [248.049467] 0.63
[1249.33206532] [233.830875] 0.64
[1240.33408013] [337.182813] 0.64
[1210.31834196] [310.475925] 0.64
[1318.65222171] [314.470686] 0.64
[1333.13556813] [374.762125] 0.65
[1321.91370701] [342.880821] 0.66
[1297.95453566] [337.600162] 0.67
[1302.17895635] [351.838429] 0.68
[1309.69314559] [432.87435] 0.69
[1200.89236481] [424.482962] 0.7
[1251.01170346] [543.79625] 0.71
[1272.51686498] [640.96685] 0.72
[1266.30129043] [643.739943] 0.73
[1279.46671658] [601.560013] 0.74
[1290.71091695] [589.389087] 0.74
[1264.16742931] [574.365125] 0.74
[1305.22020579] [562.061975] 0.74
[1307.32098175] [589.554975] 0.74
[1000.35836898] [542.293675] 0.74
[779.95766359] [724.890488] 0.74
[953.15011598] [791.598563] 0.74
[1015.33594706] [750.851887] 0.74
[1041.97906403] [849.822313] 0.74
[1134.66657389] [1008.2956] 0.74
[1167.1034464] [947.210125] 0.74
[876.01131564] [1099.186286] 0.74
[915.28236454] [880.682428] 0.74
[858.44497956] [944.840962] 0.74
[1075.57595193] [859.9808] 0.74
[1036.39026075] [858.757887] 0.74
[1022.38166505] [837.943712] 0.74
[1064.39356934] [838.383914] 0.74
[1067.65201873] [890.950546] 0.74
[1130.7566252] [876.594929] 0.74
[1133.21515382] [1007.015158] 0.74
[1133.32519168] [980.304714] 0.74
[1190.92360138] [888.910775] 0.74
[1177.15125023] [1232.213697] 0.74
[1201.49072195] [902.034613] 0.74
[1266.33686066] [862.039437] 0.74
[1250.41644447] [998.4913] 0.74
[1280.70223166] [1073.452844] 0.74
[1309.51806051] [1122.3135] 0.74
[1337.70607218] [877.675063] 0.74
[1326.9002145] [1009.153111] 0.74
[1180.97354384] [898.514937] 0.74
[1283.80017857] [658.50025] 0.74
[977.0311005] [503.439326] 0.74
[1243.32691094] [425.030212] 0.74
[1282.71243676] [498.549252] 0.74
[1225.64602469] [526.54795] 0.74
[1330.94974607] [312.289712] 0.74
[1399.76507221] [414.72325] 0.74
[1478.21590539] [340.081727] 0.74
[1447.07467597] [501.503143] 0.74
[1701.92659357] [309.344888] 0.74
[1440.90146538] [319.385486] 0.74
[1626.93755018] [226.0993] 0.75
[1538.7624618] [227.883114] 0.76
[1545.89469686] [299.415272] 0.77
[1725.65051947] [159.057329] 0.78
[1679.83663305] [67.711375] 0.79
[1584.57717975] [-24.573815] 0.79
[1880.53750734] [-94.913143] 0.79
[1911.16765954] [31.695429] 0.8
[1860.97085685] [-283.583859] 0.8
[1827.61884098] [-66.030863] 0.8
[1965.0511362] [-73.06225] 0.8
[1835.35467364] [-336.290086] 0.8
[1768.7574433] [-342.512857] 0.8
[1770.96037609] [-362.391062] 0.8
[1662.64970369] [-291.50492] 0.8
[1732.92462795] [-421.095086] 0.8
[1995.96840294] [-320.251429] 0.8
[2013.36086141] [-87.696833] 0.8
[2023.93348647] [-126.469814] 0.8
[2044.26072423] [-418.9444] 0.8
[2101.60083933] [-576.174952] 0.8
[2010.85558903] [-706.250263] 0.79
[2062.55135613] [-279.87775] 0.79
[2038.45328149] [-406.27755] 0.79
[2283.30545689] [-462.078013] 0.79
[2253.96963126] [-31.284637] 0.79
[2085.63381597] [218.444969] 0.8
[1670.16300179] [313.143714] 0.8
[1520.64849236] [249.791029] 0.8
[1871.80458965] [43.094803] 0.8
[2110.16376905] [-21.049186] 0.79
[1832.36390077] [89.325] 0.79
[2061.44356929] [303.995208] 0.79
[2027.75549743] [283.608657] 0.79
[2216.60066831] [324.695417] 0.79
[2500.87078172] [305.206238] 0.79
[2449.38429304] [263.170162] 0.79
[2600.12583785] [94.743983] 0.79
[2618.1611958] [184.149967] 0.79
[2685.99075131] [298.798786] 0.79
[2816.63859274] [715.255017] 0.79
[2731.1212061] [716.323595] 0.79
[2859.66277493] [844.029857] 0.79
[2788.12946649] [1130.284333] 0.79
[2810.82405343] [971.577746] 0.79
[2819.81296884] [985.496583] 0.79
[2858.21925063] [1294.016667] 0.79
[2899.13401543] [1793.807314] 0.79
[2743.08113976] [1937.3057] 0.79
[2685.45625173] [2372.032] 0.79
[2554.4450609] [1896.906079] 0.79
[2457.45319477] [1915.2043] 0.79
[2394.75163946] [2063.515717] 0.79
[2346.98351783] [1448.244704] 0.79
[2571.49592385] [1297.100143] 0.79
[2410.39821564] [1332.448033] 0.79
[2525.32146791] [1291.900971] 0.79
[2558.92024044] [1425.282083] 0.79
[2735.02529631] [1610.65] 0.79
[2611.56809008] [1692.691717] 0.79
[2509.46701581] [1550.133417] 0.79
[2253.35368624] [1575.713317] 0.79
[1993.25974087] [1608.352916] 0.79
[2124.01606906] [1472.618333] 0.79
[2279.61791444] [1745.08545] 0.79
[2498.83835924] [1901.353867] 0.79
[2864.15466185] [1788.402283] 0.79
[2657.67424983] [2121.740017] 0.79
[2221.64076679] [1362.272463] 0.79
[2602.69983181] [1333.007467] 0.79
[2561.3320574] [1133.898317] 0.79
[2817.48212317] [1031.345807] 0.79
[2888.10474432] [1027.693683] 0.79
[2660.3727238] [1314.3785] 0.79
[2564.34777823] [678.243516] 0.79
[2915.37759245] [459.457086] 0.79
[2535.77313937] [461.435] 0.79
[2489.67558218] [-34.901983] 0.78
[2578.53088002] [-18.438329] 0.77
[2970.95076217] [-218.698733] 0.76
[2471.24329092] [-1009.095717] 0.75
[2236.54596679] [-914.010067] 0.74
[2020.99558271] [-341.08396] 0.73
[2171.81855298] [-411.89725] 0.72
[2811.44579278] [-365.192] 0.71
[2849.86449417] [-42.866667] 0.7
[2760.66274423] [-197.388333] 0.69
[3259.41532453] [-445.836717] 0.68
[3365.31294933] [-694.26745] 0.67
[3269.74332443] [-584.126417] 0.66
[3631.20163395] [-576.688333] 0.65
[3206.70521705] [-396.495] 0.64
[3317.51970358] [-697.678067] 0.63
[3112.9190078] [-713.98785] 0.62
[2893.43615078] [-380.53095] 0.61
[3073.20551365] [-718.16535] 0.6
[3336.8386374] [-416.11748] 0.59
[3198.13923875] [-224.847033] 0.58
[2882.48183704] [42.785433] 0.58
[2396.34423772] [-94.65014] 0.57
[2675.18694603] [-159.845] 0.56
[2798.12909899] [-315.8065] 0.55
[2835.9291429] [7.829817] 0.55
[3401.55913985] [63.931667] 0.55
[3092.54501282] [272.325883] 0.55
[3511.87434751] [357.569983] 0.56
[3444.11451226] [583.69] 0.57
[3391.60021707] [858.2145] 0.57
[3774.53955665] [1502.54] 0.58
[4011.73295114] [2347.376567] 0.59
[3556.55392146] [1975.812693] 0.6
[4319.3337351] [2079.929217] 0.61
[3927.42529229] [2032.675867] 0.62
[3843.84926169] [1660.299607] 0.63
[4096.56252454] [1617.098333] 0.64
[3773.96779523] [1833.1535] 0.65
[4094.2441534] [2341.95729] 0.66
[4360.868485] [2210.0531] 0.67
[4297.67117178] [2205.56455] 0.68
[4658.61498763] [1933.524867] 0.69
[3983.42380214] [1990.282617] 0.7
[4221.25171918] [1788.622533] 0.71
[4146.26759776] [1691.149367] 0.72
[4417.61412286] [1696.245333] 0.73
[4603.91434659] [1612.42695] 0.74
[4496.51640807] [1794.711053] 0.75
[4753.50325089] [1749.60625] 0.75
[4664.12490897] [1994.575167] 0.75
[4682.85629428] [2440.131683] 0.75
[4665.61941982] [2413.128] 0.75
[4493.76784222] [2879.14006] 0.76
[4138.05025844] [3061.35165] 0.76
[4056.46855215] [2763.709117] 0.76
[3929.32500442] [2383.411667] 0.76
[4217.90791701] [2309.847233] 0.76
[4384.54370901] [2309.154233] 0.76
[4378.96964753] [2335.86706] 0.76
[4540.20113433] [1155.591283] 0.76
[4629.66585242] [829.781267] 0.76
[4641.8176326] [-109.688417] 0.75
[4721.11209541] [839.021666] 0.75
[4661.01182222] [889.91706] 0.75
[3303.13394142] [1706.76992] 0.75
[3422.92152424] [2087.3972] 0.75
[4037.12231251] [1889.31016] 0.75
[4148.01175886] [1830.700383] 0.75
[3981.52262178] [2024.469517] 0.75
[3590.3751511] [2173.640133] 0.75
[4218.19793613] [2159.21] 0.75
[4045.97729082] [2598.412467] 0.75
[3832.89910051] [2343.581583] 0.75
[4109.39265873] [2361.158333] 0.75
[4223.89911975] [2930.710317] 0.75
[4293.00276562] [2613.36598] 0.75
[4342.8124863] [3581.80505] 0.75
[4327.54238504] [3563.863653] 0.75
[5033.8161875] [3253.693317] 0.75
[4828.58013165] [3395.392] 0.75
[4753.43355961] [3686.19194] 0.75
[4644.33932879] [3442.336683] 0.75
[4513.99275596] [3966.632] 0.75
[4462.51011758] [4595.758333] 0.75
[4103.48204264] [4499.092767] 0.75
[4031.82660371] [6412.34] 0.75
[4245.05353652] [9343.93461] 0.75
[4142.08174945] [10141.48215] 0.75
[4403.46767618] [8573.61415] 0.75
[4468.85579459] [9153.503417] 0.75
[4073.34581221] [8518.722467] 0.75
[4068.22273118] [10782.76333] 0.75
[4184.96003785] [9506.93675] 0.75
[4792.80220856] [8437.2793] 0.75
[5612.66807681] [9903.13] 0.75
[6156.3168003] [11681.542947] 0.75
[6525.28307749] [11272.245933] 0.75
[6484.79526777] [10912.13667] 0.75
[6793.46854816] [9677.31167] 0.75
[6891.37482095] [9114.905] 0.76
[6044.22971231] [7810.79] 0.77
[6805.04146992] [6939.966667] 0.78
[6967.1027449] [5069.202733] 0.79
[6334.56161277] [5180.375] 0.8
[5930.93090365] [4400.73328] 0.81
[5975.0144197] [3788.43118] 0.82
[5969.74122782] [5670.32167] 0.83
[5598.70714858] [4233.20967] 0.84
[5818.99503251] [3330.098] 0.85
[6845.33517441] [2335.694] 0.86
[8026.34548488] [2832.953] 0.87
[7596.20262052] [2211.17] 0.88
[7861.1526721] [3414.63667] 0.89
[8136.05640215] [1512.28167] 0.9
[9032.00072654] [-1462.73167] 0.9
[10678.18924025] [313.24] 0.91
[11518.61491095] [2176.36385] 0.92
[6357.04655075] [2286.145] 0.93
[8502.61648022] [196.95667] 0.94
[7697.35080955] [-2562.14] 0.94
[10258.32108533] [-2370.94667] 0.93
[8922.12103696] [-2955.516] 0.93
[6299.59418081] [-3859.018] 0.93
[5736.12483666] [-5707.49333] 0.93
[7178.27204303] [-5426.98] 0.92
[7951.05926769] [-4949.66067] 0.91
[10105.78429666] [-4182.97167] 0.9
[10625.45150137] [-6265.99333] 0.89
[10041.64127285] [-4702.08667] 0.88
[9287.15633256] [-4016.125] 0.87
[7120.21990771] [-825.81667] 0.86
[5251.96064042] [-2443.947] 0.85
[4375.04529027] [-2605.60833] 0.84
[12175.76249859] [-2517.876] 0.83
[8554.15138985] [-4307.06334] 0.82
[7070.39133693] [-2988.55167] 0.81
[5665.38289243] [-3244.195] 0.8
[10994.14441834] [-1690.79733] 0.79
[5988.38394676] [-2734.205] 0.78
[10717.65420729] [-2583.345] 0.77
[10357.60881347] [-4821.795] 0.76
[11122.8291782] [-4970.74167] 0.75
[11377.25762024] [-5955.981667] 0.74
[10772.20169717] [-8272.218333] 0.73
[10865.1200815] [-8466.468] 0.72
[11905.17388355] [-8755.301667] 0.71
[11647.90848267] [-8427.090003] 0.7
[14906.94031404] [-7788.79333] 0.69
[17146.75736853] [-6337.461667] 0.68
[17543.58629427] [-5056.257333] 0.67
[15912.16467822] [-5667.802] 0.66
[15939.31296108] [-5471.313434] 0.65
[15698.53671363] [-5509.465] 0.64
[17013.41013085] [-5944.176] 0.63
[16613.1357809] [-4956.3725] 0.62
[18801.1638419] [-1782.313337] 0.61
[19091.85030309] [-1873.78333] 0.6
[19497.49433896] [-1047.65833] 0.59
[23156.58921892] [-2108.80166] 0.58
[16709.44447345] [-419.398] 0.57
[19378.63723595] [-402.455] 0.56
[17826.98886598] [167.32767] 0.57
[17661.15589403] [-36.27833] 0.56
[17401.14995387] [-1460.958333] 0.55
[14387.42776722] [-807.69833] 0.54
[13130.59023068] [-1353.47667] 0.53
[12846.59964306] [-1734.776667] 0.52
[12181.99726557] [-864.05167] 0.51
[13433.34036196] [135.39833] 0.51
[12595.21405671] [287.645] 0.51
[12635.99011115] [1926.123337] 0.51
[11911.72764376] [2029.218333] 0.51
[12638.541487] [2474.21833] 0.51
[11788.21245467] [3029.533337] 0.51
[12835.89697267] [4678.013333] 0.51
[12912.79515103] [3837.73833] 0.51
[12515.16154983] [2018.099667] 0.51
[14371.07201713] [1679.923333] 0.51
[14537.55209363] [844.198333] 0.51
[14640.07636405] [426.125434] 0.51
[13646.76590416] [433.915] 0.51
[14177.59384618] [1114.823333] 0.51
[13825.04604119] [556.9325] 0.51
[13485.27310368] [-181.093333] 0.5
[14026.61591317] [-1113.518333] 0.49
[13484.08779677] [-1596.75967] 0.48
[14112.25257068] [-2544.10167] 0.47
[13492.36914738] [-2914.415] 0.46
[12774.97412433] [-2698.931667] 0.45
[9149.81649235] [-2784.75167] 0.44
[10758.59843834] [-2298.226667] 0.43
[12400.61220523] [-1240.663334] 0.42
[12353.12378722] [-1436.74667] 0.41
[10955.7952705] [-1508.921667] 0.4
[10713.3747925] [-1079.296666] 0.39
[10351.67654015] [-1890.64333] 0.38
[10723.85285272] [-2443.265] 0.37
[11038.62217092] [-2409.785] 0.36
[10153.43821039] [-3058.77167] 0.35
[10400.75439447] [-4048.588333] 0.34
[10824.64273004] [-4391.46833] 0.33
[10810.18024496] [-4492.62167] 0.32
[10632.02602258] [-4480.981667] 0.31
[10587.93861359] [-3352.76333] 0.3
[10405.2866504] [-2691.578] 0.29
[10000.13682232] [-3093.95] 0.28
[10523.23899193] [-2485.401666] 0.27
[8942.99274878] [-2111.322] 0.26
[8463.11185609] [-1759.713333] 0.25
[6984.20961045] [-2483.57] 0.24
[7820.20037994] [-2370.29] 0.23
[7920.54025026] [-2227.273333] 0.22
[7634.16370064] [-510.276667] 0.21
[7124.60982342] [-588.942] 0.2
[8747.95145752] [-261.378949] 0.2
[9015.19370767] [169.333333] 0.2
[8466.58307745] [-43.933333] 0.19
[9036.87187054] [-710.223074] 0.18
[9034.0031864] [-782.815907] 0.17
[10266.11432803] [-514.448333] 0.17
[11667.83030255] [127.348333] 0.18
[11342.17731812] [144.826667] 0.19
[11265.37885222] [313.303333] 0.2
[10777.69404513] [475.901667] 0.21
[9947.13775311] [1679.347] 0.22
[8924.15630419] [1697.73] 0.23
[8543.35330056] [1307.788333] 0.24
[8757.37232495] [2127.788333] 0.25
[7952.00238989] [1993.07] 0.26
[9206.78743973] [2396.721667] 0.27
[8785.25184071] [2223.721667] 0.28
[8402.08591281] [1829.115] 0.29
[9729.8809624] [1794.946] 0.3
[9591.19563998] [2812.758333] 0.31
[10343.48465927] [3149.473333] 0.32
[10708.4304533] [3168.626667] 0.33
[11301.32931521] [2612.47961] 0.34
[10918.69538784] [2932.166667] 0.35
[10017.45071592] [2444.198333] 0.36
[10205.24058583] [2395.775] 0.37
[9502.43665793] [1462.525] 0.38
[9422.74229346] [527.328] 0.39
[9524.05916074] [447.835616] 0.4
[9195.88545339] [122.771667] 0.41
[9024.78177357] [283.938333] 0.42
[9107.64244258] [616.041074] 0.43
[8354.78646828] [306.122574] 0.44
[7925.34475282] [-69.841667] 0.44
[7683.3150194] [-612.663333] 0.44
[8108.828252] [-568.125] 0.44
[8657.47715752] [-423.193333] 0.44
[9049.07261509] [-548.30548] 0.44
[9488.91294447] [-1158.912] 0.44
[9429.14538014] [-2102.37] 0.44
[8838.50925516] [-1692.205] 0.44
[9302.75836747] [-1433.54] 0.44
[8122.24348204] [-1585.641667] 0.44
[8310.0563349] [-1972.45] 0.44
[7158.49824277] [-1915.01] 0.44
[7372.41513265] [-1779.673333] 0.44
[8095.73153612] [-1836.031] 0.44
[11000.58373303] [-2252.548333] 0.43
[8071.54984051] [-2218.203333] 0.43
[7782.39819612] [-2158.16] 0.43
[7660.59016463] [-1992.996277] 0.43
[7335.56054375] [-2131.166667] 0.43
[7311.28913553] [-1612.886191] 0.43
[6943.34816342] [-1702.611667] 0.43
[6127.76618957] [-1634.098333] 0.42
[5670.40897346] [-848.634667] 0.41
[6137.14391492] [-868.806667] 0.4
[5882.32755161] [-1686.631667] 0.39
[6295.66098285] [-1776.36] 0.38
[6646.76847613] [-1632.148] 0.37
[7497.12221846] [-2155.36] 0.36
[7628.16207349] [-1459.105] 0.35
[7931.7478282] [-1602.645] 0.34
[8246.65006061] [-1729.653333] 0.33
[8068.22127172] [-2042.995] 0.32
[8551.56781762] [-1939.766187] 0.31
[8455.66929663] [-1659.63] 0.3
[8067.26954105] [-841.021667] 0.29
[8323.7350021] [-805.363333] 0.28
[8306.19930848] [-1244.206667] 0.28
[8337.75621148] [-1201.3025] 0.28
[8299.17259024] [-1191.371667] 0.28
[9730.84078774] [-1133.1125] 0.28
[10220.58416176] [-1241.281667] 0.28
[8639.58722636] [-1287.935] 0.28
[8425.18042683] [-1278.823846] 0.28
[9279.96353687] [-1626.444167] 0.28
[10292.24256117] [-1421.866667] 0.28
[10058.82692246] [-1262.385833] 0.28
[9872.70420214] [-1034.204166] 0.28
[9566.71630432] [-989.282142] 0.28
[9937.65451816] [-1026.140833] 0.28
[10093.45973768] [-1072.895] 0.28
[9805.24738133] [-1064.643333] 0.28
[9887.25402514] [-1021.258333] 0.28
[9693.74851555] [-23.329166] 0.28
[9633.20185841] [-151.638333] 0.28
[9086.00630562] [-368.518333] 0.28
[9101.71072619] [61.663333] 0.29
[8543.13425411] [-243.833333] 0.29
[8238.00941964] [-393.0525] 0.29
[8021.58277289] [-268.426667] 0.29
[8038.66317868] [-215.571667] 0.29
[8064.37033742] [68.600833] 0.3
[8608.0888249] [132.910833] 0.31
[8245.70331621] [606.901667] 0.32
[8017.93560188] [635.571667] 0.33
[7972.32772294] [1095.471667] 0.34
[8095.93354316] [1193.384167] 0.35
[8122.75995352] [1280.829167] 0.36
[8172.60481284] [1478.436667] 0.37
[8017.44957743] [1496.505] 0.37
[6895.23576665] [2153.705] 0.38
[7037.39698378] [2079.428013] 0.39
[6449.152403] [2031.1075] 0.4
[7069.40528605] [1958.971667] 0.41
[7341.21041079] [1831.5875] 0.41
[7447.74984714] [1754.840833] 0.41
[7623.59655788] [1290.360833] 0.41
[7417.57059141] [977.58] 0.41
[7661.70590285] [1004.323333] 0.41
[7747.0266279] [838.989167] 0.41
[7874.29351575] [653.4875] 0.41
[8093.10355254] [257.720833] 0.41
[8114.75206346] [264.039167] 0.41
[8004.35081035] [482.721666] 0.41
[7067.62029915] [340.866667] 0.41
[6668.86229072] [-6.4075] 0.4
[6851.51998586] [152.137167] 0.4
[6174.23644996] [-102.04] 0.39
[6240.98749917] [62.291667] 0.39
[6431.21754545] [-167.320833] 0.38
[6581.21156626] [-617.780833] 0.37
[6750.04356303] [-958.943077] 0.36
[7179.30783978] [-1053.772436] 0.35
[7373.33542018] [-1115.295] 0.34
[7314.97460975] [-898.269167] 0.33
[7100.63559244] [-1047.225834] 0.32
[6705.68091639] [-1203.304167] 0.31
[6949.88342632] [-1313.853846] 0.3
[6547.84422766] [-1675.935833] 0.29
[6449.15755206] [-1832.754167] 0.28
[5992.83787453] [-1396.164286] 0.27
[6941.97620613] [-1462.822436] 0.27
[6784.02164421] [-1468.071667] 0.27
[6505.46406538] [-1501.643846] 0.27
[6656.84188743] [-916.760833] 0.27
[6721.31043341] [-492.679167] 0.27
[6412.02921546] [-675.0375] 0.27
[6842.02468431] [-412.553013] 0.27
[6551.37755074] [-228.989167] 0.27
[6716.76533573] [236.655385] 0.28
[6877.10196091] [272.870064] 0.29
[6522.00983325] [271.566667] 0.3
[6338.35520288] [394.839231] 0.31
[6422.98979716] [36.499167] 0.32
[6249.66177571] [104.695333] 0.33
[6305.41323821] [227.1475] 0.34
[6228.79348174] [-24.705834] 0.34
[6091.17447446] [-106.09] 0.34
[6077.12171541] [44.190833] 0.35
[5919.14569101] [-89.539423] 0.35
[5874.22336878] [-16.589231] 0.35
[6016.28640966] [186.3125] 0.36
[6057.37906115] [81.934167] 0.37
[6043.77053108] [118.326667] 0.38
[6205.60152692] [-85.979167] 0.38
[6530.52314733] [-104.614487] 0.38
[7174.35634709] [-232.839167] 0.38
[7373.05834418] [63.992667] 0.39
[7433.64565715] [126.345119] 0.4
[7529.35762221] [36.690769] 0.41
[7749.36400456] [-27.825] 0.41
[7699.36350116] [-79.961987] 0.41
[7968.59938078] [-416.59] 0.41
[8082.54797151] [-609.558333] 0.41
[7969.81558924] [-397.185833] 0.41
[8325.68537653] [-295.866154] 0.41
[8216.45851325] [-468.305833] 0.41
[8187.80863179] [-654.800385] 0.41
[8266.25178129] [-649.929231] 0.41
[8229.02933631] [-702.438333] 0.41
[7946.06661325] [-642.666731] 0.41
[7869.70237343] [50.458333] 0.42
[7448.4829001] [67.359167] 0.43
[6659.97338594] [215.379167] 0.44
[6455.70232627] [287.194167] 0.45
[6265.10976793] [377.587692] 0.46
[6951.89134669] [325.390834] 0.47
[6869.47355694] [353.7125] 0.48
[6631.0675312] [-77.404167] 0.48
[6427.94688349] [-238.531667] 0.48
[6609.90044367] [-271.655] 0.48
[5941.62946852] [-222.990833] 0.48
[6570.67767393] [51.970834] 0.49
[6442.43458389] [302.538333] 0.5
[6466.64655839] [253.886154] 0.51
[6210.75948723] [149.478102] 0.52
[6558.91959819] [-160.380833] 0.51
[6434.90170536] [-267.294167] 0.51
[6704.07767754] [-178.843333] 0.51
[6715.18834207] [-134.524167] 0.51
[6865.36283871] [-102.024] 0.51
[6687.03123845] [39.678333] 0.51
[6705.73779121] [-45.706667] 0.5
[6747.10755524] [-212.326667] 0.49
[6704.81049648] [-84.556667] 0.48
[6825.13481984] [-135.925] 0.47
[7095.01685773] [-228.351667] 0.46
[7268.28089777] [-253.18881] 0.45
[7339.31713202] [-168.7925] 0.44
[7228.64731631] [-141.449167] 0.43
[7085.39134332] [-180.875] 0.42
[6825.65580038] [-191.066667] 0.41
[6740.09376481] [-181.746667] 0.4
[6683.49918891] [-181.602692] 0.39
[6389.72612008] [-183.951667] 0.38
[6235.92362579] [-88.06] 0.37
[6114.12579858] [237.615834] 0.37
[6344.80559502] [184.439167] 0.37
[6278.99964404] [152.033333] 0.37
[6255.97080893] [78.869166] 0.37
[6167.986387] [-44.041667] 0.36
[6228.51102152] [-227.106667] 0.35
[6830.18923649] [-420.121154] 0.34
[6801.17937243] [-811.270769] 0.33
[6899.14303403] [-913.4175] 0.32
[6574.7236962] [-930.5825] 0.32
[6322.10422468] [-959.161667] 0.31
[6139.75852594] [-1200.8375] 0.31
[6113.43235285] [-1809.456] 0.3
[6176.29315609] [-2016.33] 0.3
[6363.26041813] [-1940.9725] 0.3
[6439.9959578] [-2164.415833] 0.3
[6459.22179965] [-2112.9375] 0.3
[6398.14497805] [-2633.698333] 0.3
[6420.88941469] [-2462.131666] 0.3
[6462.45799724] [-2516.102857] 0.3
[6441.81823509] [-2198.156154] 0.3
[6524.58930375] [-2078.4975] 0.3
[6515.63642267] [-2108.904167] 0.3
[6570.80200176] [-2273.6425] 0.3
[6556.06858118] [-2224.326666] 0.3
[6519.04928457] [-2296.365] 0.3
[6481.39846292] [-2476.266667] 0.3
[6468.63494847] [-2680.440833] 0.3
[6548.74964996] [-2741.271667] 0.3
[6645.28430229] [-3039.326667] 0.3
[6776.35868746] [-2963.693333] 0.3
[6879.20166633] [-2924.608333] 0.3
[6926.82819636] [-2884.57] 0.3
[6847.1775736] [-2945.873333] 0.29
[6510.66516246] [-2768.875] 0.28
[6460.87541959] [-2350.0075] 0.27
[6351.47617339] [-2317.818333] 0.26
[6351.20131317] [-2315.823333] 0.25
[6305.90309274] [-2301.201667] 0.24
[6345.38068669] [-1911.5375] 0.23
[6193.07858714] [-1115.43] 0.23
[6149.79676217] [-683.9375] 0.23
[5967.52063467] [-565.946667] 0.22
[6206.55836086] [-174.1475] 0.22
[6012.47373157] [-442.006667] 0.22
[6384.05738847] [203.966666] 0.22
[6161.13613434] [74.633333] 0.22
[5819.79789013] [20.53] 0.22
[5814.14590164] [-278.074679] 0.22
[6119.24501232] [-415.573333] 0.22
[6231.72056021] [-534.865] 0.22
[6089.97637201] [-204.491667] 0.21
[6036.54459007] [-397.186667] 0.2
[6346.69434426] [-349.054167] 0.19
[6441.65195887] [-209.221666] 0.19
[6497.38993699] [-2.469167] 0.19
[6428.1584314] [120.8175] 0.2
[6252.25696837] [416.983334] 0.21
[5853.40071281] [421.28] 0.22
[6064.79867452] [466.796667] 0.23
[5657.80151829] [512.133333] 0.24
[5579.02558203] [606.06] 0.25
[5681.76325706] [626.858333] 0.26
[6197.81315382] [405.823333] 0.27
[6140.95074479] [367.875833] 0.28
[5766.38137813] [403.925833] 0.28
[5879.75916164] [328.603334] 0.28
[5837.15447122] [139.555] 0.28
[5657.23434961] [100.245] 0.28
[5191.2230133] [-186.771667] 0.27
[5302.82803355] [-361.420833] 0.26
[5192.35455253] [-502.795] 0.25
[5506.44951371] [-220.45] 0.25
[5506.97001393] [-323.498333] 0.25
[5106.86710283] [-446.7425] 0.25
[4550.04578103] [-273.86] 0.25
[4622.08628815] [-238.029167] 0.24
[4418.02483473] [-281.81] 0.23
[4441.72381193] [-157.655] 0.22
[3898.55032546] [-334.495833] 0.21
[4040.47446974] [-194.06] 0.21
[3979.73944602] [-237.045833] 0.21
[4197.74550771] [-303.691667] 0.21
[4232.9296128] [-434.28] 0.21
[4188.36695222] [-395.7975] 0.21
[4210.57741778] [-377.816667] 0.2
[4639.92597907] [-381.29] 0.2
[4542.26444166] [-414.236667] 0.2
[4014.12026609] [-580.073333] 0.2
[4058.7231808] [-579.9] 0.2
[3766.14995858] [-566.798333] 0.2
[3450.15710744] [-406.885833] 0.2
[3503.55628849] [-251.49] 0.2
[3537.37615857] [14.734167] 0.21
[3606.51730745] [64.538333] 0.22
[3506.70621364] [154.33] 0.23
[3457.95863281] [-27.315] 0.23
[3381.13501931] [11.149167] 0.24
[3192.36629518] [-6.93] 0.24
[3272.56826713] [-32.085] 0.24
[3405.40743175] [-82.323333] 0.23
[3494.49104787] [-84.43] 0.22
[3735.52471254] [122.3125] 0.22
[3465.17737661] [370.78] 0.22
[3603.32636288] [339.18] 0.23
[3782.29872503] [420.78] 0.24
[3781.58452305] [358.63] 0.25
[3806.9750536] [405.69] 0.26
[3827.29392779] [563.3] 0.27
[3704.90668438] [212.39] 0.28
[3841.60444977] [399.75] 0.29
[3819.1410084] [409.85] 0.3
[3754.69182613] [363.23] 0.31
[3844.55484588] [405.27] 0.32
[3788.87263514] [359.29] 0.33
[3797.44146317] [325.22] 0.34
[3823.15031435] [358.56] 0.35
[3846.32734901] [278.63] 0.36
[3804.88232706] [404.91] 0.37
[3807.69656836] [471.15] 0.38
[3861.94748531] [492.06] 0.39
[3918.79267548] [214.88] 0.4
[4004.04754076] [286.18] 0.41
[4072.64199233] [241.88] 0.42
[4056.58220562] [251.62] 0.43
[4005.43160492] [260.09] 0.44
[3491.66921839] [263.27] 0.45
[3713.99398695] [284.9] 0.46
[3686.72995373] [328.3] 0.47
[3520.21777214] [396.4] 0.48
[3729.4369112] [324.18] 0.49
[3734.04287705] [87.97] 0.5
[4026.52228497] [102.58] 0.51
[3969.21176322] [69.22] 0.52
[4009.64637261] [47.46] 0.53
[3821.42788447] [15.58] 0.54
[3744.79529434] [-127.68] 0.54
[3731.16860032] [227.22] 0.55
[3455.93025757] [87.56] 0.56
[3607.14807923] [116.29] 0.57
[3508.87110016] [215.28] 0.58
[3430.35888243] [187.29] 0.59
[3496.21205413] [280.93] 0.6
[3529.92843371] [283.] 0.61
[3524.35986932] [299.58] 0.62
[3519.5717198] [421.55] 0.62
[3418.40087013] [1010.63] 0.62
[3466.66987925] [1082.96] 0.62
[3515.24371269] [1024.42] 0.63
[3522.89566345] [1152.81] 0.64
[3453.39431791] [1102.96] 0.65
[3420.02135408] [1261.22] 0.66
[3372.47742163] [1387.62] 0.67
[3292.81817401] [1283.3] 0.68
[3288.0075445] [1432.41] 0.69
[3457.35863324] [1149.81] 0.7
[3450.33541986] [1136.35] 0.7
[3538.97185605] [1048.67] 0.7
[3541.26373243] [1157.59] 0.7
[3592.78437227] [1037.41] 0.7
[3599.66130359] [1167.54] 0.7
[3639.86959758] [1163.97] 0.7
[3613.66054006] [1283.97] 0.7
[3632.80489371] [1277.98] 0.7
[3618.46100404] [1297.36] 0.7
[3677.80367883] [1287.72] 0.7
[3741.09908143] [1441.3] 0.7
[3772.82787325] [1570.42] 0.7
[3691.87382205] [1385.68] 0.7
[3714.61992035] [1158.24] 0.71
[3805.32650027] [1177.28] 0.72
[3666.89421301] [1165.75] 0.73
[3773.50767046] [1187.13] 0.74
[3786.10143489] [1108.12] 0.75
[3843.2835111] [386.91] 0.76
[3888.39822332] [366.86] 0.77
[3961.94474002] [478.92] 0.78
[4173.10708939] [628.37] 0.79
[4333.35802244] [717.56] 0.8
[4204.36854587] [528.27] 0.81
[4106.80942962] [415.76] 0.82
[4201.10851533] [579.91] 0.83
[4231.10240775] [626.54] 0.84
[4146.87416776] [1111.89] 0.85
[4012.14828055] [1275.17] 0.86
[4006.13787395] [2183.69] 0.87
[4294.73837665] [1826.12] 0.88
[3914.46596224] [2786.93] 0.89
[4010.33749587] [2796.04] 0.9
[4023.99750817] [2986.53] 0.91
[4211.56257123] [2609.65] 0.92
[4294.3086656] [2085.18] 0.93
[4340.84340615] [1955.77] 0.94
[4358.30716093] [2911.87] 0.94
[4282.40875695] [2629.84] 0.94
[4283.14575277] [2434.34] 0.94
[4167.27356537] [2191.74] 0.95
[4292.11371517] [2684.68] 0.95
[4177.70050377] [2710.43] 0.96
[4368.70186889] [2791.26] 0.97
[3984.6930323] [3443.13] 0.98
[4351.11414334] [3509.41] 0.99
[4235.12977369] [3450.09] 0.99
[4145.57450422] [3336.31] 0.99
[4358.86080611] [2882.3] 0.99
[4416.36962936] [2896.67] 0.99
[4559.24503583] [2783.72] 0.99
[4866.57173427] [3021.37] 0.99
[4778.01817456] [2450.45] 0.99
[4925.24817637] [1920.08] 0.99
[4864.01088138] [1849.32] 0.99
[4945.46885295] [1656.32] 0.99
[5164.97724442] [1650.27] 0.99
[5414.87476448] [683.03] 0.99
[5481.28710418] [661.98] 0.99
[5339.61990453] [197.27] 0.99
[5459.72567461] [-75.11] 0.98
[5404.96714583] [-33.84] 0.97
[6009.94645703] [351.92] 0.97
[6080.55896154] [1331.38] 0.97
[5417.93013341] [1594.42] 0.97
[5345.11457254] [785.29] 0.97
[5413.9020018] [1320.45] 0.97
[5277.46814587] [1123.68] 0.97
[5392.44363407] [1655.77] 0.97
[5395.38692955] [1651.06] 0.97
[5746.54530374] [2206.12] 0.97
[5859.62112157] [2597.18] 0.97
[5926.89528674] [2070.06] 0.97
[5998.53401741] [2247.44] 0.97
[6241.8415452] [3046.52] 0.97
[5951.41894922] [4269.57] 0.97
[5975.86461278] [2860.39] 0.97
[5764.90463106] [3820.54] 0.97
[5593.76742058] [3335.58] 0.97
[5473.5371544] [1998.7] 0.97
[5410.91599268] [2443.8] 0.98
[5294.97124599] [3129.6] 0.98
[5127.4680185] [4198.72] 0.98
[5730.23951555] [3357.26] 0.98
[6055.85263365] [2956.87] 0.98
[5827.0530067] [3300.7] 0.98
[5897.16409909] [3836.4] 0.98
[5642.79685955] [4292.7] 0.98
[7196.23301286] [4669.2] 0.98
[7100.97762988] [3926.84] 0.98
[7186.15657848] [3114.99] 0.98
[7744.76196029] [3110.37] 0.98
[7570.06521716] [2529.63] 0.98
[8742.92086874] [1207.97] 0.98
[8914.04077379] [1546.02] 0.98
[8915.76019508] [321.54] 0.98
[9678.43680057] [392.58] 0.98
[8268.93580623] [1107.21] 0.98
[8768.17703504] [326.37] 0.98
[9997.9945389] [96.27] 0.98
[9959.28861742] [-227.07] 0.97
[9577.56664154] [-693.88] 0.96
[9221.01626361] [-1922.1] 0.95
[9687.62061063] [-3160.38] 0.94
[10733.49716091] [-1257.68] 0.93
[8312.63281083] [-2525.7] 0.92
[9699.96943346] [-2416.39] 0.91
[10257.29685474] [-1207.73] 0.9
[8968.39969761] [-1077.39] 0.89
[8777.60039195] [-1216.27] 0.88
[7964.06303835] [-1900.06] 0.87
[8149.54969813] [-753.32] 0.86
[8081.5369609] [-425.61] 0.85
[7913.83562178] [-417.47] 0.84
[7785.57225253] [-496.78] 0.83
[8891.30363598] [-525.09] 0.82
[9269.94629573] [-1121.11] 0.81
[9511.22332092] [-139.08] 0.8
[8587.21309966] [643.54] 0.8
[8518.73621747] [52.67] 0.8
[7959.82454019] [-106.88] 0.79
[8104.00079144] [1379.88] 0.79
[7745.32010135] [512.76] 0.79
[6815.92757171] [1460.4] 0.79
[6604.00759957] [342.68] 0.79
[7423.02482849] [-336.39] 0.78
[8771.47350442] [-176.31] 0.77
[8690.24754497] [-550.38] 0.76
[9487.94010693] [-269.81] 0.75
[9824.32944043] [593.64] 0.75
[9682.50384069] [916.26] 0.75
[9882.77113215] [357.23] 0.75
[10317.43590599] [236.81] 0.75
[10800.74640383] [557.16] 0.75
[10587.66660015] [669.81] 0.75
[10634.31935905] [605.06] 0.75
[10593.99470594] [858.95] 0.75
[13526.47596335] [582.82] 0.75
[10605.01315526] [-366.88] 0.74
[12592.42992363] [-922.62] 0.73
[12105.94132788] [-951.56] 0.72
[11014.37034989] [-1213.67] 0.71
[11082.63270449] [-1210.44] 0.7
[11357.10384074] [-1401.35] 0.69
[12574.71439535] [-844.38] 0.68
[12604.82298179] [-1376.66] 0.67
[12891.9739735] [-1418.61] 0.66
[12873.43523609] [-1539.17] 0.65
[13094.40560212] [-795.01] 0.64
[13097.60346769] [-1160.53] 0.63
[12919.03876829] [-1072.6] 0.62
[12353.12059287] [-757.09] 0.61
[11417.23940688] [142.36] 0.61
[11517.01735603] [117.99] 0.61
[10875.66098075] [4.46] 0.61
[10444.82515598] [146.81] 0.61
[10997.05014761] [-7.17] 0.6
[9428.26961387] [-651.63] 0.59
[10203.78178731] [-570.2] 0.58
[11166.97297215] [28.19] 0.58
[11111.65653271] [163.9] 0.59
[10253.29137721] [-232.7] 0.59
[10046.27093834] [-164.31] 0.58
[9519.88094341] [-102.01] 0.57
[9132.72293644] [-676.9] 0.56
[9138.67095552] [-1618.34] 0.55
[9643.60896921] [-1285.59] 0.54
[9809.11498735] [-1428.91] 0.53
[8952.57776565] [-1384.09] 0.52
[8948.4895567] [-1375.9] 0.51
[9300.01416378] [-1713.05] 0.5
[9750.12132572] [-2078.9] 0.49
[11461.37489691] [-2298.37] 0.48
[11061.58036879] [-2202.13] 0.47
[12170.35709234] [-2341.63] 0.46
[12012.02683252] [-2161.99] 0.45
[11579.12743511] [-2339.52] 0.44
[12074.18132495] [-2536.57] 0.43
[11679.9861595] [-2101.64] 0.42
[11822.79123088] [-1911.03] 0.41
[11683.49971818] [-1571.4] 0.4
[11189.3014708] [-1833.26] 0.39
[11102.44726842] [-2094.17] 0.38
[10821.81038247] [-2053.32] 0.37
[10940.24442061] [-2026.67] 0.36
[10667.11689348] [-1912.09] 0.35
[10159.08475565] [-2028.2] 0.34
[10028.93720546] [-2155.08] 0.33
[10205.17373927] [-2199.1] 0.32
[9885.19592686] [-2218.96] 0.31
[9807.87482656] [-2019.45] 0.3
[10380.69691434] [-1801.99] 0.29
[10421.88042284] [-1460.86] 0.28
[10065.89680816] [-526.85] 0.27
[10061.05205481] [-962.67] 0.26
[10375.76429402] [-623.76] 0.25
[10176.85156782] [472.89] 0.25
[10346.3767098] [1034.8] 0.25
[10052.68797757] [1494.8] 0.25
[9465.70864242] [911.02] 0.25
[9687.62788624] [1110.43] 0.26
[10311.67482728] [782.59] 0.27
[9582.87498856] [911.81] 0.28
[9837.37521415] [1097.51] 0.29
[9819.37260671] [1153.49] 0.3
[10048.89395188] [1336.42] 0.31
[10032.31100573] [1206.03] 0.32
[9885.59125251] [1120.19] 0.33
[10183.34790425] [755.42] 0.34
[10101.37673858] [617.34] 0.35
[10309.39278324] [496.31] 0.36
[10599.36020591] [501.4] 0.37
[10663.04643085] [753.36] 0.38
[10903.08353765] [364.27] 0.39
[10744.91527135] [639.36] 0.4
[10520.95513587] [759.91] 0.41
[10098.06400244] [555.54] 0.42
[9935.30914451] [503.54] 0.43
[9919.15701981] [522.66] 0.43
[9874.10218749] [272.87] 0.43
[9965.18427453] [-46.53] 0.43
[10078.75904308] [94.04] 0.43
[10064.41804708] [612.25] 0.43
[9916.81729596] [185.19] 0.43
[9723.70826443] [-1380.44] 0.42
[9670.99313946] [-1935.77] 0.42
[9602.69697666] [-2644.14] 0.42
[8658.39860102] [-2088.51] 0.42
[8525.47857496] [-2269.72] 0.42
[7854.76989977] [-1640.79] 0.41
[8249.21537092] [-1716.98] 0.4
[8893.73876056] [-1495.52] 0.39
[9338.1522992] [-1743.46] 0.38
[9516.42073839] [-1803.47] 0.37
[9017.64945082] [-2108.46] 0.36
[8757.1648797] [-2013.42] 0.35
[9737.2765465] [-2150.49] 0.34
[8467.85202367] [-1808.27] 0.33
[7504.27372474] [-1218.85] 0.33
[7677.2026784] [-1304.58] 0.33
[8652.47077908] [-1514.73] 0.33
[8772.76022154] [-1380.39] 0.33
[8607.16864597] [-1580.76] 0.33
[8215.82495508] [-1560.11] 0.33
[7743.142875] [-1443.16] 0.33
[7451.32950844] [-1205.82] 0.33
[7779.06919107] [-1414.96] 0.33
[7495.95661108] [-1392.79] 0.33
[7575.57252721] [-1296.45] 0.33
[7493.19808703] [-1508.68] 0.33
[7617.08113922] [-797.52] 0.33
[7687.53357707] [-466.21] 0.33
[7469.15005677] [-96.18] 0.32
[7663.84458527] [-180.83] 0.31
[7922.79236454] [607.01] 0.31
[7420.31218217] [191.83] 0.31
[6858.35433906] [87.06] 0.32
[7835.06630553] [-331.11] 0.32
[9427.12624626] [-236.6] 0.32
[9476.21937229] [-513.54] 0.31
[9749.7345808] [-256.65] 0.3
[9086.94991122] [-17.33] 0.3
[9449.32958838] [-89.99] 0.3
[9093.36785334] [-128.46] 0.3
[8850.91955934] [-17.17] 0.3
[8795.67274834] [-451.64] 0.3
[9116.12538398] [-220.84] 0.3
[9169.5950072] [-156.94] 0.3
[9093.24802853] [-170.82] 0.3
[9052.81466872] [421.82] 0.31
[8799.91808196] [944.71] 0.32
[8762.73365559] [840.34] 0.33
[8697.89184285] [628.76] 0.34
[8406.15297626] [932.79] 0.35
[8782.79673571] [953.75] 0.36
[8543.97738193] [1062.83] 0.37
[8606.41582793] [1225.7] 0.38
[8539.26188617] [2230.3] 0.39
[8132.87130613] [1529.6] 0.4
[7945.20870514] [1571.17] 0.41
[8061.80244379] [1710.17] 0.42
[8314.41049074] [1767.65] 0.43
[7936.37128436] [1188.95] 0.44
[8353.3070587] [1304.39] 0.45
[8429.01035912] [1471.57] 0.46
[7602.14870777] [1466.22] 0.47
[7675.21394702] [1193.71] 0.48
[7911.27882815] [1184.24] 0.49
[7714.30265485] [1026.29] 0.5
[7857.82315882] [1203.06] 0.51
[7507.28025493] [1676.18] 0.52
[7491.57459564] [2217.38] 0.53
[7418.45068931] [2104.13] 0.54
[7813.46246344] [2558.04] 0.55
[7537.17434464] [2007.42] 0.56
[7452.59192028] [2030.2] 0.57
[7379.61653235] [1962.99] 0.57
[7405.099029] [1402.9] 0.57
[7410.63237271] [996.67] 0.57
[7696.50924067] [1572.25] 0.57
[7843.85543171] [1937.74] 0.57
[7634.41763867] [1622.88] 0.57
[7630.98200062] [1885.63] 0.57
[7248.75248425] [1988.44] 0.57
[7906.21894624] [1749.55] 0.57
[7816.58898011] [1432.96] 0.57
[8229.03361257] [1540.41] 0.57
[7952.72434296] [1520.4] 0.57
[7489.74532472] [1468.19] 0.57
[7499.93206651] [993.32] 0.57
[7603.57020977] [1234.31] 0.57
[7068.17381333] [1077.46] 0.57
[6985.30080267] [1458.39] 0.57
[7260.01634612] [945.78] 0.57
[7080.42603087] [1218.75] 0.57
[6791.81203916] [1268.41] 0.57
[6783.14175226] [1342.27] 0.57
[6841.03974479] [1400.97] 0.57
[7081.62113876] [767.97] 0.57
[7044.91963115] [-76.54] 0.56
[7264.2293474] [-494.29] 0.56
[7265.01805832] [-697.65] 0.55
[7010.66693022] [-621.42] 0.54
[7336.42959201] [-843.92] 0.53
[7301.66314976] [-401.74] 0.53
[7166.83304167] [-249.32] 0.53
[6629.93497563] [-407.8] 0.53
[6889.41653441] [-856.] 0.53
[7164.6340291] [-688.27] 0.53
[7493.67476779] [-651.65] 0.53
[7922.68444327] [-1008.49] 0.53
[8914.19228208] [-2123.03] 0.53
[8541.54113168] [-1922.85] 0.53
[8649.21151425] [-2389.92] 0.53
[7909.94973918] [-2417.65] 0.53
[8848.39081761] [-5412.22] 0.53
[8249.74013092] [-4759.5] 0.53
[8384.0962573] [-4737.91] 0.53
[8131.23259852] [-4589.23] 0.53
[8231.51954734] [-4677.58] 0.53
[8507.23756261] [-4823.04] 0.53
[9058.45660301] [-4194.49] 0.53
[8292.54792632] [-3411.66] 0.53
[9019.38800603] [-3470.14] 0.53
[9275.32518618] [-3479.78] 0.53
[9341.54834053] [-4166.77] 0.53
[9252.65439334] [-3161.59] 0.53
[9042.4920787] [-2540.66] 0.53
[8434.0394152] [-2087.06] 0.53
[8424.08358127] [-2040.97] 0.53
[8389.06506614] [-2343.26] 0.53
[8763.16329163] [-2273.22] 0.53
[8771.1219801] [-3027.41] 0.53
[9631.39855357] [-2507.53] 0.53
[9103.60515343] [-2326.06] 0.52
[9626.10108346] [-2106.03] 0.51
[9430.76543851] [-2258.28] 0.5
[9597.47385238] [-2414.22] 0.5
[9296.55316924] [-2026.94] 0.5
[9224.84673098] [-1261.94] 0.5
[9110.44538049] [-588.74] 0.5
[9382.13640624] [-679.91] 0.5
[9382.24100506] [-571.62] 0.5
[9501.5198104] [2463.48] 0.51
[7660.1038662] [1264.21] 0.52
[9388.01380785] [1725.34] 0.53
[8828.02534155] [1566.93] 0.54
[9707.94884497] [1831.31] 0.55
[9317.41728884] [1514.34] 0.56
[9619.0793925] [1213.57] 0.56
[9960.10569972] [917.07] 0.56
[9170.70361059] [808.45] 0.56
[9698.87731189] [1069.51] 0.56
[9912.49220753] [1307.42] 0.56
[10624.23285873] [338.08] 0.56
[8892.64572146] [84.03] 0.56
[9832.54239204] [432.53] 0.56
[10552.1783717] [713.85] 0.56
[10970.30034276] [1137.99] 0.56
[10108.67560467] [1288.57] 0.56
[9000.97465673] [1813.86] 0.56
[6939.76609258] [1385.37] 0.56
[8078.64366624] [1337.05] 0.56
[8898.20975251] [2124.76] 0.56
[8374.52837371] [1819.66] 0.56
[8380.74525145] [2082.99] 0.56
[8803.69271512] [2102.13] 0.56
[8887.69216648] [2126.51] 0.56
[8983.96681087] [1542.73] 0.56
[8887.5838137] [1825.41] 0.56
[8942.44888664] [1805.76] 0.56
[9224.91908066] [2708.79] 0.56
[8790.286923] [2948.56] 0.56
[8173.97445838] [2635.79] 0.56
[7532.3565939] [1839.09] 0.56
[7712.92575345] [1759.59] 0.56
[7775.98527414] [1942.58] 0.56
[4796.57833553] [2682.13] 0.56
[5987.17440761] [2678.04] 0.56
[5565.10767567] [2268.7] 0.56
[5940.39274508] [2126.34] 0.56
[5668.20822096] [2539.36] 0.56
[6002.62887455] [2879.13] 0.56
[5767.57294768] [2933.22] 0.56
[6118.45210286] [2379.68] 0.56
[5799.25862929] [1579.97] 0.56
[6259.78872162] [1660.18] 0.56
[6179.23066105] [1628.8] 0.56
[6462.82519935] [1031.46] 0.56
[6786.26494196] [1109.] 0.56
[7037.02339517] [1077.52] 0.56
[7206.41121521] [419.91] 0.56
[7088.35977358] [940.44] 0.56
[6781.3459748] [601.32] 0.56
[6134.39289349] [724.28] 0.56
[6687.81946733] [546.89] 0.56
[6766.18289474] [1318.3] 0.56
[7063.58458628] [494.61] 0.56
[7648.99199896] [487.25] 0.56
[7735.62071036] [-207.92] 0.56
[7926.09385886] [-198.05] 0.56
[7550.85344787] [143.04] 0.57
[7942.84909541] [999.39] 0.58
[7485.12435575] [1165.34] 0.59
[7413.69272898] [960.62] 0.6
[7136.96311483] [586.2] 0.61
[7263.48799577] [-503.89] 0.61
[7048.18276155] [156.38] 0.62
[6909.22892038] [87.8] 0.63
[7002.15892667] [-339.33] 0.63
[7532.75501737] [-292.67] 0.63
[7462.96341321] [-259.74] 0.63
[7527.84966701] [-55.86] 0.63
[7557.38124591] [322.46] 0.64
[7707.61847036] [132.89] 0.65
[7197.59480664] [179.11] 0.66
[6868.25989629] [554.05] 0.67
[6829.49366442] [792.24] 0.68
[6884.40097438] [778.64] 0.69
[6908.87342911] [79.04] 0.7
[7514.45425268] [-328.36] 0.7
[7510.15401051] [-271.53] 0.7
[8373.13242269] [-693.87] 0.7
[7978.7184282] [-323.37] 0.7
[7760.39080327] [-1018.88] 0.7
[8788.89118416] [-391.6] 0.7
[8130.59736347] [-421.66] 0.7
[8682.42602637] [-706.58] 0.7
[9097.8622883] [-551.33] 0.7
[8987.63768722] [-539.12] 0.7
[9447.57711164] [-664.76] 0.7
[8703.04681594] [-433.68] 0.7
[9226.36185817] [-518.92] 0.7
[10279.34157733] [-452.06] 0.7
[10282.70917105] [-48.38] 0.7
[9580.73096894] [-172.57] 0.7
[9962.31979825] [-237.54] 0.7
[8970.19146867] [-34.17] 0.7
[9132.48369977] [-188.57] 0.7
[9400.29332256] [-271.48] 0.7
[10042.32550053] [-261.3] 0.7
[9511.38193884] [-249.03] 0.7
[9691.32935101] [-145.96] 0.7
[10595.56942575] [-182.72] 0.69
[10357.51589152] [-70.12] 0.68
[10392.87546235] [-528.03] 0.67
[10299.31554183] [-228.83] 0.66
[9579.89635791] [260.82] 0.66
[9420.70074757] [372.26] 0.66
[9210.35641212] [396.83] 0.66
[8784.19543735] [703.27] 0.66
[8721.43438155] [811.36] 0.66
[8426.17269909] [1857.05] 0.66
[8491.34133658] [1800.97] 0.66
[8953.21488317] [1866.29] 0.66
[9440.31970071] [2026.95] 0.66
[9543.24458972] [2271.46] 0.66
[9843.36919998] [2692.38] 0.66
[10003.47288249] [1988.68] 0.66
[8478.71879927] [1893.66] 0.66
[8759.81939693] [1938.02] 0.66
[9072.02426371] [2310.21] 0.66
[8817.54325497] [2534.9] 0.66
[8491.53361913] [2318.2] 0.66
[9989.21392805] [2531.64] 0.66
[9569.69722085] [2388.16] 0.66
[9489.0249283] [2654.9] 0.66
[9728.55289648] [2137.91] 0.66
[9071.82399021] [2379.6] 0.66
[9257.05863792] [2646.43] 0.66
[9169.82096495] [2620.19] 0.66
[9148.7015161] [2699.27] 0.66
[9245.71481813] [2699.35] 0.66
[9378.24666538] [3129.85] 0.66
[9506.1812241] [2576.87] 0.66
[9484.41768129] [2196.6] 0.66
[9513.29546712] [2252.71] 0.66
[9468.61267745] [1971.52] 0.66
[9628.684484] [1975.94] 0.66
[9808.72064673] [1714.19] 0.66
[9757.61541629] [721.53] 0.66
[9588.0490073] [402.46] 0.66
[9502.09817458] [364.7] 0.66
[9318.62909657] [187.08] 0.66
[9334.33643525] [190.87] 0.66
[9417.86024706] [-342.05] 0.65
[9688.55794786] [630.01] 0.65
[9684.33114894] [417.] 0.65
[10534.51221048] [729.] 0.65
[9249.62871629] [-352.84] 0.64
[10983.10356069] [-1585.43] 0.63
[9944.19193565] [-1137.71] 0.62
[9112.05725439] [-1607.98] 0.61
[9525.93938219] [-1429.13] 0.6
[9593.77667006] [-1525.29] 0.59
[9595.14466701] [-1270.91] 0.58
[9768.25875908] [-1345.28] 0.57
[9616.38918104] [-1424.77] 0.56
[9531.5421997] [-1378.94] 0.55
[9247.61699714] [-1427.54] 0.55
[9351.2278168] [-1583.24] 0.55
[9187.24608863] [-1619.08] 0.54
[9449.47557775] [-1183.91] 0.53
[9542.7273322] [-785.57] 0.52
[9601.8235132] [-921.93] 0.51
[9094.97585104] [-591.01] 0.5
[9260.8547249] [-602.01] 0.5
[9609.1096797] [-733.37] 0.49
[9394.26482862] [-1333.47] 0.48
[9502.97000214] [-805.18] 0.48
[9458.53860178] [-1232.89] 0.48
[9423.37814765] [-569.58] 0.48
[9592.15712921] [-841.91] 0.48
[9691.23140037] [-749.24] 0.47
[10939.6438318] [-933.54] 0.46
[10883.80243044] [-967.24] 0.45
[11155.7726758] [-1082.45] 0.44
[11173.60361517] [-619.52] 0.43
[11214.21517471] [431.73] 0.43
[11844.87381035] [107.17] 0.43
[10413.43023307] [392.15] 0.44
[10497.66578086] [418.53] 0.45
[10221.2087555] [420.82] 0.46
[11279.46526778] [482.22] 0.47
[11583.36442856] [442.97] 0.48
[10902.06283004] [570.64] 0.49
[11567.80174593] [667.75] 0.5
[11728.36700055] [856.23] 0.51
[12207.95038732] [1045.84] 0.52
[11756.86586279] [865.4] 0.53
[11994.87126707] [642.62] 0.54
[12206.0115488] [482.89] 0.55
[12262.32251476] [559.84] 0.56
[12113.2672168] [395.78] 0.57
[12013.26340401] [285.08] 0.58
[12269.17988522] [588.55] 0.59
[12082.29960376] [1327.7] 0.6
[11942.32110759] [1393.24] 0.61
[11862.54410242] [2597.08] 0.62
[11482.66503017] [2257.82] 0.63
[11274.96294731] [2251.68] 0.64
[11359.63480946] [2396.06] 0.65
[11487.18815657] [2262.53] 0.66
[11129.68816351] [2384.04] 0.67
[11345.96421869] [2810.67] 0.68
[11200.70732749] [2511.08] 0.69
[11521.34975737] [2839.42] 0.7
[11475.0397906] [2989.66] 0.7
[11401.93223546] [3258.55] 0.7
[11305.16660712] [3085.42] 0.7
[11363.10445044] [2786.61] 0.7
[10989.17473371] [3419.57] 0.7
[10220.47100713] [3484.79] 0.7
[12219.99620205] [4668.09] 0.7
[10324.78980887] [4532.58] 0.7
[10631.80636509] [3537.17] 0.7
[10617.30970303] [4113.99] 0.7
[10562.81477736] [3788.49] 0.7
[10838.39527088] [3888.8] 0.7
[10586.14346198] [4277.33] 0.7
[10356.93854814] [4791.84] 0.7
[10581.63343603] [5011.76] 0.7
[10765.48032554] [4724.56] 0.7
[10814.00862504] [4459.96] 0.7
[10799.9331487] [4966.99] 0.7
[11219.77227232] [5754.26] 0.7
[10983.6301982] [4966.89] 0.7
[11179.28332076] [4830.32] 0.7
[11996.55027658] [5742.93] 0.7
[11771.99523658] [5571.29] 0.7
[11218.4270087] [5385.51] 0.7
[11388.80500722] [5322.54] 0.7
[10717.93412084] [5521.05] 0.7
[11244.8564017] [5450.8] 0.7
[10782.1497524] [3692.78] 0.7
[11520.72648397] [3574.15] 0.7
[11478.77353124] [3922.1] 0.7
[11402.83580783] [4432.72] 0.7
[11101.30692215] [6134.56] 0.7
[11131.48403523] [4769.21] 0.7
[11290.3578951] [5071.38] 0.7
[11317.96948174] [3863.15] 0.7
[11277.46162989] [3074.72] 0.7
[11647.93596127] [4315.22] 0.7
[11947.02472523] [3887.06] 0.7
[12226.89839123] [3852.88] 0.71
[12598.94454905] [3001.83] 0.71
[12230.95924231] [2845.5] 0.71
[11587.78489363] [1952.19] 0.71
[11809.30012032] [1690.03] 0.72
[12505.60353669] [2712.37] 0.73
[11898.90443777] [3196.32] 0.74
[12020.41522916] [2551.44] 0.75
[12781.17260704] [1760.03] 0.76
[13630.18571989] [3581.03] 0.77
[13529.56579799] [5026.89] 0.78
[13280.00049962] [4463.34] 0.79
[14010.14540957] [5170.17] 0.8
[14151.53767175] [5068.3] 0.81
[14098.72496318] [4346.57] 0.82
[13842.82661962] [4652.47] 0.83
[13935.92679813] [4513.57] 0.84
[14462.64725428] [6564.09] 0.85
[13519.20193719] [7554.71] 0.86
[13143.07284685] [8710.79] 0.87
[13354.71420416] [8054.98] 0.88
[14908.39573019] [7326.96] 0.89
[15022.9862249] [8583.85] 0.9
[15841.7271415] [9629.62] 0.91
[16378.75006676] [9528.02] 0.92
[15837.39824001] [10723.26] 0.93
[15237.64768959] [13040.4] 0.94
[14620.0322337] [13623.12] 0.95
[14728.64950209] [12853.62] 0.96
[15234.23518354] [15727.8] 0.97
[15232.01657886] [18306.26] 0.98
[15375.50542799] [21238.28] 0.99
[15216.35659564] [22640.89] 1.0
[15437.93441474] [21437.28] 1.0
[15885.10901402] [19075.61] 1.0
[15800.5776885] [16268.35] 1.0
[17326.07909086] [14572.07] 1.0
[19023.27510253] [16013.65] 1.0
[18346.99986722] [16311.01] 1.0
[18381.63977273] [13677.73] 1.0
[18414.6373601] [12195.28] 1.0
[18912.34098632] [12302.43] 1.0
[18556.40299138] [13886.87] 1.0
[18722.03691974] [12195.14] 1.0
[18653.67204684] [12285.61] 1.0
[18732.89933874] [7082.35] 1.0
[19312.8495164] [8308.8] 1.0
[19267.23472521] [5656.53] 1.0
[21405.68623941] [6030.26] 1.0
[20152.44443512] [5206.57] 1.0
[21408.60298323] [5165.43] 1.0
[20367.49653914] [1562.58] 1.0
[21474.05384943] [4420.61] 1.0
[21443.26801967] [4920.51] 1.0
[21804.01906038] [2122.64] 1.0
[20052.78204685] [135.68] 1.0
[22130.00358046] [1487.87] 1.0
[22732.05833192] [1482.99] 1.0
[21568.43981109] [815.84] 1.0
[23024.84690329] [-2483.95] 0.99
[26128.19885537] [-2391.64] 0.98
[24203.47183267] [-917.46] 0.97
[24321.75317821] [688.01] 0.97
[21630.17556105] [10819.36] 0.97
[21965.14223012] [12577.76] 0.97
[20714.56651428] [7485.04] 0.97
[18988.29705943] [8854.91] 0.97
[18447.24062933] [10642.88] 0.97
[17555.31865008] [11119.99] 0.97
[17754.41896022] [12927.36] 0.97
[18208.30506958] [11319.5] 0.97
[20765.47415871] [13139.97] 0.97
[22743.89328362] [16579.25] 0.97
[22154.04541277] [20810.27] 0.97
[27004.59557611] [22914.12] 0.97
[20563.84267361] [23901.46] 0.97
[22117.98550245] [25211.02] 0.97
[22533.09877149] [21880.14] 0.97
[19466.63060486] [16338.63] 0.97
[20497.96801558] [20205.67] 0.97
[24044.12622466] [13397.25] 0.97
[26044.76443856] [12026.05] 0.97
[29371.68749995] [11837.77] 0.97
[28749.60297249] [11977.46] 0.97
[28279.33194341] [16095.53] 0.97
[30889.33967088] [12826.38] 0.97
[31350.24714966] [12801.45] 0.97
[31752.98787814] [11446.82] 0.97
[35519.62856047] [10582.77] 0.97
[35817.29756358] [9558.33] 0.97
[36612.95344335] [12241.6] 0.97
[35979.37024456] [5935.03] 0.97
[38517.25628318] [8291.94] 0.97
[40211.763718] [11119.06] 0.97
[44337.29290582] [9750.62] 0.97
[47609.15628898] [9781.88] 0.97
[43453.59613057] [14073.54] 0.97
[40325.1384854] [10413.1] 0.97
[39983.83843449] [7802.87] 0.97
[41932.33765036] [7712.28] 0.97
[44398.43959368] [6794.77] 0.97
[40922.43537821] [6057.75] 0.97
[39598.5990359] [2158.6] 0.97
[41015.03297962] [2084.6] 0.97
[41446.60583932] [-76.69] 0.96
[42392.53044718] [81.56] 0.96
[39858.88758415] [5597.03] 0.96
[29829.32271631] [1883.39] 0.96
[32133.8630654] [4615.5] 0.96
[29250.5030515] [8734.16] 0.96
[25837.19775872] [9708.06] 0.96
[24769.71326771] [10669.79] 0.96
[24002.19896288] [8009.24] 0.96
[28713.10765133] [10374.09] 0.96
[30416.64467474] [8257.55] 0.96
[28349.37641364] [10288.01] 0.96
[29578.32378756] [10169.94] 0.96
[30458.46478338] [8194.9] 0.96
[34267.99334489] [7036.85] 0.96
[37322.86216112] [6754.77] 0.96
[39198.07594854] [3138.94] 0.96
[39817.86090612] [-49.96] 0.95
[43635.44970649] [284.59] 0.95
[44572.32589631] [849.3] 0.95
[43752.88718204] [-1484.73] 0.94
[53500.11073508] [831.4] 0.94
[54964.73543882] [4080.02] 0.94
[52142.52811366] [6682.06] 0.94
[54832.51866547] [4056.12] 0.94
[52367.04755476] [5586.73] 0.94
[49323.88894451] [3380.88] 0.94
[51427.0746625] [2001.29] 0.94
[51077.61602632] [-1159.69] 0.93
[51288.65102251] [1498.18] 0.93
[53959.74638491] [2030.45] 0.93
[50678.20595963] [1300.57] 0.93
[57403.7831317] [315.79] 0.93
[55977.0129404] [-3921.34] 0.92
[55788.23897511] [-5753.4] 0.91
[54684.01230475] [-6708.13] 0.9
[52182.42740787] [-3571.03] 0.89
[52589.34090495] [-3658.67] 0.88
[50790.75748796] [-3851.15] 0.87
[50629.23657584] [-5152.77] 0.86
[51383.42874131] [-1234.7] 0.85
[44650.78561821] [781.01] 0.85
[54006.72652205] [-1596.09] 0.84
[50864.34675429] [-1840.77] 0.83
[59085.7619359] [-4778.74] 0.82
[55099.58244459] [1525.96] 0.82
[54276.79163027] [-1620.43] 0.81
[52816.22745602] [-722.31] 0.8
[54024.05452771] [-845.19] 0.79
[55547.17347287] [-1684.14] 0.78
[58684.78751642] [-3951.24] 0.77
[55030.93382811] [-6804.44] 0.76
[55780.17238291] [-13962.03] 0.75
[57392.0253117] [-13550.36] 0.74
[66643.75718981] [-11533.46] 0.73
[63671.65880859] [-13350.51] 0.73
[59703.07357492] [-9809.84] 0.73
[57929.78239768] [-12106.9] 0.73
[57445.12304256] [-13595.72] 0.72
[53977.63667899] [-16844.53] 0.71
[50463.75554315] [-10947.39] 0.7
[56073.08226353] [-13872.78] 0.69
[58140.42277957] [-12582.23] 0.68
[56048.25940953] [-14321.04] 0.67
[57260.26878934] [-15328.05] 0.66
[55794.47802932] [-16660.96] 0.65
[53099.06605666] [-15618.06] 0.64
[55829.29693718] [-15138.86] 0.63
[63073.22616857] [-22107.] 0.62
[61179.67024016] [-23209.83] 0.61
[63156.39207956] [-20925.87] 0.6
[64722.84862823] [-19902.79] 0.59
[64932.97282858] [-16579.08] 0.58
[63606.90906714] [-19887.99] 0.57
[63878.6185849] [-17239.57] 0.56
[66234.64667771] [-20494.76] 0.55
[60781.01945415] [-23398.43] 0.54
[60418.44228572] [-22464.56] 0.53
[64125.49356729] [-22368.63] 0.52
[59812.09082989] [-23299.81] 0.51
[59749.37920385] [-11668.73] 0.5
[59054.59859051] [-12997.7] 0.49
[60232.06085684] [-12609.34] 0.48
[57728.18189746] [-11241.68] 0.47
[54346.58147761] [-7374.82] 0.46
[63823.74939624] [-3070.44] 0.45
[60355.65685806] [-2723.63] 0.44
[59747.00837376] [1360.6] 0.44
[62100.83510774] [-2716.28] 0.43
[54428.84284234] [-1550.53] 0.42
[53982.96953349] [-2004.13] 0.41
[52265.56229864] [837.81] 0.41
[52594.45089305] [-7042.04] 0.4
[57159.89245301] [-5962.91] 0.39
[56559.01568571] [-5591.38] 0.38
[54420.73356947] [-3805.91] 0.37
[50537.50366905] [-4049.04] 0.36
[50919.47723748] [-2486.76] 0.35
[56451.28630042] [-1040.14] 0.34
[61081.24500617] [-2853.87] 0.33
[50293.2190207] [-814.94] 0.33
[56158.8293843] [-2537.88] 0.32
[60514.02674439] [-5651.71] 0.31
[61939.16550745] [-3028.65] 0.3
[61604.01373522] [-841.4] 0.29
[58288.17961601] [-506.87] 0.28
[51437.26931942] [233.1] 0.28
[54220.02451288] [760.82] 0.28
[50371.37632476] [-3499.32] 0.27
[53873.88088756] [-3827.16] 0.26
[58200.92857416] [-3494.66] 0.25
[57954.4639417] [-1979.33] 0.24
[53774.85392856] [-4839.18] 0.23
[59943.55235041] [-7367.55] 0.22
[45925.59099959] [-7502.] 0.21
[48260.61132917] [-5510.26] 0.2
[53217.3223415] [-6329.45] 0.19
[44864.37622115] [-4308.57] 0.19
[45563.19636123] [-4003.51] 0.18
[42294.6497493] [-3808.86] 0.17
[41587.71392883] [-870.61] 0.17
[37065.62890847] [-2657.35] 0.16
[36260.92633724] [-1556.6] 0.15
[39055.74896975] [-2341.49] 0.14
[37697.54033428] [1941.05] 0.14
[36070.72696476] [2118.43] 0.14
[37364.57869825] [720.75] 0.14
[41135.88566252] [2861.47] 0.14
[41759.25655287] [3558.25] 0.15
[40110.50516875] [4955.17] 0.15
[39827.61720576] [6469.05] 0.15
[36650.048955] [8357.29] 0.15
[36383.82450437] [6970.08] 0.15
[37988.67659045] [4691.16] 0.16
[37070.5480663] [5445.97] 0.17
[37563.65114569] [3926.99] 0.18
[38255.11350307] [5911.1] 0.19
[37839.70116988] [8004.59] 0.2
[36510.69015579] [9007.43] 0.21
[36491.27297863] [11118.56] 0.22
[29735.50144571] [9588.5] 0.23
[31051.00154904] [13175.21] 0.23
[34991.01636389] [12921.81] 0.24
[32341.01360953] [12796.85] 0.25
[32056.51776357] [12679.19] 0.26
[31685.73131752] [16412.73] 0.26
[35961.81360562] [15591.53] 0.27
[36712.18646924] [15272.92] 0.28
[36368.42850604] [15166.61] 0.29
[32269.30661628] [14858.33] 0.3
[31588.92040174] [12659.8] 0.31
[31041.65782908] [14436.76] 0.32
[33047.64658148] [15746.12] 0.33
[32786.23089774] [14652.68] 0.34
[29968.64458111] [13970.48] 0.35
[35358.07431215] [12205.36] 0.36
[31947.22230904] [8338.63] 0.37
[34984.35312341] [8969.56] 0.38
[33588.77471552] [6956.87] 0.39
[35722.94755404] [6842.71] 0.4
[31462.79364805] [7238.59] 0.41
[33522.36323742] [8806.32] 0.42
[36670.30310979] [7880.83] 0.43
[34817.19800133] [9017.87] 0.44
[32450.82093983] [9112.62] 0.45
[35003.88457795] [8447.01] 0.46
[35156.36062947] [7209.38] 0.47
[34764.5243322] [5313.25] 0.48
[32143.77232873] [7952.92] 0.49
[35418.77553376] [6343.94] 0.5
[39941.02127994] [1200.8] 0.51
[37688.80103918] [466.92] 0.52
[36262.89683847] [1950.91] 0.53
