[29.05431233] [60.86] 1.0
[24.70370868] [67.49] 1.0
[18.57522422] [74.62] 1.0
[14.2809026] [82.48] 1.0
[10.39734779] [109.24] 1.0
[6.49669625] [115.6] 1.0
[5.09119235] [93.5] 1.0
[6.91567563] [75.81] 1.0
[9.97652032] [87.14] 1.0
[8.74707014] [81.66] 1.0
[6.09925119] [90.18] 1.0
[7.33327633] [55.23] 1.0
[13.93701763] [47.96] 1.0
[18.55005906] [47.76] 1.0
[19.07152718] [29.96] 1.0
[18.5816675] [25.31] 1.0
[21.52010778] [35.7] 1.0
[26.69776412] [9.36] 1.0
[27.82051688] [55.88] 1.0
[25.14210165] [88.74] 1.0
[30.0681777] [59.54] 1.0
[33.3854699] [50.97] 1.0
[42.91216541] [44.67] 1.0
[45.07185289] [47.65] 1.0
[28.15564923] [38.06] 1.0
[27.7415337] [48.22] 1.0
[31.22699551] [54.57] 1.0
[26.29017718] [65.37] 1.0
[21.70467295] [74.72] 1.0
[21.52104631] [70.54] 1.0
[22.13207856] [67.08] 1.0
[20.72091494] [63.16] 1.0
[-1.28746279] [39.79] 0.9696969696969697
[20.66729674] [28.36] 0.9705882352941176
[10.1808125] [39.72] 0.9714285714285714
[24.05907947] [59.34] 0.9722222222222222
[19.67081174] [50.14] 0.972972972972973
[13.73914994] [56.12] 0.9736842105263158
[25.39072173] [82.58] 0.9743589743589743
[21.49193121] [97.52] 0.975
[17.41037554] [165.67] 0.975609756097561
[19.76988575] [157.94] 0.9761904761904762
[19.32061453] [164.64] 0.9767441860465116
[15.80534292] [170.02] 0.9772727272727273
[16.99585186] [197.66] 0.9777777777777777
[17.34143752] [187.65] 0.9782608695652174
[15.96106486] [221.33] 0.9787234042553191
[15.31710793] [179.72] 0.9791666666666666
[18.53489641] [193.79] 0.9795918367346939
[16.63128658] [234.75] 0.98
[18.95021619] [261.34] 0.9803921568627451
[23.16276996] [256.8] 0.9807692307692307
[15.34185157] [367.77] 0.9811320754716981
[18.23350079] [224.95] 0.9814814814814815
[19.52612803] [229.63] 0.9818181818181818
[18.67325328] [127.75] 0.9821428571428571
[20.16134025] [131.14] 0.9824561403508771
[19.00649371] [133.49] 0.9827586206896551
[20.1573287] [128.06] 0.9830508474576272
[19.16739692] [10.33] 0.9833333333333333
[18.84491073] [4.17] 0.9836065573770492
[16.63175279] [50.41] 0.9838709677419355
[15.44204321] [29.21] 0.9841269841269841
[17.18719004] [31.15] 0.984375
[12.70944178] [41.83] 0.9846153846153847
[17.45611671] [110.75] 0.9848484848484849
[17.4401149] [82.39] 0.9850746268656716
[18.88199739] [60.828875] 0.9852941176470589
[20.49758182] [-7.6889125] 0.9710144927536232
[19.37221004] [4.03] 0.9714285714285714
[19.04805283] [26.003625] 0.971830985915493
[23.04058925] [24.7436125] 0.9722222222222222
[21.53637929] [-10.4] 0.958904109589041
[32.97774147] [-37.294375] 0.9459459459459459
[26.53823666] [-47.42375] 0.9333333333333333
[20.66921268] [-37.1] 0.9210526315789473
[22.83147915] [-37.80775] 0.9090909090909091
[19.15169423] [-81.787] 0.8974358974358975
[19.33856128] [-103.78] 0.8860759493670886
[25.38216245] [-48.713925] 0.875
[27.45471555] [-147.056125] 0.8641975308641975
[34.87538625] [-11.25] 0.8536585365853658
[32.3357374] [13.377] 0.8554216867469879
[38.13520474] [134.169413] 0.8571428571428571
[31.61168528] [125.93] 0.8588235294117647
[23.92819739] [113.52375] 0.8604651162790697
[7.11531214] [144.06] 0.8620689655172413
[-2.95771609] [267.62] 0.8522727272727273
[-82.79094489] [195.183] 0.8426966292134831
[-129.84420463] [172.8135] 0.8333333333333334
[-213.30367277] [179.68] 0.8241758241758241
[-194.06058729] [181.054625] 0.8152173913043478
[-106.71345866] [169.377375] 0.8064516129032258
[-77.87011706] [97.36] 0.7978723404255319
[4.09612998] [105.725988] 0.8
[-47.69853703] [139.40925] 0.7916666666666666
[51.82418467] [141.5789125] 0.7938144329896907
[61.31068027] [160.997138] 0.7959183673469388
[52.29335572] [134.175661] 0.797979797979798
[44.30703836] [128.7963875] 0.8
[76.16897331] [203.818429] 0.8
[57.01731271] [230.177563] 0.8
[10.69477769] [214.05375] 0.8
[13.39490946] [259.81625] 0.8
[48.95320319] [230.293464] 0.8
[45.51848988] [234.437] 0.8
[2.90506486] [278.56195] 0.8
[36.14451844] [222.859211] 0.8
[12.3013887] [211.186125] 0.8
[29.24715412] [275.990817] 0.8
[48.7398837] [272.113] 0.8
[32.23013951] [256.000587] 0.8
[31.63909013] [236.8633] 0.8
[34.8059243] [251.183625] 0.8
[7.98576835] [229.39] 0.8
[49.93080858] [104.5533] 0.8
[48.65703291] [216.366143] 0.8
[40.13411114] [192.9865] 0.8
[40.55263866] [181.569875] 0.8
[48.59811702] [226.89] 0.8
[47.77659912] [227.802625] 0.8
[-1.53258827] [244.170786] 0.79
[-103.18865698] [245.073637] 0.78
[-18.71408891] [221.791875] 0.77
[-40.31228204] [55.971888] 0.76
[-93.30545386] [-104.4047755] 0.76
[-107.82624192] [-85.089286] 0.76
[-21.13156829] [-1.785512] 0.76
[13.78964965] [-5.158386] 0.75
[30.64416516] [-10.223188] 0.74
[25.94916913] [-91.221] 0.73
[31.30006739] [-232.9465357] 0.72
[41.70056111] [-222.675714] 0.72
[41.69377813] [-193.5836875] 0.71
[43.31033437] [-153.5227] 0.7
[35.3142911] [-146.525286] 0.69
[46.70469323] [-150.3145] 0.68
[42.10089286] [-221.506267] 0.67
[46.25989387] [-250.4] 0.66
[42.27747924] [-200.070429] 0.65
[52.1852164] [-171.764175] 0.64
[71.43496702] [-195.207375] 0.63
[69.72561002] [-137.899637] 0.62
[45.88969313] [-24.313986] 0.61
[-20.23471331] [-58.939143] 0.61
[-94.33166192] [-1.63575] 0.61
[-44.68046559] [1.989963] 0.6
[-85.40845909] [-43.464625] 0.6
[-59.44943124] [-19.935125] 0.6
[4.62993055] [-18.753748] 0.59
[43.51949852] [-38.309625] 0.58
[131.31147058] [-76.976287] 0.57
[127.99391687] [94.088169] 0.57
[91.35831151] [218.1276375] 0.57
[33.09327149] [219.237413] 0.57
[-85.74742134] [156.550387] 0.56
[-31.46697688] [58.339957] 0.55
[-166.62538932] [104.930088] 0.54
[-78.85352452] [202.897325] 0.53
[-9.99482528] [294.7102857] 0.52
[27.97685899] [333.381225] 0.52
[43.97161025] [301.2018005] 0.52
[103.73313393] [203.61075] 0.52
[55.61011627] [238.374688] 0.52
[0.5781967] [268.534375] 0.52
[-42.27422145] [250.11545] 0.51
[-33.92576756] [296.554429] 0.5
[11.49067019] [248.049467] 0.5
[66.54845043] [233.830875] 0.51
[85.4550402] [337.182813] 0.51
[87.61651267] [310.475925] 0.51
[89.6515674] [314.470686] 0.51
[116.34191259] [374.762125] 0.52
[110.39431882] [342.880821] 0.53
[129.94997031] [337.600162] 0.54
[121.57138634] [351.838429] 0.55
[132.42848661] [432.87435] 0.56
[160.30675506] [424.482962] 0.57
[115.32513489] [543.79625] 0.58
[103.2332996] [640.96685] 0.59
[66.54746809] [643.739943] 0.6
[11.91024049] [601.560013] 0.61
[-9.01929274] [589.389087] 0.6
[-26.79708962] [574.365125] 0.59
[0.03837515] [562.061975] 0.59
[-11.28269981] [589.554975] 0.58
[-2.40654628] [542.293675] 0.57
[132.6248676] [724.890488] 0.58
[105.18160573] [791.598563] 0.59
[-5.22389227] [750.851887] 0.59
[45.99548186] [849.822313] 0.6
[56.09000456] [1008.2956] 0.61
[-31.76989004] [947.210125] 0.61
[-141.73673645] [1099.186286] 0.61
[23.18192854] [880.682428] 0.61
[109.09280112] [944.840962] 0.62
[88.30523629] [859.9808] 0.62
[99.56058117] [858.757887] 0.62
[114.03599196] [837.943712] 0.62
[125.66169814] [838.383914] 0.62
[118.51401039] [890.950546] 0.62
[156.73826527] [876.594929] 0.62
[195.99276123] [1007.015158] 0.62
[156.68987219] [980.304714] 0.62
[152.30533732] [888.910775] 0.62
[133.62786381] [1232.213697] 0.62
[137.709323] [902.034613] 0.62
[198.10444936] [862.039437] 0.62
[269.14304987] [998.4913] 0.62
[316.3625723] [1073.452844] 0.62
[312.73243445] [1122.3135] 0.62
[208.52373667] [877.675063] 0.62
[119.19112621] [1009.153111] 0.62
[-39.98752568] [898.514937] 0.61
[-26.11041378] [658.50025] 0.6
[-11.02458404] [503.439326] 0.59
[86.09530344] [425.030212] 0.59
[199.78263588] [498.549252] 0.59
[335.84039777] [526.54795] 0.59
[241.54330558] [312.289712] 0.59
[305.32991995] [414.72325] 0.59
[381.27384989] [340.081727] 0.6
[426.1971391] [501.503143] 0.61
[294.27053935] [309.344888] 0.62
[255.35262946] [319.385486] 0.63
[122.47487786] [226.0993] 0.63
[12.81069676] [227.883114] 0.63
[13.00272208] [299.415272] 0.63
[-10.72348735] [159.057329] 0.63
[221.01708752] [67.711375] 0.64
[225.14552007] [-24.573815] 0.64
[403.11683734] [-94.913143] 0.64
[341.61974211] [31.695429] 0.65
[297.76150723] [-283.583859] 0.65
[532.20874669] [-66.030863] 0.65
[615.34665193] [-73.06225] 0.65
[76.96195855] [-336.290086] 0.65
[194.11268491] [-342.512857] 0.65
[235.68225306] [-362.391062] 0.65
[131.62995593] [-291.50492] 0.65
[162.53173903] [-421.095086] 0.65
[152.90896956] [-320.251429] 0.65
[122.03814966] [-87.696833] 0.65
[114.7391921] [-126.469814] 0.65
[266.5884312] [-418.9444] 0.64
[238.03417795] [-576.174952] 0.63
[487.36816945] [-706.250263] 0.63
[312.66561164] [-279.87775] 0.62
[279.34224256] [-406.27755] 0.61
[503.0651859] [-462.078013] 0.61
[592.18244847] [-31.284637] 0.61
[326.54602235] [218.444969] 0.62
[357.54990949] [313.143714] 0.62
[307.0617292] [249.791029] 0.62
[-127.06349327] [43.094803] 0.61
[-203.65177514] [-21.049186] 0.62
[-419.91663402] [89.325] 0.62
[-183.04274774] [303.995208] 0.62
[-115.78004622] [283.608657] 0.62
[133.45381918] [324.695417] 0.63
[6.25672546] [305.206238] 0.63
[-210.0110709] [263.170162] 0.62
[95.54797552] [94.743983] 0.62
[55.29001004] [184.149967] 0.62
[170.39746239] [298.798786] 0.62
[165.55727912] [715.255017] 0.63
[104.39087254] [716.323595] 0.64
[-95.18029096] [844.029857] 0.63
[-32.55914771] [1130.284333] 0.62
[-72.11893448] [971.577746] 0.61
[-193.04051383] [985.496583] 0.6
[-238.06419869] [1294.016667] 0.59
[-185.24277289] [1793.807314] 0.58
[-205.432896] [1937.3057] 0.57
[-247.030537] [2372.032] 0.56
[-316.7506785] [1896.906079] 0.55
[2.51260092] [1915.2043] 0.55
[-94.66232178] [2063.515717] 0.54
[-114.61257389] [1448.244704] 0.53
[-8.19289653] [1297.100143] 0.52
[-28.64085239] [1332.448033] 0.51
[172.52477213] [1291.900971] 0.51
[42.97426622] [1425.282083] 0.52
[171.24475891] [1610.65] 0.53
[25.6814836] [1692.691717] 0.53
[-1.92678961] [1550.133417] 0.53
[-144.22973943] [1575.713317] 0.53
[-212.74203674] [1608.352916] 0.52
[-282.32172319] [1472.618333] 0.51
[228.22536417] [1745.08545] 0.52
[636.75875968] [1901.353867] 0.52
[-1140.44787113] [1788.402283] 0.51
[-331.29901375] [2121.740017] 0.51
[-495.23443733] [1362.272463] 0.51
[379.04678795] [1333.007467] 0.51
[525.59126906] [1133.898317] 0.51
[35.18056305] [1031.345807] 0.51
[809.82902105] [1027.693683] 0.51
[509.387866] [1314.3785] 0.51
[268.64238484] [678.243516] 0.51
[194.09481202] [459.457086] 0.51
[375.4347317] [461.435] 0.51
[603.21197439] [-34.901983] 0.5
[613.97643725] [-18.438329] 0.49
[592.03087025] [-218.698733] 0.48
[643.46294608] [-1009.095717] 0.47
[92.746902] [-914.010067] 0.46
[383.13489887] [-341.08396] 0.45
[225.76268625] [-411.89725] 0.44
[193.24252359] [-365.192] 0.43
[71.68064952] [-42.866667] 0.42
[-241.72402009] [-197.388333] 0.42
[-88.30695377] [-445.836717] 0.42
[304.55401758] [-694.26745] 0.42
[117.41470025] [-584.126417] 0.42
[32.45646093] [-576.688333] 0.42
[65.74154067] [-396.495] 0.41
[290.37725505] [-697.678067] 0.4
[500.71975579] [-713.98785] 0.39
[354.40677651] [-380.53095] 0.38
[221.42363624] [-718.16535] 0.37
[416.14807488] [-416.11748] 0.36
[284.54613458] [-224.847033] 0.35
[183.20804938] [42.785433] 0.35
[178.32790684] [-94.65014] 0.34
[34.85433155] [-159.845] 0.33
[127.95801197] [-315.8065] 0.32
[803.23107619] [7.829817] 0.32
[-52.62226534] [63.931667] 0.32
[185.95604562] [272.325883] 0.32
[-185.40726655] [357.569983] 0.32
[-301.93102952] [583.69] 0.32
[-147.6626424] [858.2145] 0.31
[-121.67579643] [1502.54] 0.31
[-855.94674563] [2347.376567] 0.31
[-284.25650908] [1975.812693] 0.31
[218.30738334] [2079.929217] 0.32
[-531.28342021] [2032.675867] 0.32
[-498.08682418] [1660.299607] 0.32
[-572.53370903] [1617.098333] 0.32
[56.53694218] [1833.1535] 0.33
[121.63219266] [2341.95729] 0.34
[80.79480591] [2210.0531] 0.35
[-106.72787467] [2205.56455] 0.35
[270.93271494] [1933.524867] 0.36
[73.59179703] [1990.282617] 0.37
[95.15579163] [1788.622533] 0.38
[5.43631078] [1691.149367] 0.39
[285.05176726] [1696.245333] 0.4
[10.58193947] [1612.42695] 0.41
[721.83620208] [1794.711053] 0.42
[159.54041628] [1749.60625] 0.42
[424.88675727] [1994.575167] 0.42
[328.15416018] [2440.131683] 0.42
[228.95191536] [2413.128] 0.43
[-495.65723773] [2879.14006] 0.42
[63.05287561] [3061.35165] 0.43
[972.61206856] [2763.709117] 0.44
[504.99044693] [2383.411667] 0.45
[451.0402498] [2309.847233] 0.45
[642.82044347] [2309.154233] 0.45
[856.53916919] [2335.86706] 0.46
[616.42452231] [1155.591283] 0.46
[1095.75212635] [829.781267] 0.46
[1132.5785947] [-109.688417] 0.45
[710.56502624] [839.021666] 0.45
[682.93596966] [889.91706] 0.45
[-505.94599933] [1706.76992] 0.45
[206.84278822] [2087.3972] 0.46
[438.7697363] [1889.31016] 0.47
[560.05262814] [1830.700383] 0.48
[494.11264809] [2024.469517] 0.49
[913.16450423] [2173.640133] 0.5
[521.40641228] [2159.21] 0.51
[406.15815202] [2598.412467] 0.52
[511.3103322] [2343.581583] 0.53
[-27.03169536] [2361.158333] 0.52
[60.45230648] [2930.710317] 0.53
[158.67868772] [2613.36598] 0.54
[287.11288068] [3581.80505] 0.55
[344.30745335] [3563.863653] 0.56
[698.19088326] [3253.693317] 0.56
[779.24087] [3395.392] 0.56
[918.80626998] [3686.19194] 0.56
[1358.49105518] [3442.336683] 0.56
[1132.10111984] [3966.632] 0.57
[927.9093278] [4595.758333] 0.58
[505.3826885] [4499.092767] 0.59
[385.93549086] [6412.34] 0.6
[371.66263409] [9343.93461] 0.6
[154.00842085] [10141.48215] 0.6
[-104.20075209] [8573.61415] 0.6
[-385.04452133] [9153.503417] 0.6
[-880.23710983] [8518.722467] 0.6
[-259.70216958] [10782.76333] 0.59
[199.86651575] [9506.93675] 0.59
[47.83263051] [8437.2793] 0.59
[669.28669256] [9903.13] 0.59
[1180.63787893] [11681.542947] 0.59
[1551.96459179] [11272.245933] 0.59
[837.06586642] [10912.13667] 0.59
[1116.28821631] [9677.31167] 0.59
[534.33618235] [9114.905] 0.6
[251.69963971] [7810.79] 0.61
[519.77170619] [6939.966667] 0.62
[920.44102231] [5069.202733] 0.63
[1139.24050177] [5180.375] 0.64
[793.03250014] [4400.73328] 0.65
[437.81152096] [3788.43118] 0.66
[1028.52269289] [5670.32167] 0.67
[1550.61970106] [4233.20967] 0.68
[877.88236398] [3330.098] 0.68
[1802.13366064] [2335.694] 0.68
[1044.68250713] [2832.953] 0.69
[2644.4467065] [2211.17] 0.7
[1458.04978729] [3414.63667] 0.71
[1726.55591487] [1512.28167] 0.72
[2215.14833381] [-1462.73167] 0.72
[1696.5472324] [313.24] 0.73
[2562.22422861] [2176.36385] 0.74
[895.78414572] [2286.145] 0.75
[2357.67571909] [196.95667] 0.76
[1817.7282536] [-2562.14] 0.76
[3461.54212718] [-2370.94667] 0.75
[1564.11380427] [-2955.516] 0.75
[-696.87833065] [-3859.018] 0.76
[644.28799135] [-5707.49333] 0.76
[2657.57086544] [-5426.98] 0.75
[4425.42825372] [-4949.66067] 0.75
[4564.00040048] [-4182.97167] 0.74
[3504.93602183] [-6265.99333] 0.74
[2613.27452651] [-4702.08667] 0.74
[2315.73938216] [-4016.125] 0.74
[1111.39748356] [-825.81667] 0.74
[550.74530725] [-2443.947] 0.74
[-1535.83617942] [-2605.60833] 0.75
[-2744.71303637] [-2517.876] 0.75
[-4536.94918228] [-4307.06334] 0.76
[1181.6444946] [-2988.55167] 0.76
[16.73832234] [-3244.195] 0.76
[-160.25440991] [-1690.79733] 0.76
[-1879.6296065] [-2734.205] 0.76
[2027.89629465] [-2583.345] 0.75
[2213.39995925] [-4821.795] 0.75
[1338.82525331] [-4970.74167] 0.74
[1547.71948232] [-5955.981667] 0.73
[681.84042173] [-8272.218333] 0.72
[3019.30312469] [-8466.468] 0.71
[1985.48941359] [-8755.301667] 0.7
[2588.91648245] [-8427.090003] 0.69
[3561.53567999] [-7788.79333] 0.68
[4145.64112058] [-6337.461667] 0.67
[3254.19899908] [-5056.257333] 0.66
[2437.49360586] [-5667.802] 0.65
[671.51780398] [-5471.313434] 0.64
[-3819.86749064] [-5509.465] 0.65
[-4172.87963342] [-5944.176] 0.65
[-3583.26622237] [-4956.3725] 0.65
[-1973.45980434] [-1782.313337] 0.65
[-1370.63342547] [-1873.78333] 0.65
[-2932.00796706] [-1047.65833] 0.65
[-4736.79621074] [-2108.80166] 0.65
[-2830.49891055] [-419.398] 0.65
[-2115.65595301] [-402.455] 0.65
[-2890.79600131] [167.32767] 0.65
[-647.80960452] [-36.27833] 0.65
[-559.10294239] [-1460.958333] 0.65
[489.99076555] [-807.69833] 0.65
[-201.51107201] [-1353.47667] 0.65
[-771.52028747] [-1734.776667] 0.65
[-612.73848627] [-864.05167] 0.65
[-624.86557498] [135.39833] 0.64
[-206.49050752] [287.645] 0.63
[-412.19735336] [1926.123337] 0.62
[-1297.47752249] [2029.218333] 0.61
[-1485.95096601] [2474.21833] 0.6
[-179.28799567] [3029.533337] 0.6
[-1830.65386518] [4678.013333] 0.59
[-1372.76293273] [3837.73833] 0.58
[-2895.70982428] [2018.099667] 0.57
[-4263.60883527] [1679.923333] 0.56
[-1842.86470711] [844.198333] 0.55
[-1045.45228941] [426.125434] 0.54
[-2277.96193402] [433.915] 0.53
[-1373.23257392] [1114.823333] 0.52
[-1692.42542472] [556.9325] 0.51
[-1049.38443524] [-181.093333] 0.51
[-720.99719484] [-1113.518333] 0.51
[-2.33464727] [-1596.75967] 0.51
[423.44867394] [-2544.10167] 0.5
[1046.22739658] [-2914.415] 0.49
[1692.65436942] [-2698.931667] 0.49
[-163.00650111] [-2784.75167] 0.5
[589.5507832] [-2298.226667] 0.5
[329.09371711] [-1240.663334] 0.5
[-405.98912107] [-1436.74667] 0.5
[-1142.70193676] [-1508.921667] 0.5
[-592.85066526] [-1079.296666] 0.5
[-1109.68984229] [-1890.64333] 0.5
[-1655.9552367] [-2443.265] 0.5
[-1485.19078377] [-2409.785] 0.5
[-908.81011816] [-3058.77167] 0.5
[-282.72395322] [-4048.588333] 0.5
[176.99590019] [-4391.46833] 0.49
[617.32883852] [-4492.62167] 0.48
[630.69048893] [-4480.981667] 0.47
[972.0903128] [-3352.76333] 0.46
[976.45999977] [-2691.578] 0.45
[-394.59787005] [-3093.95] 0.45
[-703.71434873] [-2485.401666] 0.45
[-1239.05074264] [-2111.322] 0.45
[2407.97147007] [-1759.713333] 0.44
[1.07526367] [-2483.57] 0.43
[-2758.70668328] [-2370.29] 0.43
[-1859.92972378] [-2227.273333] 0.43
[-1106.06634681] [-510.276667] 0.43
[-807.00981414] [-588.942] 0.43
[-362.37340081] [-261.378949] 0.44
[-133.80968081] [169.333333] 0.43
[426.12483724] [-43.933333] 0.42
[9.97022239] [-710.223074] 0.41
[-420.88822859] [-782.815907] 0.41
[-466.98113939] [-514.448333] 0.42
[145.9372901] [127.348333] 0.43
[1094.92618623] [144.826667] 0.44
[892.30862656] [313.303333] 0.44
[707.3156955] [475.901667] 0.45
[92.17484364] [1679.347] 0.46
[-809.95616655] [1697.73] 0.46
[-935.0507253] [1307.788333] 0.46
[-745.88273073] [2127.788333] 0.46
[-1250.52165811] [1993.07] 0.46
[-1480.99307113] [2396.721667] 0.46
[-959.36094181] [2223.721667] 0.46
[-398.51043201] [1829.115] 0.46
[218.72359292] [1794.946] 0.46
[-80.71021321] [2812.758333] 0.45
[18.06250872] [3149.473333] 0.45
[-835.41849295] [3168.626667] 0.45
[-927.93436514] [2612.47961] 0.45
[-563.58222297] [2932.166667] 0.44
[103.40593854] [2444.198333] 0.44
[-314.96916885] [2395.775] 0.44
[165.96875219] [1462.525] 0.45
[378.99747835] [527.328] 0.46
[596.7962834] [447.835616] 0.47
[-158.0952819] [122.771667] 0.47
[-479.96648466] [283.938333] 0.47
[-320.89071858] [616.041074] 0.47
[-419.05375259] [306.122574] 0.47
[-566.46810057] [-69.841667] 0.48
[-293.53687629] [-612.663333] 0.49
[59.28442526] [-568.125] 0.49
[428.45616656] [-423.193333] 0.49
[440.60874705] [-548.30548] 0.49
[176.66750154] [-1158.912] 0.48
[1525.77474949] [-2102.37] 0.47
[1208.54171473] [-1692.205] 0.46
[422.69984912] [-1433.54] 0.45
[-162.21670158] [-1585.641667] 0.45
[-120.15178768] [-1972.45] 0.45
[64.30705066] [-1915.01] 0.44
[-176.9007059] [-1779.673333] 0.44
[-497.88059326] [-1836.031] 0.44
[-1050.91958718] [-2252.548333] 0.45
[-50.16112444] [-2218.203333] 0.45
[-239.1198276] [-2158.16] 0.45
[-281.60127348] [-1992.996277] 0.46
[-15.94886622] [-2131.166667] 0.46
[-206.75968266] [-1612.886191] 0.46
[-303.37479403] [-1702.611667] 0.46
[-395.62436226] [-1634.098333] 0.47
[-373.85579405] [-848.634667] 0.48
[-616.75766761] [-868.806667] 0.49
[-1752.56694181] [-1686.631667] 0.5
[-732.12296309] [-1776.36] 0.51
[-553.25274939] [-1632.148] 0.52
[-77.68523686] [-2155.36] 0.53
[-603.78436323] [-1459.105] 0.54
[-526.90456584] [-1602.645] 0.55
[-289.50484714] [-1729.653333] 0.56
[-366.77375246] [-2042.995] 0.57
[-520.47927023] [-1939.766187] 0.58
[-91.00623938] [-1659.63] 0.59
[207.67824126] [-841.021667] 0.59
[309.32412735] [-805.363333] 0.59
[-268.06680998] [-1244.206667] 0.59
[-557.65482533] [-1201.3025] 0.59
[-1165.1471321] [-1191.371667] 0.59
[41.62744942] [-1133.1125] 0.59
[-1415.59253704] [-1241.281667] 0.6
[-769.69824577] [-1287.935] 0.61
[-368.94464491] [-1278.823846] 0.61
[-224.9339289] [-1626.444167] 0.62
[-191.563804] [-1421.866667] 0.63
[3.06311338] [-1262.385833] 0.62
[34.19742923] [-1034.204166] 0.61
[-302.84932312] [-989.282142] 0.61
[-258.12340822] [-1026.140833] 0.61
[-69.30027678] [-1072.895] 0.61
[137.79721406] [-1064.643333] 0.6
[159.72159271] [-1021.258333] 0.59
[124.49919229] [-23.329166] 0.58
[123.39630726] [-151.638333] 0.58
[-12.58182788] [-368.518333] 0.59
[-131.98051747] [61.663333] 0.59
[-32.18215455] [-243.833333] 0.6
[-321.98098452] [-393.0525] 0.61
[-628.83689784] [-268.426667] 0.61
[-874.9218957] [-215.571667] 0.61
[-411.19198252] [68.600833] 0.6
[-266.6886271] [132.910833] 0.6
[-441.70423561] [606.901667] 0.6
[-312.83921713] [635.571667] 0.59
[-248.77434534] [1095.471667] 0.58
[-97.42373188] [1193.384167] 0.57
[-197.00906899] [1280.829167] 0.56
[-216.06958626] [1478.436667] 0.55
[-643.34524126] [1496.505] 0.55
[-220.50866445] [2153.705] 0.55
[-585.84884118] [2079.428013] 0.55
[-546.25054382] [2031.1075] 0.54
[-40.16170315] [1958.971667] 0.53
[3.76049973] [1831.5875] 0.53
[-383.81048039] [1754.840833] 0.52
[-55.79833042] [1290.360833] 0.51
[147.18276475] [977.58] 0.51
[98.85681497] [1004.323333] 0.51
[149.56699896] [838.989167] 0.52
[260.16231579] [653.4875] 0.53
[303.63683025] [257.720833] 0.54
[42.59250353] [264.039167] 0.55
[5.83551977] [482.721666] 0.56
[-206.74100736] [340.866667] 0.56
[72.77440733] [-6.4075] 0.56
[-445.36689166] [152.137167] 0.55
[-818.44002214] [-102.04] 0.56
[-486.24998463] [62.291667] 0.55
[-722.72599533] [-167.320833] 0.56
[-171.09763777] [-617.780833] 0.57
[-495.31004485] [-958.943077] 0.58
[259.6989322] [-1053.772436] 0.57
[179.93766069] [-1115.295] 0.57
[-57.06522219] [-898.269167] 0.57
[177.53470392] [-1047.225834] 0.56
[-165.01630872] [-1203.304167] 0.56
[436.71646463] [-1313.853846] 0.56
[106.15713813] [-1675.935833] 0.56
[312.05986882] [-1832.754167] 0.56
[232.11933432] [-1396.164286] 0.56
[712.34403326] [-1462.822436] 0.55
[776.03969068] [-1468.071667] 0.54
[776.58655111] [-1501.643846] 0.54
[772.9138219] [-916.760833] 0.54
[441.03192779] [-492.679167] 0.54
[-798.18686675] [-675.0375] 0.55
[98.08320307] [-412.553013] 0.55
[78.40468075] [-228.989167] 0.55
[-217.08112216] [236.655385] 0.55
[656.74526384] [272.870064] 0.55
[-584.544438] [271.566667] 0.54
[-669.69832605] [394.839231] 0.54
[-745.26249313] [36.499167] 0.53
[600.69985346] [104.695333] 0.53
[498.9401433] [227.1475] 0.53
[-343.03776262] [-24.705834] 0.53
[-417.18139201] [-106.09] 0.53
[-450.75455558] [44.190833] 0.52
[-410.37228632] [-89.539423] 0.52
[-176.49862225] [-16.589231] 0.52
[384.83482977] [186.3125] 0.52
[571.52702825] [81.934167] 0.52
[417.51403513] [118.326667] 0.52
[-422.02138384] [-85.979167] 0.52
[7.1961592] [-104.614487] 0.51
[113.6639644] [-232.839167] 0.5
[207.02064698] [63.992667] 0.5
[54.66752939] [126.345119] 0.5
[87.25523787] [36.690769] 0.5
[130.96446183] [-27.825] 0.49
[256.12086246] [-79.961987] 0.48
[313.52532696] [-416.59] 0.47
[416.91072327] [-609.558333] 0.46
[783.59310026] [-397.185833] 0.45
[391.77971838] [-295.866154] 0.45
[218.09594373] [-468.305833] 0.45
[258.20678525] [-654.800385] 0.44
[199.87254825] [-649.929231] 0.43
[309.84037094] [-702.438333] 0.42
[223.58848709] [-642.666731] 0.42
[148.48143091] [50.458333] 0.42
[254.53304514] [67.359167] 0.42
[-311.41927604] [215.379167] 0.41
[25.89001229] [287.194167] 0.41
[-710.27871177] [377.587692] 0.4
[-791.59942966] [325.390834] 0.4
[-278.7093463] [353.7125] 0.4
[-190.64905338] [-77.404167] 0.4
[-639.70234493] [-238.531667] 0.4
[-177.48331701] [-271.655] 0.4
[-21.9785871] [-222.990833] 0.41
[104.00921645] [51.970834] 0.42
[69.35320379] [302.538333] 0.43
[67.38438211] [253.886154] 0.44
[40.17563571] [149.478102] 0.44
[-10.51510653] [-160.380833] 0.45
[89.66108971] [-267.294167] 0.44
[293.23128961] [-178.843333] 0.43
[375.7653386] [-134.524167] 0.42
[155.58350583] [-102.024] 0.41
[389.67488857] [39.678333] 0.42
[176.17504759] [-45.706667] 0.42
[70.44938485] [-212.326667] 0.42
[204.42604139] [-84.556667] 0.42
[-14.64906672] [-135.925] 0.43
[118.84422907] [-228.351667] 0.43
[-65.87790427] [-253.18881] 0.44
[-199.06516703] [-168.7925] 0.45
[-256.59544848] [-141.449167] 0.46
[-409.85910818] [-180.875] 0.47
[-569.74575252] [-191.066667] 0.48
[-204.80016365] [-181.746667] 0.49
[-49.83251824] [-181.602692] 0.5
[-155.64071976] [-183.951667] 0.5
[-560.3858337] [-88.06] 0.51
[-383.58399671] [237.615834] 0.51
[-250.12861938] [184.439167] 0.5
[-493.6191178] [152.033333] 0.49
[-447.82575207] [78.869166] 0.48
[-370.62743362] [-44.041667] 0.48
[-309.0132275] [-227.106667] 0.48
[-428.82071403] [-420.121154] 0.48
[-336.39067138] [-811.270769] 0.48
[-296.88554837] [-913.4175] 0.49
[-217.44171487] [-930.5825] 0.5
[106.55788979] [-959.161667] 0.5
[8.6975782] [-1200.8375] 0.49
[-191.53517648] [-1809.456] 0.5
[-336.39999548] [-2016.33] 0.5
[-235.20563303] [-1940.9725] 0.5
[-295.67995595] [-2164.415833] 0.5
[-4.99683371] [-2112.9375] 0.51
[12.66821727] [-2633.698333] 0.51
[-26.5906014] [-2462.131666] 0.51
[-41.51078451] [-2516.102857] 0.52
[-82.43248003] [-2198.156154] 0.52
[-149.90525647] [-2078.4975] 0.53
[-168.66416964] [-2108.904167] 0.54
[-105.02411049] [-2273.6425] 0.55
[-92.59151306] [-2224.326666] 0.56
[-42.28953348] [-2296.365] 0.57
[-12.45911726] [-2476.266667] 0.58
[44.07179685] [-2680.440833] 0.58
[103.56847791] [-2741.271667] 0.58
[132.12065576] [-3039.326667] 0.58
[73.83795912] [-2963.693333] 0.57
[-14.13882945] [-2924.608333] 0.58
[-5.94422227] [-2884.57] 0.59
[-17.2200706] [-2945.873333] 0.6
[-84.87442271] [-2768.875] 0.6
[-64.46796729] [-2350.0075] 0.61
[-188.21293267] [-2317.818333] 0.62
[60.30697573] [-2315.823333] 0.62
[-113.98204768] [-2301.201667] 0.62
[-122.88805894] [-1911.5375] 0.62
[-361.21374234] [-1115.43] 0.62
[-419.41957707] [-683.9375] 0.62
[-581.7633965] [-565.946667] 0.63
[-210.89376795] [-174.1475] 0.63
[-377.77766506] [-442.006667] 0.63
[-484.78079399] [203.966666] 0.62
[-796.66114234] [74.633333] 0.61
[-781.70404018] [20.53] 0.6
[-263.38238435] [-278.074679] 0.6
[-189.13367555] [-415.573333] 0.61
[-162.13066819] [-534.865] 0.62
[-212.79333914] [-204.491667] 0.62
[-52.92188851] [-397.186667] 0.62
[61.30838994] [-349.054167] 0.61
[57.27507864] [-209.221666] 0.61
[-66.62428349] [-2.469167] 0.62
[-147.63958022] [120.8175] 0.62
[-248.66040818] [416.983334] 0.62
[-598.13908809] [421.28] 0.62
[-811.51578237] [466.796667] 0.62
[-792.10762382] [512.133333] 0.62
[-721.19069016] [606.06] 0.62
[-682.18582331] [626.858333] 0.62
[-598.28984961] [405.823333] 0.62
[-454.92037935] [367.875833] 0.62
[-333.45384129] [403.925833] 0.61
[-313.2281053] [328.603334] 0.6
[-285.66404132] [139.555] 0.6
[-252.95088286] [100.245] 0.59
[-246.35395722] [-186.771667] 0.6
[-120.6619351] [-361.420833] 0.61
[76.45844869] [-502.795] 0.61
[385.63926663] [-220.45] 0.6
[421.26271948] [-323.498333] 0.59
[49.0420131] [-446.7425] 0.58
[-240.66843808] [-273.86] 0.58
[49.33736252] [-238.029167] 0.57
[-281.82255223] [-281.81] 0.57
[-244.30437188] [-157.655] 0.57
[173.03212933] [-334.495833] 0.56
[53.23600123] [-194.06] 0.55
[-21.72659489] [-237.045833] 0.56
[-158.95792571] [-303.691667] 0.57
[-354.34573696] [-434.28] 0.58
[-199.30787759] [-395.7975] 0.59
[-22.15491386] [-377.816667] 0.59
[-64.64708813] [-381.29] 0.6
[-21.22916276] [-414.236667] 0.61
[-161.38571139] [-580.073333] 0.62
[-125.22660918] [-579.9] 0.62
[-142.52390159] [-566.798333] 0.63
[-93.8317843] [-406.885833] 0.63
[-58.72197194] [-251.49] 0.63
[-264.71445034] [14.734167] 0.62
[-203.45257917] [64.538333] 0.61
[-299.48614832] [154.33] 0.6
[-387.92637545] [-27.315] 0.6
[-199.08126236] [11.149167] 0.59
[-63.1643464] [-6.93] 0.59
[-100.54051609] [-32.085] 0.59
[-112.51267691] [-82.323333] 0.6
[-55.972742] [-84.43] 0.61
[-126.96863566] [122.3125] 0.61
[-106.85847847] [370.78] 0.61
[-97.86759235] [339.18] 0.6
[-139.4306093] [420.78] 0.59
[-139.5851084] [358.63] 0.58
[-132.80777059] [405.69] 0.57
[-116.48212863] [563.3] 0.56
[-123.03444114] [212.39] 0.55
[-130.91292959] [399.75] 0.55
[-134.38405792] [409.85] 0.55
[-137.45100182] [363.23] 0.54
[-119.78658094] [405.27] 0.53
[-135.6433262] [359.29] 0.52
[-152.72018706] [325.22] 0.51
[-108.62156894] [358.56] 0.5
[-126.00423221] [278.63] 0.5
[-116.60258566] [404.91] 0.49
[-116.39957322] [471.15] 0.48
[-123.78669684] [492.06] 0.47
[-118.44398086] [214.88] 0.46
[-119.73453148] [286.18] 0.45
[-106.64165434] [241.88] 0.44
[-85.24100491] [251.62] 0.43
[-74.01982486] [260.09] 0.42
[-51.39254468] [263.27] 0.41
[-20.48513724] [284.9] 0.41
[0.47785965] [328.3] 0.42
[3.13928038] [396.4] 0.43
[22.04809411] [324.18] 0.44
[17.21161957] [87.97] 0.44
[57.33575844] [102.58] 0.44
[84.1760496] [69.22] 0.44
[106.35262445] [47.46] 0.44
[125.87011359] [15.58] 0.44
[117.69720132] [-127.68] 0.43
[148.18656902] [227.22] 0.44
[151.98380043] [87.56] 0.44
[129.63696886] [116.29] 0.44
[155.95855987] [215.28] 0.44
[128.20863048] [187.29] 0.44
[148.39583307] [280.93] 0.44
[181.29667915] [283.] 0.44
[200.35255363] [299.58] 0.44
[61.9809406] [421.55] 0.45
[32.49153294] [1010.63] 0.46
[18.47046606] [1082.96] 0.47
[26.21165253] [1024.42] 0.47
[54.6064357] [1152.81] 0.47
[44.6681679] [1102.96] 0.47
[78.45552909] [1261.22] 0.47
[100.85820545] [1387.62] 0.47
[-208.72414606] [1283.3] 0.47
[69.07413119] [1432.41] 0.48
[67.22083876] [1149.81] 0.48
[38.28497653] [1136.35] 0.49
[129.902065] [1048.67] 0.5
[86.57567573] [1157.59] 0.51
[99.0269687] [1037.41] 0.52
[48.24349307] [1167.54] 0.53
[70.16074293] [1163.97] 0.54
[63.85537089] [1283.97] 0.55
[75.3167408] [1277.98] 0.56
[78.06097484] [1297.36] 0.57
[84.13128783] [1287.72] 0.58
[65.29245596] [1441.3] 0.59
[65.17985233] [1570.42] 0.6
[56.46611524] [1385.68] 0.61
[47.51763412] [1158.24] 0.61
[29.64165848] [1177.28] 0.61
[70.48399227] [1165.75] 0.62
[52.25613166] [1187.13] 0.63
[40.25640771] [1108.12] 0.64
[20.31521578] [386.91] 0.65
[104.29918521] [366.86] 0.65
[141.97377536] [478.92] 0.66
[58.68572975] [628.37] 0.66
[147.59341229] [717.56] 0.66
[144.83688819] [528.27] 0.67
[210.20868443] [415.76] 0.68
[268.48646686] [579.91] 0.68
[142.16105774] [626.54] 0.68
[192.74655116] [1111.89] 0.68
[228.41270508] [1275.17] 0.68
[207.91390529] [2183.69] 0.68
[200.20470759] [1826.12] 0.68
[206.70061668] [2786.93] 0.68
[219.73377672] [2796.04] 0.68
[239.52505991] [2986.53] 0.68
[233.00522907] [2609.65] 0.68
[220.45108431] [2085.18] 0.68
[228.9159835] [1955.77] 0.68
[250.06572417] [2911.87] 0.69
[228.81712075] [2629.84] 0.7
[208.82583864] [2434.34] 0.71
[210.73375963] [2191.74] 0.71
[254.86914175] [2684.68] 0.72
[76.81124722] [2710.43] 0.72
[88.01085935] [2791.26] 0.72
[-8.55895262] [3443.13] 0.71
[37.35029636] [3509.41] 0.71
[104.96261009] [3450.09] 0.72
[86.86136241] [3336.31] 0.73
[319.07653734] [2882.3] 0.74
[278.63415367] [2896.67] 0.75
[282.97860551] [2783.72] 0.76
[434.08767091] [3021.37] 0.77
[55.92927664] [2450.45] 0.78
[124.24825566] [1920.08] 0.79
[156.25649868] [1849.32] 0.8
[263.73117946] [1656.32] 0.81
[312.43910731] [1650.27] 0.82
[266.73954494] [683.03] 0.83
[279.86240452] [661.98] 0.84
[350.49282064] [197.27] 0.85
[330.62874988] [-75.11] 0.85
[319.47504128] [-33.84] 0.85
[451.02755161] [351.92] 0.86
[379.03849309] [1331.38] 0.87
[381.87200664] [1594.42] 0.88
[370.95234915] [785.29] 0.89
[403.46281032] [1320.45] 0.9
[417.4251925] [1123.68] 0.91
[396.17980965] [1655.77] 0.92
[353.99630657] [1651.06] 0.93
[379.44438489] [2206.12] 0.94
[366.95157644] [2597.18] 0.95
[342.22333893] [2070.06] 0.95
[363.18931501] [2247.44] 0.95
[373.59012975] [3046.52] 0.95
[370.58750005] [4269.57] 0.95
[374.26794638] [2860.39] 0.95
[384.64659929] [3820.54] 0.95
[379.85833551] [3335.58] 0.95
[385.50166732] [1998.7] 0.95
[378.33755192] [2443.8] 0.96
[339.03746462] [3129.6] 0.96
[295.50892594] [4198.72] 0.96
[281.22381919] [3357.26] 0.96
[253.05788988] [2956.87] 0.96
[258.73129667] [3300.7] 0.96
[214.99867537] [3836.4] 0.96
[-117.06289856] [4292.7] 0.95
[469.69938297] [4669.2] 0.95
[219.42837611] [3926.84] 0.95
[306.57412539] [3114.99] 0.95
[521.46713894] [3110.37] 0.95
[302.97073196] [2529.63] 0.95
[487.62747249] [1207.97] 0.95
[716.5298209] [1546.02] 0.95
[449.34489152] [321.54] 0.95
[782.75848976] [392.58] 0.95
[590.20771243] [1107.21] 0.96
[723.46422391] [326.37] 0.96
[694.09722059] [96.27] 0.96
[1182.9688762] [-227.07] 0.95
[956.19345084] [-693.88] 0.94
[830.10151282] [-1922.1] 0.93
[562.33190696] [-3160.38] 0.92
[531.67428516] [-1257.68] 0.91
[1016.36229254] [-2525.7] 0.9
[1130.06807273] [-2416.39] 0.89
[1365.5851187] [-1207.73] 0.88
[766.78836841] [-1077.39] 0.87
[271.96234927] [-1216.27] 0.86
[264.67670135] [-1900.06] 0.85
[-250.14542722] [-753.32] 0.85
[880.54208332] [-425.61] 0.84
[624.89783935] [-417.47] 0.83
[514.80390093] [-496.78] 0.82
[563.0580851] [-525.09] 0.81
[568.84213425] [-1121.11] 0.8
[381.45446899] [-139.08] 0.79
[521.23820312] [643.54] 0.79
[632.99722479] [52.67] 0.79
[-295.33335395] [-106.88] 0.79
[706.30792556] [1379.88] 0.79
[-587.6432573] [512.76] 0.78
[-862.31991708] [1460.4] 0.77
[-567.84837153] [342.68] 0.76
[3.88896193] [-336.39] 0.75
[155.81856661] [-176.31] 0.74
[641.68327943] [-550.38] 0.73
[553.45972795] [-269.81] 0.72
[617.10390657] [593.64] 0.72
[1029.36454493] [916.26] 0.72
[1308.28371467] [357.23] 0.72
[1371.7444597] [236.81] 0.72
[2905.71309528] [557.16] 0.72
[2411.03176884] [669.81] 0.72
[815.79510203] [605.06] 0.72
[845.35870341] [858.95] 0.72
[965.57060884] [582.82] 0.72
[2900.70803261] [-366.88] 0.71
[-127.49258713] [-922.62] 0.71
[44.67993755] [-951.56] 0.7
[1475.35578299] [-1213.67] 0.69
[1581.26940852] [-1210.44] 0.68
[884.71903346] [-1401.35] 0.67
[-306.02875193] [-844.38] 0.68
[765.83052091] [-1376.66] 0.67
[473.83299619] [-1418.61] 0.66
[967.01316617] [-1539.17] 0.65
[938.68139776] [-795.01] 0.64
[33.67344723] [-1160.53] 0.63
[-351.53467463] [-1072.6] 0.63
[53.47450743] [-757.09] 0.62
[938.05394382] [142.36] 0.62
[-789.94420984] [117.99] 0.61
[27.51128008] [4.46] 0.61
[1283.10560803] [146.81] 0.61
[891.03968002] [-7.17] 0.6
[652.44068923] [-651.63] 0.59
[74.99377829] [-570.2] 0.58
[87.98287204] [28.19] 0.58
[241.427334] [163.9] 0.59
[755.22845803] [-232.7] 0.59
[354.42594249] [-164.31] 0.58
[113.79169156] [-102.01] 0.57
[-89.10882165] [-676.9] 0.57
[-263.6100211] [-1618.34] 0.57
[-267.30896093] [-1285.59] 0.57
[-177.69165729] [-1428.91] 0.57
[-419.3774581] [-1384.09] 0.57
[-703.04302017] [-1375.9] 0.57
[-478.76810849] [-1713.05] 0.57
[118.69823707] [-2078.9] 0.56
[860.77353285] [-2298.37] 0.55
[706.02637725] [-2202.13] 0.54
[1012.13291106] [-2341.63] 0.53
[1056.16926685] [-2161.99] 0.52
[596.90536387] [-2339.52] 0.51
[599.82872351] [-2536.57] 0.5
[303.46105989] [-2101.64] 0.49
[-981.75352707] [-1911.03] 0.49
[-917.97164396] [-1571.4] 0.49
[-963.9394726] [-1833.26] 0.49
[-560.01410345] [-2094.17] 0.49
[-245.23055869] [-2053.32] 0.49
[-231.09816152] [-2026.67] 0.49
[-552.05319025] [-1912.09] 0.49
[-638.2555586] [-2028.2] 0.49
[-647.04286921] [-2155.08] 0.5
[-430.41807021] [-2199.1] 0.5
[-143.64531957] [-2218.96] 0.5
[-31.11270135] [-2019.45] 0.5
[-189.74560332] [-1801.99] 0.5
[-330.53388337] [-1460.86] 0.5
[-166.81893462] [-526.85] 0.5
[-188.19746575] [-962.67] 0.5
[-1033.3572396] [-623.76] 0.5
[-1829.30740419] [472.89] 0.49
[-1405.74699014] [1034.8] 0.48
[-1728.18643768] [1494.8] 0.47
[-1070.1000846] [911.02] 0.46
[-349.24001802] [1110.43] 0.46
[92.72897822] [782.59] 0.47
[330.96395677] [911.81] 0.48
[-2.76253038] [1097.51] 0.48
[-84.89569545] [1153.49] 0.48
[52.20044109] [1336.42] 0.49
[-571.5911097] [1206.03] 0.49
[-424.53357939] [1120.19] 0.49
[-271.73784774] [755.42] 0.49
[17.3546433] [617.34] 0.5
[189.71588639] [496.31] 0.51
[191.62389983] [501.4] 0.51
[176.5090996] [753.36] 0.52
[-219.62923303] [364.27] 0.52
[118.93918796] [639.36] 0.53
[101.97171727] [759.91] 0.54
[89.72771704] [555.54] 0.55
[5.84264737] [503.54] 0.56
[-34.49729986] [522.66] 0.55
[-219.08969745] [272.87] 0.54
[-410.07658727] [-46.53] 0.54
[-201.10584581] [94.04] 0.53
[-287.42120617] [612.25] 0.53
[-297.4490542] [185.19] 0.53
[-154.81139065] [-1380.44] 0.54
[118.55332306] [-1935.77] 0.54
[242.1460144] [-2644.14] 0.54
[-449.04755474] [-2088.51] 0.55
[-103.73728168] [-2269.72] 0.56
[919.39406835] [-1640.79] 0.55
[1297.02824115] [-1716.98] 0.54
[479.5948652] [-1495.52] 0.53
[466.0203004] [-1743.46] 0.52
[129.22126548] [-1803.47] 0.51
[-4.6683931] [-2108.46] 0.51
[87.02310999] [-2013.42] 0.5
[25.45792781] [-2150.49] 0.49
[254.90290869] [-1808.27] 0.48
[214.13152738] [-1218.85] 0.48
[-63.49520214] [-1304.58] 0.48
[-98.79763595] [-1514.73] 0.49
[-126.76408052] [-1380.39] 0.5
[-53.90464378] [-1580.76] 0.51
[-400.53956295] [-1560.11] 0.52
[-627.17129547] [-1443.16] 0.52
[-169.26531986] [-1205.82] 0.53
[-325.26436843] [-1414.96] 0.54
[-376.99343781] [-1392.79] 0.55
[-9.47487757] [-1296.45] 0.56
[-517.44796924] [-1508.68] 0.57
[-523.73332417] [-797.52] 0.57
[-488.73288247] [-466.21] 0.58
[-819.91893003] [-96.18] 0.58
[-737.22573199] [-180.83] 0.59
[-699.31852623] [607.01] 0.58
[-1203.00210077] [191.83] 0.57
[-864.74886181] [87.06] 0.57
[-949.99646111] [-331.11] 0.58
[-350.30082529] [-236.6] 0.59
[415.84753789] [-513.54] 0.58
[402.51491751] [-256.65] 0.57
[829.69085418] [-17.33] 0.57
[265.7676477] [-89.99] 0.57
[29.22999773] [-128.46] 0.57
[-354.73232034] [-17.17] 0.57
[-326.13300718] [-451.64] 0.57
[-18.04089117] [-220.84] 0.57
[193.29036668] [-156.94] 0.56
[168.00337272] [-170.82] 0.55
[53.0535419] [421.82] 0.55
[-34.89158885] [944.71] 0.54
[-297.12500664] [840.34] 0.54
[-231.67899072] [628.76] 0.54
[-225.00187311] [932.79] 0.54
[-283.58456004] [953.75] 0.54
[-422.72329581] [1062.83] 0.54
[-367.82821771] [1225.7] 0.54
[-479.592831] [2230.3] 0.54
[-768.43357068] [1529.6] 0.54
[-407.61350998] [1571.17] 0.53
[-244.33728076] [1710.17] 0.52
[255.6250114] [1767.65] 0.52
[-32.22486148] [1188.95] 0.51
[18.86597558] [1304.39] 0.51
[222.203606] [1471.57] 0.51
[416.80006808] [1466.22] 0.51
[197.04803734] [1193.71] 0.51
[105.9243682] [1184.24] 0.51
[-107.72783185] [1026.29] 0.5
[37.91243378] [1203.06] 0.5
[53.95000864] [1676.18] 0.5
[32.52646931] [2217.38] 0.5
[-31.01078884] [2104.13] 0.49
[-93.90348023] [2558.04] 0.48
[-60.53807224] [2007.42] 0.47
[69.78875206] [2030.2] 0.47
[-52.9805764] [1962.99] 0.47
[-316.52033613] [1402.9] 0.47
[-8.03567975] [996.67] 0.47
[736.59435937] [1572.25] 0.48
[449.21062822] [1937.74] 0.49
[272.39181089] [1622.88] 0.49
[469.43463593] [1885.63] 0.49
[560.05312651] [1988.44] 0.5
[297.39296967] [1749.55] 0.51
[-178.49162794] [1432.96] 0.5
[151.05738401] [1540.41] 0.51
[499.12778249] [1520.4] 0.52
[-109.61328758] [1468.19] 0.52
[329.84808297] [993.32] 0.52
[-17.66180658] [1234.31] 0.51
[182.15533708] [1077.46] 0.51
[749.68014828] [1458.39] 0.51
[-161.4133932] [945.78] 0.51
[84.30726211] [1218.75] 0.51
[66.09767228] [1268.41] 0.51
[-114.27326545] [1342.27] 0.5
[-275.22938509] [1400.97] 0.49
[-164.83294291] [767.97] 0.49
[-41.90699915] [-76.54] 0.5
[761.1633995] [-494.29] 0.49
[777.5330355] [-697.65] 0.49
[777.31422714] [-621.42] 0.49
[755.63797462] [-843.92] 0.49
[-96.2772722] [-401.74] 0.49
[-562.93472219] [-249.32] 0.5
[-241.43831601] [-407.8] 0.51
[-414.19243941] [-856.] 0.51
[-205.487079] [-688.27] 0.51
[689.77027432] [-651.65] 0.51
[226.33959534] [-1008.49] 0.51
[240.22245062] [-2123.03] 0.51
[614.91089441] [-1922.85] 0.51
[547.85671191] [-2389.92] 0.51
[366.75228953] [-2417.65] 0.5
[540.68653528] [-5412.22] 0.5
[193.38957755] [-4759.5] 0.5
[31.14349032] [-4737.91] 0.5
[75.28882307] [-4589.23] 0.5
[-96.00012811] [-4677.58] 0.5
[149.5214631] [-4823.04] 0.49
[1187.17560735] [-4194.49] 0.48
[558.59962391] [-3411.66] 0.47
[-730.19431709] [-3470.14] 0.47
[810.46995423] [-3479.78] 0.46
[182.51516976] [-4166.77] 0.45
[605.08790884] [-3161.59] 0.44
[861.21612272] [-2540.66] 0.43
[360.77204782] [-2087.06] 0.42
[-12.52564163] [-2040.97] 0.42
[-961.11980677] [-2343.26] 0.42
[-748.76486199] [-2273.22] 0.42
[-505.61798371] [-3027.41] 0.42
[-234.67124305] [-2507.53] 0.42
[-170.6313641] [-2326.06] 0.43
[108.48551654] [-2106.03] 0.43
[43.35532916] [-2258.28] 0.43
[196.07044033] [-2414.22] 0.42
[151.93700407] [-2026.94] 0.41
[-218.64419589] [-1261.94] 0.42
[-897.44433272] [-588.74] 0.43
[-17.2933233] [-679.91] 0.44
[-968.77314021] [-571.62] 0.45
[-943.02470992] [2463.48] 0.45
[-4893.99086241] [1264.21] 0.44
[-2253.04865626] [1725.34] 0.43
[-1683.25853639] [1566.93] 0.42
[-1122.82402759] [1831.31] 0.42
[-2747.89678972] [1514.34] 0.42
[-2137.55958473] [1213.57] 0.41
[-145.26027187] [917.07] 0.41
[-745.25662445] [808.45] 0.41
[512.37538649] [1069.51] 0.42
[-2048.39176758] [1307.42] 0.42
[558.65203041] [338.08] 0.43
[555.3044454] [84.03] 0.44
[960.11259259] [432.53] 0.45
[684.42112643] [713.85] 0.46
[250.19300041] [1137.99] 0.47
[-179.00298592] [1288.57] 0.47
[121.69194895] [1813.86] 0.48
[-2468.7780095] [1385.37] 0.47
[-872.79223988] [1337.05] 0.47
[-291.36942089] [2124.76] 0.46
[-431.22198048] [1819.66] 0.45
[267.37271648] [2082.99] 0.45
[431.53589914] [2102.13] 0.45
[609.72815287] [2126.51] 0.45
[327.09354285] [1542.73] 0.46
[728.16154591] [1825.41] 0.46
[682.21866092] [1805.76] 0.46
[595.45634876] [2708.79] 0.46
[512.64257689] [2948.56] 0.47
[227.11402036] [2635.79] 0.48
[213.5660136] [1839.09] 0.49
[-96.76363737] [1759.59] 0.48
[-111.96118107] [1942.58] 0.48
[154.85828862] [2682.13] 0.49
[-449.68566343] [2678.04] 0.49
[-428.45638628] [2268.7] 0.48
[17.7988669] [2126.34] 0.48
[12.03250847] [2539.36] 0.48
[335.57427669] [2879.13] 0.48
[-84.53759374] [2933.22] 0.47
[-11.2345308] [2379.68] 0.46
[-198.18437582] [1579.97] 0.46
[9.41690575] [1660.18] 0.46
[34.73664038] [1628.8] 0.46
[228.20739483] [1031.46] 0.47
[280.49397709] [1109.] 0.47
[746.92928211] [1077.52] 0.48
[682.08752936] [419.91] 0.48
[625.09086443] [940.44] 0.48
[1080.82906358] [601.32] 0.49
[743.54347998] [724.28] 0.49
[860.94623999] [546.89] 0.49
[533.49225968] [1318.3] 0.5
[941.43237496] [494.61] 0.51
[333.80191594] [487.25] 0.52
[379.04535756] [-207.92] 0.51
[707.14768492] [-198.05] 0.51
[1153.63500216] [143.04] 0.52
[159.69437841] [999.39] 0.53
[108.39437542] [1165.34] 0.54
[-139.85526755] [960.62] 0.53
[-58.37338099] [586.2] 0.52
[181.46699254] [-503.89] 0.51
[206.29380596] [156.38] 0.51
[47.25619638] [87.8] 0.51
[403.67991727] [-339.33] 0.51
[1090.7523383] [-292.67] 0.51
[761.3021009] [-259.74] 0.51
[-102.45650762] [-55.86] 0.52
[-175.52789627] [322.46] 0.52
[-118.32238672] [132.89] 0.52
[-430.15704117] [179.11] 0.52
[-435.95435748] [554.05] 0.52
[-876.66903207] [792.24] 0.52
[-707.05643722] [778.64] 0.52
[233.6896072] [79.04] 0.52
[-63.72265648] [-328.36] 0.53
[44.64758196] [-271.53] 0.53
[280.59007696] [-693.87] 0.53
[637.55155584] [-323.37] 0.52
[884.46496525] [-1018.88] 0.52
[1015.0727967] [-391.6] 0.52
[467.00599347] [-421.66] 0.52
[171.41416253] [-706.58] 0.52
[111.76803874] [-551.33] 0.52
[-72.95110807] [-539.12] 0.52
[745.07715633] [-664.76] 0.51
[200.8090718] [-433.68] 0.5
[366.21073109] [-518.92] 0.49
[-29.5887553] [-452.06] 0.49
[232.4085138] [-48.38] 0.48
[228.29121584] [-172.57] 0.48
[1176.9166156] [-237.54] 0.48
[302.31466951] [-34.17] 0.48
[-33.51437824] [-188.57] 0.49
[-66.63631914] [-271.48] 0.49
[621.73107218] [-261.3] 0.48
[97.87504204] [-249.03] 0.47
[159.989985] [-145.96] 0.46
[-30.72455514] [-182.72] 0.47
[98.90003351] [-70.12] 0.47
[-71.77011734] [-528.03] 0.48
[-29.45965248] [-228.83] 0.49
[315.99084806] [260.82] 0.5
[-51.9348422] [372.26] 0.5
[-180.58138976] [396.83] 0.5
[9.45359968] [703.27] 0.51
[225.78772647] [811.36] 0.52
[-283.67340474] [1857.05] 0.51
[-353.9974732] [1800.97] 0.51
[-415.11777191] [1866.29] 0.5
[-132.85403693] [2026.95] 0.49
[-65.49245938] [2271.46] 0.48
[23.80182653] [2692.38] 0.48
[-171.3952773] [1988.68] 0.47
[14.94969826] [1893.66] 0.48
[-114.72323829] [1938.02] 0.47
[-6.91485472] [2310.21] 0.47
[-138.9347894] [2534.9] 0.47
[181.82698089] [2318.2] 0.48
[-68.68370399] [2531.64] 0.48
[-653.20567314] [2388.16] 0.47
[70.25867311] [2654.9] 0.47
[-395.46384542] [2137.91] 0.46
[-13.76661927] [2379.6] 0.45
[-389.0373113] [2646.43] 0.44
[-200.62560426] [2620.19] 0.43
[-199.29665722] [2699.27] 0.42
[-55.7806134] [2699.35] 0.41
[-162.51485871] [3129.85] 0.4
[-44.58652413] [2576.87] 0.39
[-216.17206157] [2196.6] 0.39
[158.77439328] [2252.71] 0.4
[93.26351485] [1971.52] 0.4
[229.35973178] [1975.94] 0.41
[167.6623727] [1714.19] 0.42
[297.01893207] [721.53] 0.42
[-135.802264] [402.46] 0.41
[859.89757067] [364.7] 0.41
[817.45928438] [187.08] 0.42
[412.41914768] [190.87] 0.43
[854.61433905] [-342.05] 0.43
[1717.05773083] [630.01] 0.43
[384.93151126] [417.] 0.43
[287.19256316] [729.] 0.43
[292.33024151] [-352.84] 0.42
[825.4293685] [-1585.43] 0.41
[318.73343749] [-1137.71] 0.4
[141.23908489] [-1607.98] 0.39
[245.66097683] [-1429.13] 0.38
[301.08297846] [-1525.29] 0.37
[279.51541694] [-1270.91] 0.36
[269.31694725] [-1345.28] 0.35
[-110.28854198] [-1424.77] 0.35
[504.19269511] [-1378.94] 0.34
[163.33175216] [-1427.54] 0.34
[7.47836589] [-1583.24] 0.34
[-29.37583216] [-1619.08] 0.34
[207.4309322] [-1183.91] 0.33
[195.49655383] [-785.57] 0.32
[34.13596711] [-921.93] 0.32
[59.95831687] [-591.01] 0.32
[-81.99540531] [-602.01] 0.33
[38.1896645] [-733.37] 0.32
[-60.33817292] [-1333.47] 0.32
[55.42065795] [-805.18] 0.32
[-113.91578202] [-1232.89] 0.33
[-161.14081908] [-569.58] 0.34
[-69.96779555] [-841.91] 0.34
[721.86749757] [-749.24] 0.34
[184.60185871] [-933.54] 0.34
[211.73038162] [-967.24] 0.34
[344.6737612] [-1082.45] 0.34
[465.50711718] [-619.52] 0.34
[853.12538328] [431.73] 0.35
[1307.89031907] [107.17] 0.35
[-8.49759683] [392.15] 0.34
[-975.6296409] [418.53] 0.34
[-1199.01092396] [420.82] 0.34
[-101.19680327] [482.22] 0.34
[-1089.67661263] [442.97] 0.34
[-233.45870725] [570.64] 0.34
[-62.69316274] [667.75] 0.34
[-81.98483812] [856.23] 0.34
[-19.90599197] [1045.84] 0.34
[-438.06516374] [865.4] 0.33
[-364.05590439] [642.62] 0.33
[135.86930391] [482.89] 0.34
[348.97810967] [559.84] 0.35
[143.69064695] [395.78] 0.35
[295.9195222] [285.08] 0.36
[-270.69619109] [588.55] 0.36
[296.06851325] [1327.7] 0.37
[71.52341109] [1393.24] 0.38
[-306.16466426] [2597.08] 0.37
[-506.41155286] [2257.82] 0.36
[-260.3073167] [2251.68] 0.36
[-290.51125451] [2396.06] 0.36
[-175.89181371] [2262.53] 0.36
[-621.33028741] [2384.04] 0.35
[-33.90195285] [2810.67] 0.35
[179.38315551] [2511.08] 0.35
[80.80132538] [2839.42] 0.35
[-160.80639187] [2989.66] 0.34
[-206.85606434] [3258.55] 0.34
[-378.77402727] [3085.42] 0.34
[-140.23229031] [2786.61] 0.33
[-109.02565847] [3419.57] 0.32
[142.66630546] [3484.79] 0.33
[-889.20945208] [4668.09] 0.33
[2.3217913] [4532.58] 0.34
[161.60970791] [3537.17] 0.35
[361.76760509] [4113.99] 0.36
[263.23924681] [3788.49] 0.36
[477.0600376] [3888.8] 0.37
[543.22749841] [4277.33] 0.37
[449.05258671] [4791.84] 0.38
[481.32772295] [5011.76] 0.39
[378.72019987] [4724.56] 0.4
[155.05266327] [4459.96] 0.4
[132.96973907] [4966.99] 0.41
[243.93101137] [5754.26] 0.42
[343.19588272] [4966.89] 0.42
[1142.43578592] [4830.32] 0.43
[1383.82070567] [5742.93] 0.44
[248.86872367] [5571.29] 0.45
[207.6224901] [5385.51] 0.46
[774.47246858] [5322.54] 0.47
[545.79681302] [5521.05] 0.48
[814.468559] [5450.8] 0.49
[598.56248369] [3692.78] 0.5
[718.68054437] [3574.15] 0.51
[1180.47452197] [3922.1] 0.51
[1092.29626052] [4432.72] 0.51
[884.44980398] [6134.56] 0.51
[641.08789516] [4769.21] 0.51
[940.1884508] [5071.38] 0.51
[759.18968713] [3863.15] 0.52
[1747.6192051] [3074.72] 0.52
[2050.9084557] [4315.22] 0.52
[1202.68289625] [3887.06] 0.52
[1295.73581046] [3852.88] 0.53
[1147.8772597] [3001.83] 0.53
[1422.03244668] [2845.5] 0.53
[879.23433381] [1952.19] 0.53
[932.86044561] [1690.03] 0.54
[1597.23038775] [2712.37] 0.55
[769.79989148] [3196.32] 0.56
[811.70619597] [2551.44] 0.57
[972.87548288] [1760.03] 0.58
[1967.01813132] [3581.03] 0.59
[705.37327829] [5026.89] 0.6
[1470.96673988] [4463.34] 0.61
[2469.12569674] [5170.17] 0.61
[2842.64365571] [5068.3] 0.62
[1661.49438357] [4346.57] 0.63
[1246.8619375] [4652.47] 0.64
[2446.15230922] [4513.57] 0.64
[1569.64812912] [6564.09] 0.65
[1268.79322629] [7554.71] 0.66
[753.11177497] [8710.79] 0.67
[397.5074152] [8054.98] 0.68
[3088.84495807] [7326.96] 0.68
[711.00846739] [8583.85] 0.69
[1790.69596511] [9629.62] 0.69
[1651.44064788] [9528.02] 0.7
[2651.59100659] [10723.26] 0.7
[1903.91065182] [13040.4] 0.7
[1603.40309614] [13623.12] 0.7
[1330.16537991] [12853.62] 0.71
[1540.63905217] [15727.8] 0.72
[1112.14596806] [18306.26] 0.73
[1842.14370271] [21238.28] 0.74
[887.39855555] [22640.89] 0.75
[1582.76214465] [21437.28] 0.75
[1063.78535334] [19075.61] 0.75
[1108.64727164] [16268.35] 0.76
[732.9236484] [14572.07] 0.77
[2709.02383638] [16013.65] 0.78
[1776.90564364] [16311.01] 0.79
[1749.52323644] [13677.73] 0.8
[1761.70426549] [12195.28] 0.81
[2037.77760519] [12302.43] 0.82
[1377.47357315] [13886.87] 0.83
[1590.01702304] [12195.14] 0.84
[2113.933832] [12285.61] 0.85
[1223.36234304] [7082.35] 0.86
[1220.48285076] [8308.8] 0.86
[1472.18723213] [5656.53] 0.86
[1036.97190236] [6030.26] 0.86
[677.18840696] [5206.57] 0.86
[2893.00181665] [5165.43] 0.87
[2950.6917264] [1562.58] 0.87
[4249.8758704] [4420.61] 0.87
[4809.90605138] [4920.51] 0.88
[1400.80148881] [2122.64] 0.89
[2154.44774863] [135.68] 0.9
[2351.25847577] [1487.87] 0.91
[2625.2503713] [1482.99] 0.92
[1789.81607035] [815.84] 0.93
[958.64609457] [-2483.95] 0.93
[2305.87797734] [-2391.64] 0.92
[2343.69627995] [-917.46] 0.91
[691.60884933] [688.01] 0.92
[1790.70817408] [10819.36] 0.93
[1695.91863547] [12577.76] 0.94
[3545.81417665] [7485.04] 0.95
[3677.16947482] [8854.91] 0.96
[2647.72841581] [10642.88] 0.96
[665.80856147] [11119.99] 0.97
[1494.83468277] [12927.36] 0.97
[2214.32214763] [11319.5] 0.97
[-1222.71906297] [13139.97] 0.96
[-1709.97567292] [16579.25] 0.95
[-1396.36910507] [20810.27] 0.94
[2692.09024073] [22914.12] 0.94
[-206.11224408] [23901.46] 0.93
[-1309.45364086] [25211.02] 0.92
[-1320.36043876] [21880.14] 0.91
[4221.91445504] [16338.63] 0.91
[-239.33042176] [20205.67] 0.9
[-2451.81266742] [13397.25] 0.89
[-3816.34598722] [12026.05] 0.88
[-1484.66999449] [11837.77] 0.87
[-502.26886917] [11977.46] 0.86
[-1622.78087824] [16095.53] 0.85
[-665.10396097] [12826.38] 0.84
[-15.50639202] [12801.45] 0.83
[-300.69402774] [11446.82] 0.82
[7361.92154692] [10582.77] 0.82
[5474.55302306] [9558.33] 0.82
[5521.25100023] [12241.6] 0.82
[3115.05902015] [5935.03] 0.82
[1224.83817336] [8291.94] 0.82
[6400.75040277] [11119.06] 0.82
[7793.60364792] [9750.62] 0.82
[9199.6269273] [9781.88] 0.82
[7927.31640547] [14073.54] 0.82
[8136.17905133] [10413.1] 0.82
[8616.68954516] [7802.87] 0.82
[4046.63893881] [7712.28] 0.82
[7996.86568952] [6794.77] 0.82
[7131.48252078] [6057.75] 0.82
[9819.33832344] [2158.6] 0.82
[11712.30895812] [2084.6] 0.82
[8166.32463524] [-76.69] 0.81
[9524.98586708] [81.56] 0.81
[13716.88172849] [5597.03] 0.81
[-1870.31293792] [1883.39] 0.8
[10266.9439375] [4615.5] 0.8
[-1116.50536434] [8734.16] 0.79
[-4551.12309693] [9708.06] 0.78
[-7700.96189296] [10669.79] 0.77
[-6921.18265106] [8009.24] 0.76
[-1909.87166126] [10374.09] 0.75
[-1003.77500276] [8257.55] 0.74
[-394.46313713] [10288.01] 0.73
[565.52683306] [10169.94] 0.73
[2300.49711879] [8194.9] 0.73
[2317.66814507] [7036.85] 0.73
[2782.3980154] [6754.77] 0.73
[3052.4694788] [3138.94] 0.73
[3218.82329566] [-49.96] 0.72
[4708.6869958] [284.59] 0.72
[6907.72511222] [849.3] 0.72
[-783.42000175] [-1484.73] 0.72
[-487.83762654] [831.4] 0.71
[4680.63628605] [4080.02] 0.71
[5928.79992456] [6682.06] 0.71
[9002.4984436] [4056.12] 0.71
[11503.12242866] [5586.73] 0.71
[9428.0170402] [3380.88] 0.71
[8302.82600335] [2001.29] 0.71
[9072.4052389] [-1159.69] 0.7
[5072.0877244] [1498.18] 0.7
[1288.67199894] [2030.45] 0.7
[-842.38042322] [1300.57] 0.69
[6469.11540342] [315.79] 0.69
[3221.42638916] [-3921.34] 0.68
[3088.26027345] [-5753.4] 0.67
[2364.68533973] [-6708.13] 0.66
[4221.92584051] [-3571.03] 0.65
[2008.62193231] [-3658.67] 0.64
[-7777.68910368] [-3851.15] 0.64
[-105.63433022] [-5152.77] 0.64
[5169.08362984] [-1234.7] 0.63
[3591.97923571] [781.01] 0.63
[7362.60294194] [-1596.09] 0.62
[180.3789954] [-1840.77] 0.61
[1203.96093125] [-4778.74] 0.6
[2709.05316067] [1525.96] 0.6
[850.3877557] [-1620.43] 0.59
[9414.60043163] [-722.31] 0.58
[3874.76531301] [-845.19] 0.57
[3750.19523533] [-1684.14] 0.56
[4478.26014106] [-3951.24] 0.55
[-551.12740225] [-6804.44] 0.55
[1257.69869949] [-13962.03] 0.54
[3958.57139638] [-13550.36] 0.53
[5479.12857594] [-11533.46] 0.52
[2120.25191659] [-13350.51] 0.52
[2167.71127715] [-9809.84] 0.52
[-166.90360153] [-12106.9] 0.53
[-262.71117277] [-13595.72] 0.53
[-5795.88516143] [-16844.53] 0.53
[-5692.94908942] [-10947.39] 0.53
[-6718.00695145] [-13872.78] 0.53
[-2504.60614728] [-12582.23] 0.53
[6907.1861133] [-14321.04] 0.52
[-242.0507939] [-15328.05] 0.52
[3036.63441739] [-16660.96] 0.51
[754.76111657] [-15618.06] 0.5
[6615.47927621] [-15138.86] 0.5
[4458.88174839] [-22107.] 0.5
[5354.14260122] [-23209.83] 0.5
[6533.93663823] [-20925.87] 0.49
[2202.52258762] [-19902.79] 0.49
[-496.39181411] [-16579.08] 0.5
[-2621.00100839] [-19887.99] 0.51
[-1157.62287223] [-17239.57] 0.51
[24.41517864] [-20494.76] 0.51
[-2363.58964899] [-23398.43] 0.52
[-644.36432277] [-22464.56] 0.53
[30.12762283] [-22368.63] 0.53
[931.36300022] [-23299.81] 0.53
[1943.24679863] [-11668.73] 0.53
[-6008.99644582] [-12997.7] 0.54
[-4537.55246225] [-12609.34] 0.55
[-8759.85244222] [-11241.68] 0.56
[-11685.58163573] [-7374.82] 0.56
[-4079.05786768] [-3070.44] 0.56
[-10864.07433606] [-2723.63] 0.56
[-9027.89769449] [1360.6] 0.55
[-8891.27831288] [-2716.28] 0.55
[-8615.42517904] [-1550.53] 0.55
[-7591.48518428] [-2004.13] 0.55
[-7796.29213573] [837.81] 0.54
[-8347.59143242] [-7042.04] 0.54
[-305.5639975] [-5962.91] 0.54
[1929.3471434] [-5591.38] 0.53
[2725.99185625] [-3805.91] 0.52
[4062.93435364] [-4049.04] 0.51
[915.41961465] [-2486.76] 0.5
[-1855.58621924] [-1040.14] 0.5
[-4199.79684356] [-2853.87] 0.5
[-949.07937417] [-814.94] 0.51
[-1300.20650421] [-2537.88] 0.51
[769.01552485] [-5651.71] 0.5
[358.92491637] [-3028.65] 0.5
[587.60353576] [-841.4] 0.49
[736.04196393] [-506.87] 0.49
[1828.7194357] [233.1] 0.5
[-4284.07460983] [760.82] 0.5
[-3746.91262605] [-3499.32] 0.51
[-5530.08418764] [-3827.16] 0.52
[221.2214679] [-3494.66] 0.52
[1081.70994294] [-1979.33] 0.52
[226.98468643] [-4839.18] 0.51
[1633.22842008] [-7367.55] 0.5
[-3402.66781634] [-7502.] 0.5
[1461.0414371] [-5510.26] 0.49
[1887.59135079] [-6329.45] 0.48
[142.12490829] [-4308.57] 0.48
[781.16527012] [-4003.51] 0.47
[-5665.74208215] [-3808.86] 0.47
[-4593.58443515] [-870.61] 0.47
[-575.02684239] [-2657.35] 0.48
[-8805.11589646] [-1556.6] 0.48
[-5560.9200223] [-2341.49] 0.48
[-3999.32748572] [1941.05] 0.47
[-4604.64920781] [2118.43] 0.46
[-3616.74246761] [720.75] 0.45
[-1661.73589676] [2861.47] 0.44
[-2953.98702554] [3558.25] 0.44
[967.74850159] [4955.17] 0.44
[-560.77471841] [6469.05] 0.43
[-1757.20228455] [8357.29] 0.43
[-2662.25601146] [6970.08] 0.42
[-2370.32113857] [4691.16] 0.42
[-795.17303483] [5445.97] 0.42
[-2538.73485234] [3926.99] 0.42
[-2863.68675556] [5911.1] 0.42
[686.07568054] [8004.59] 0.43
[125.96529129] [9007.43] 0.43
[234.15444681] [11118.56] 0.43
[-1230.42390378] [9588.5] 0.43
[401.46640794] [13175.21] 0.43
[1481.80825373] [12921.81] 0.44
[-1293.17856444] [12796.85] 0.44
[-671.09676783] [12679.19] 0.44
[399.69734885] [16412.73] 0.44
[-1143.15793919] [15591.53] 0.44
[-2574.75092556] [15272.92] 0.44
[-4837.16215029] [15166.61] 0.44
[-1477.8562697] [14858.33] 0.44
[-3481.20164423] [12659.8] 0.44
[2175.04279261] [14436.76] 0.44
[1831.29538567] [15746.12] 0.45
[-423.1200192] [14652.68] 0.45
[-574.05578449] [13970.48] 0.45
[2209.89005693] [12205.36] 0.46
[1662.17675278] [8338.63] 0.47
[1521.59051615] [8969.56] 0.47
[889.96948214] [6956.87] 0.47
[5454.62984672] [6842.71] 0.47
[5492.47280726] [7238.59] 0.47
[6134.43266934] [8806.32] 0.47
[1771.25609782] [7880.83] 0.47
[5191.61003893] [9017.87] 0.48
[3430.03865978] [9112.62] 0.48
[130.89237598] [8447.01] 0.49
[1713.19320357] [7209.38] 0.5
[1196.78266511] [5313.25] 0.51
[3718.74149531] [7952.92] 0.52
[5966.82810339] [6343.94] 0.53
[7635.74228517] [1200.8] 0.54
[4239.97123615] [466.92] 0.55
[6229.63165113] [1950.91] 0.55
