[27.52247287] [60.86] 1.0
[17.90392675] [67.49] 1.0
[13.86531423] [74.62] 1.0
[18.75875754] [82.48] 1.0
[14.10162028] [109.24] 1.0
[5.59849778] [115.6] 1.0
[2.96225658] [93.5] 1.0
[7.31356246] [75.81] 1.0
[9.73654618] [87.14] 1.0
[7.57619404] [81.66] 1.0
[5.58452742] [90.18] 1.0
[8.75945376] [55.23] 1.0
[13.35642697] [47.96] 1.0
[14.6975436] [47.76] 1.0
[15.08775572] [29.96] 1.0
[20.41074307] [25.31] 1.0
[21.87982913] [35.7] 1.0
[24.82260677] [9.36] 1.0
[28.66597868] [55.88] 1.0
[28.24942097] [88.74] 1.0
[36.09429031] [59.54] 1.0
[35.76342632] [50.97] 1.0
[34.88448268] [44.67] 1.0
[27.74248224] [47.65] 1.0
[27.47787952] [38.06] 1.0
[23.62713952] [48.22] 1.0
[21.97592865] [54.57] 1.0
[22.95901735] [65.37] 1.0
[21.92734236] [74.72] 1.0
[19.00063436] [70.54] 1.0
[16.85176288] [67.08] 1.0
[16.61551511] [63.16] 1.0
[13.02560815] [39.79] 1.0
[10.03899493] [28.36] 1.0
[20.91890592] [39.72] 1.0
[19.5294335] [59.34] 1.0
[15.25448542] [50.14] 1.0
[29.24680622] [56.12] 1.0
[13.0082868] [82.58] 1.0
[20.61732082] [97.52] 1.0
[17.66702826] [165.67] 1.0
[14.29596683] [157.94] 1.0
[19.679247] [164.64] 1.0
[11.62785948] [170.02] 1.0
[13.95575814] [197.66] 1.0
[14.23527626] [187.65] 1.0
[14.77909195] [221.33] 1.0
[14.66520932] [179.72] 1.0
[17.41463627] [193.79] 1.0
[17.70389977] [234.75] 1.0
[19.17979257] [261.34] 1.0
[20.36652768] [256.8] 1.0
[14.38313295] [367.77] 1.0
[16.40211493] [224.95] 1.0
[17.79626416] [229.63] 1.0
[17.78584867] [127.75] 1.0
[16.91910578] [131.14] 1.0
[17.88644405] [133.49] 1.0
[17.80077175] [128.06] 1.0
[16.58670663] [10.33] 1.0
[17.32513691] [4.17] 1.0
[13.602695] [50.41] 1.0
[13.7204957] [29.21] 1.0
[15.16958039] [31.15] 1.0
[10.08562611] [41.83] 1.0
[19.68973751] [110.75] 1.0
[11.32148182] [82.39] 1.0
[18.15100547] [60.828875] 1.0
[21.47450565] [-7.6889125] 0.9855072463768116
[17.72294614] [4.03] 0.9857142857142858
[17.63016293] [26.003625] 0.9859154929577465
[17.48394544] [24.7436125] 0.9861111111111112
[21.46279732] [-10.4] 0.9726027397260274
[18.89395213] [-37.294375] 0.9594594594594594
[23.45354683] [-47.42375] 0.9466666666666667
[16.74139744] [-37.1] 0.9342105263157895
[19.00037897] [-37.80775] 0.922077922077922
[10.65552989] [-81.787] 0.9102564102564102
[50.94354881] [-103.78] 0.8987341772151899
[53.37979575] [-48.713925] 0.8875
[59.60919932] [-147.056125] 0.8765432098765432
[117.12162031] [-11.25] 0.8658536585365854
[101.84291025] [13.377] 0.8674698795180723
[74.33633147] [134.169413] 0.8690476190476191
[40.32484617] [125.93] 0.8705882352941177
[-96.61946] [113.52375] 0.8604651162790697
[-157.7119979] [144.06] 0.8505747126436781
[-132.62528571] [267.62] 0.8409090909090909
[-219.4541031] [195.183] 0.8314606741573034
[-227.1749904] [172.8135] 0.8222222222222222
[-123.91498827] [179.68] 0.8131868131868132
[-62.60802163] [181.054625] 0.8043478260869565
[-84.90436685] [169.377375] 0.7956989247311828
[-66.58793472] [97.36] 0.7872340425531915
[41.61738777] [105.725988] 0.7894736842105263
[67.13880747] [139.40925] 0.7916666666666666
[77.54746425] [141.5789125] 0.7938144329896907
[85.16071805] [160.997138] 0.7959183673469388
[122.14794238] [134.175661] 0.797979797979798
[87.59794614] [128.7963875] 0.8
[141.9731458] [203.818429] 0.8
[95.94955864] [230.177563] 0.8
[14.71719981] [214.05375] 0.8
[38.0153453] [259.81625] 0.8
[31.89863436] [230.293464] 0.8
[23.21743377] [234.437] 0.8
[7.12064351] [278.56195] 0.8
[10.79538316] [222.859211] 0.8
[32.2082797] [211.186125] 0.8
[52.3314136] [275.990817] 0.8
[78.34220378] [272.113] 0.8
[73.75168219] [256.000587] 0.8
[73.21489053] [236.8633] 0.8
[64.26879098] [251.183625] 0.8
[53.79413219] [229.39] 0.8
[24.53107255] [104.5533] 0.8
[-42.68338843] [216.366143] 0.79
[-80.73570796] [192.9865] 0.78
[-59.36381115] [181.569875] 0.77
[-37.52358874] [226.89] 0.76
[21.27990468] [227.802625] 0.76
[59.87879605] [244.170786] 0.76
[77.3343969] [245.073637] 0.76
[15.48532481] [221.791875] 0.76
[-76.81119677] [55.971888] 0.75
[-79.10291512] [-104.4047755] 0.75
[-6.58219854] [-85.089286] 0.75
[-43.05741616] [-1.785512] 0.75
[-37.86373473] [-5.158386] 0.75
[-46.09237665] [-10.223188] 0.75
[-18.90011924] [-91.221] 0.75
[-8.47487501] [-232.9465357] 0.75
[-10.39742104] [-222.675714] 0.75
[2.90173946] [-193.5836875] 0.74
[7.28926823] [-153.5227] 0.73
[18.60673315] [-146.525286] 0.72
[25.86905249] [-150.3145] 0.71
[19.86598698] [-221.506267] 0.7
[15.36431633] [-250.4] 0.69
[38.79744225] [-200.070429] 0.68
[18.74508592] [-171.764175] 0.67
[69.71625647] [-195.207375] 0.66
[61.49198973] [-137.899637] 0.65
[72.97192704] [-24.313986] 0.64
[60.83701441] [-58.939143] 0.63
[-1.16137613] [-1.63575] 0.63
[-101.5963888] [1.989963] 0.62
[-109.55956121] [-43.464625] 0.62
[-53.30031038] [-19.935125] 0.62
[-3.47779128] [-18.753748] 0.62
[49.23558361] [-38.309625] 0.61
[76.50137772] [-76.976287] 0.6
[96.74393133] [94.088169] 0.6
[84.64843731] [218.1276375] 0.6
[18.85945288] [219.237413] 0.6
[-122.02592284] [156.550387] 0.59
[-227.37840435] [58.339957] 0.58
[-178.12850012] [104.930088] 0.57
[-100.41730102] [202.897325] 0.56
[58.26071652] [294.7102857] 0.56
[65.33886681] [333.381225] 0.56
[29.74041387] [301.2018005] 0.56
[11.30453389] [203.61075] 0.56
[-6.20229195] [238.374688] 0.55
[-21.91758407] [268.534375] 0.54
[2.70280389] [250.11545] 0.54
[50.79329731] [296.554429] 0.54
[69.35030254] [248.049467] 0.54
[77.43694562] [233.830875] 0.55
[77.3811553] [337.182813] 0.55
[59.64821765] [310.475925] 0.55
[63.8794823] [314.470686] 0.55
[73.00922216] [374.762125] 0.56
[81.77937559] [342.880821] 0.57
[96.71007353] [337.600162] 0.58
[117.57481318] [351.838429] 0.59
[131.98119133] [432.87435] 0.6
[135.01137235] [424.482962] 0.61
[128.01593369] [543.79625] 0.62
[111.03465106] [640.96685] 0.63
[93.2298143] [643.739943] 0.64
[80.01656812] [601.560013] 0.65
[70.72241594] [589.389087] 0.65
[63.45738232] [574.365125] 0.65
[54.97415928] [562.061975] 0.65
[19.35359409] [589.554975] 0.66
[-31.13098431] [542.293675] 0.66
[8.99621365] [724.890488] 0.67
[78.56833425] [791.598563] 0.68
[56.95795623] [750.851887] 0.69
[26.01565002] [849.822313] 0.7
[20.46014741] [1008.2956] 0.71
[34.22991913] [947.210125] 0.72
[-167.02460035] [1099.186286] 0.72
[43.93616304] [880.682428] 0.72
[-17.19839016] [944.840962] 0.71
[-60.48601302] [859.9808] 0.7
[-88.21493008] [858.757887] 0.69
[-103.57261187] [837.943712] 0.68
[-75.21925205] [838.383914] 0.67
[97.81857979] [890.950546] 0.67
[117.39623083] [876.594929] 0.67
[119.16895371] [1007.015158] 0.67
[100.42031451] [980.304714] 0.67
[98.64716966] [888.910775] 0.67
[103.30079681] [1232.213697] 0.67
[111.93820218] [902.034613] 0.67
[121.08412009] [862.039437] 0.67
[141.67945727] [998.4913] 0.67
[137.03170392] [1073.452844] 0.67
[145.80092516] [1122.3135] 0.67
[152.39031337] [877.675063] 0.67
[147.58474609] [1009.153111] 0.67
[146.52452843] [898.514937] 0.67
[97.10544219] [658.50025] 0.67
[60.97748545] [503.439326] 0.67
[24.99364951] [425.030212] 0.68
[22.28861322] [498.549252] 0.69
[36.88628323] [526.54795] 0.7
[108.19322399] [312.289712] 0.71
[136.2197626] [414.72325] 0.71
[175.26477787] [340.081727] 0.71
[220.27711172] [501.503143] 0.71
[291.93396404] [309.344888] 0.71
[369.15990113] [319.385486] 0.72
[183.47976275] [226.0993] 0.72
[321.96498882] [227.883114] 0.72
[160.73809345] [299.415272] 0.72
[183.89276006] [159.057329] 0.72
[239.26464951] [67.711375] 0.72
[197.48179778] [-24.573815] 0.71
[151.70191252] [-94.913143] 0.7
[174.05116747] [31.695429] 0.7
[121.73172805] [-283.583859] 0.7
[400.67133525] [-66.030863] 0.7
[188.22915946] [-73.06225] 0.7
[165.78545182] [-336.290086] 0.7
[117.80474074] [-342.512857] 0.7
[145.23715993] [-362.391062] 0.7
[225.08324743] [-291.50492] 0.7
[193.80067009] [-421.095086] 0.7
[-17.6117093] [-320.251429] 0.71
[-37.73347897] [-87.696833] 0.72
[-46.9912127] [-126.469814] 0.73
[-196.1219465] [-418.9444] 0.74
[37.35473744] [-576.174952] 0.73
[-82.8727729] [-706.250263] 0.74
[93.20228097] [-279.87775] 0.73
[214.33780918] [-406.27755] 0.72
[367.659972] [-462.078013] 0.71
[335.989851] [-31.284637] 0.71
[254.6256013] [218.444969] 0.72
[137.61803498] [313.143714] 0.72
[-161.49254225] [249.791029] 0.71
[-281.27983446] [43.094803] 0.7
[-272.81776507] [-21.049186] 0.71
[-379.86570086] [89.325] 0.71
[-350.26752693] [303.995208] 0.71
[-206.73136432] [283.608657] 0.71
[71.38605211] [324.695417] 0.71
[-10.87184434] [305.206238] 0.7
[46.93542175] [263.170162] 0.7
[10.66454987] [94.743983] 0.7
[82.09936006] [184.149967] 0.71
[49.09357346] [298.798786] 0.72
[-268.68672102] [715.255017] 0.71
[-843.55514593] [716.323595] 0.7
[20.10315851] [844.029857] 0.7
[29.74505206] [1130.284333] 0.7
[-9.40289667] [971.577746] 0.69
[-51.86698383] [985.496583] 0.68
[-76.28888905] [1294.016667] 0.67
[-112.01257807] [1793.807314] 0.66
[-156.54526036] [1937.3057] 0.65
[-173.26384134] [2372.032] 0.64
[-166.97908563] [1896.906079] 0.63
[-19.57233208] [1915.2043] 0.62
[-3.57201501] [2063.515717] 0.61
[-17.73899325] [1448.244704] 0.6
[-9.76528633] [1297.100143] 0.59
[-18.14799414] [1332.448033] 0.58
[3.31103132] [1291.900971] 0.58
[78.46764414] [1425.282083] 0.58
[-188.14832986] [1610.65] 0.57
[-293.29121204] [1692.691717] 0.56
[105.44638847] [1550.133417] 0.56
[-157.7997966] [1575.713317] 0.56
[109.91863343] [1608.352916] 0.56
[39.61828697] [1472.618333] 0.56
[31.95171638] [1745.08545] 0.56
[77.22629913] [1901.353867] 0.56
[82.04275465] [1788.402283] 0.56
[77.03698433] [2121.740017] 0.56
[94.65898442] [1362.272463] 0.57
[134.09705201] [1333.007467] 0.57
[257.07417452] [1133.898317] 0.58
[505.93363588] [1031.345807] 0.59
[753.56601779] [1027.693683] 0.6
[764.27842271] [1314.3785] 0.61
[750.73535734] [678.243516] 0.62
[730.76261319] [459.457086] 0.62
[679.90034804] [461.435] 0.62
[407.29201992] [-34.901983] 0.61
[432.12579918] [-18.438329] 0.6
[554.10877579] [-218.698733] 0.59
[524.41336114] [-1009.095717] 0.58
[689.39631286] [-914.010067] 0.57
[452.56972913] [-341.08396] 0.56
[42.28000596] [-411.89725] 0.55
[112.06606738] [-365.192] 0.54
[4.44481062] [-42.866667] 0.53
[-187.83769469] [-197.388333] 0.53
[71.16077776] [-445.836717] 0.52
[131.42724592] [-694.26745] 0.51
[173.12761832] [-584.126417] 0.5
[265.85829872] [-576.688333] 0.49
[224.89315911] [-396.495] 0.48
[350.16429687] [-697.678067] 0.47
[549.35770242] [-713.98785] 0.46
[383.71097592] [-380.53095] 0.45
[397.5741749] [-718.16535] 0.44
[572.09888584] [-416.11748] 0.43
[354.9356408] [-224.847033] 0.42
[331.07519501] [42.785433] 0.42
[204.23665171] [-94.65014] 0.41
[102.14933464] [-159.845] 0.4
[179.09324622] [-315.8065] 0.39
[851.49908809] [7.829817] 0.39
[-148.07238816] [63.931667] 0.38
[-166.90060062] [272.325883] 0.37
[-192.96350552] [357.569983] 0.37
[-178.187529] [583.69] 0.37
[-211.52835332] [858.2145] 0.36
[-269.6966956] [1502.54] 0.36
[-353.42601693] [2347.376567] 0.36
[287.37626106] [1975.812693] 0.37
[-203.90315216] [2079.929217] 0.37
[-441.14642615] [2032.675867] 0.37
[-479.26961333] [1660.299607] 0.37
[-355.49270307] [1617.098333] 0.37
[-242.48689686] [1833.1535] 0.37
[-31.26878705] [2341.95729] 0.36
[315.62387139] [2210.0531] 0.36
[-256.96416921] [2205.56455] 0.35
[-167.81922438] [1933.524867] 0.34
[229.75302545] [1990.282617] 0.35
[108.90293389] [1788.622533] 0.35
[26.73490113] [1691.149367] 0.36
[169.21122066] [1696.245333] 0.37
[376.88206278] [1612.42695] 0.38
[72.41420769] [1794.711053] 0.39
[-53.48346695] [1749.60625] 0.38
[422.21609063] [1994.575167] 0.38
[485.03941162] [2440.131683] 0.39
[334.71653153] [2413.128] 0.4
[258.38684343] [2879.14006] 0.4
[244.03374617] [3061.35165] 0.41
[222.46511631] [2763.709117] 0.42
[184.76066774] [2383.411667] 0.43
[172.23612488] [2309.847233] 0.43
[170.02691718] [2309.154233] 0.44
[173.02038339] [2335.86706] 0.44
[181.45663921] [1155.591283] 0.44
[237.72708673] [829.781267] 0.44
[385.32579116] [-109.688417] 0.43
[126.45201471] [839.021666] 0.44
[-464.53012401] [889.91706] 0.44
[-644.49947532] [1706.76992] 0.43
[-507.80863243] [2087.3972] 0.42
[513.72243875] [1889.31016] 0.43
[414.14202778] [1830.700383] 0.44
[393.10346765] [2024.469517] 0.45
[378.04350671] [2173.640133] 0.46
[317.83748729] [2159.21] 0.47
[349.50746824] [2598.412467] 0.48
[132.23888094] [2343.581583] 0.49
[145.12439151] [2361.158333] 0.5
[163.20556692] [2930.710317] 0.51
[172.60537689] [2613.36598] 0.52
[179.99331693] [3581.80505] 0.53
[158.50118176] [3563.863653] 0.54
[222.79940327] [3253.693317] 0.54
[437.601891] [3395.392] 0.54
[680.66496995] [3686.19194] 0.55
[779.48043573] [3442.336683] 0.56
[849.05744812] [3966.632] 0.56
[1187.42356007] [4595.758333] 0.57
[1006.78190176] [4499.092767] 0.57
[828.17213134] [6412.34] 0.57
[560.52173626] [9343.93461] 0.57
[455.42500588] [10141.48215] 0.57
[220.46172674] [8573.61415] 0.57
[140.6357214] [9153.503417] 0.57
[146.60357253] [8518.722467] 0.57
[139.06491034] [10782.76333] 0.57
[95.69574961] [9506.93675] 0.57
[60.07070409] [8437.2793] 0.57
[1914.29683138] [9903.13] 0.57
[1711.58352534] [11681.542947] 0.57
[1652.89000381] [11272.245933] 0.57
[1625.41018813] [10912.13667] 0.57
[1421.89827506] [9677.31167] 0.57
[1340.58694429] [9114.905] 0.58
[1118.65508093] [7810.79] 0.59
[387.47436233] [6939.966667] 0.6
[546.38395135] [5069.202733] 0.61
[-186.86473096] [5180.375] 0.61
[-242.29190928] [4400.73328] 0.61
[420.29758329] [3788.43118] 0.62
[-416.71718667] [5670.32167] 0.62
[83.32018015] [4233.20967] 0.63
[-535.24303654] [3330.098] 0.62
[-288.66490345] [2335.694] 0.62
[39.36379871] [2832.953] 0.63
[534.48771072] [2211.17] 0.64
[834.27447316] [3414.63667] 0.65
[978.86438104] [1512.28167] 0.66
[1534.82235164] [-1462.73167] 0.66
[2555.51022518] [313.24] 0.67
[4519.8907501] [2176.36385] 0.68
[2752.17131667] [2286.145] 0.69
[1354.29403932] [196.95667] 0.7
[1802.61237306] [-2562.14] 0.7
[1195.47798983] [-2370.94667] 0.69
[885.97998637] [-2955.516] 0.69
[869.38216854] [-3859.018] 0.69
[1609.62197168] [-5707.49333] 0.69
[2280.22798617] [-5426.98] 0.68
[3407.35762965] [-4949.66067] 0.68
[1180.83169008] [-4182.97167] 0.68
[750.24494634] [-6265.99333] 0.68
[680.84071421] [-4702.08667] 0.68
[47.3261669] [-4016.125] 0.68
[-1326.79016064] [-825.81667] 0.69
[-2625.99323422] [-2443.947] 0.7
[-2691.48929409] [-2605.60833] 0.7
[-3060.71015504] [-2517.876] 0.71
[-936.42670214] [-4307.06334] 0.72
[545.42585147] [-2988.55167] 0.72
[-1667.8587074] [-3244.195] 0.73
[-4911.86373347] [-1690.79733] 0.74
[-4522.9782064] [-2734.205] 0.75
[-546.01111359] [-2583.345] 0.75
[8.98429695] [-4821.795] 0.75
[275.64138883] [-4970.74167] 0.75
[410.18823741] [-5955.981667] 0.74
[2621.31932931] [-8272.218333] 0.73
[3905.64064292] [-8466.468] 0.72
[4071.33363014] [-8755.301667] 0.71
[4229.28647754] [-8427.090003] 0.7
[2360.73772435] [-7788.79333] 0.69
[2534.03348055] [-6337.461667] 0.69
[712.12775365] [-5056.257333] 0.68
[-83.09729029] [-5667.802] 0.68
[-424.26588874] [-5471.313434] 0.68
[-1725.17981512] [-5509.465] 0.68
[-1935.59981082] [-5944.176] 0.68
[-1949.79613687] [-4956.3725] 0.68
[-713.84385953] [-1782.313337] 0.68
[4229.70134402] [-1873.78333] 0.67
[-1394.08182416] [-1047.65833] 0.67
[-1730.77710311] [-2108.80166] 0.67
[-1792.47825877] [-419.398] 0.67
[-1972.97563846] [-402.455] 0.67
[-1612.40000716] [167.32767] 0.67
[-1412.09909946] [-36.27833] 0.67
[-965.37409289] [-1460.958333] 0.68
[-710.0217615] [-807.69833] 0.69
[-705.53808667] [-1353.47667] 0.7
[-702.50235446] [-1734.776667] 0.7
[-646.70544063] [-864.05167] 0.7
[-635.3830074] [135.39833] 0.69
[-816.61448288] [287.645] 0.68
[-604.82965762] [1926.123337] 0.67
[-2438.86367416] [2029.218333] 0.66
[-1587.67034219] [2474.21833] 0.65
[-1016.38268867] [3029.533337] 0.64
[-714.28872912] [4678.013333] 0.63
[-2170.16171349] [3837.73833] 0.62
[-1720.71119717] [2018.099667] 0.61
[-1806.62094752] [1679.923333] 0.6
[-1469.11254336] [844.198333] 0.59
[-1115.01891815] [426.125434] 0.58
[-717.46418661] [433.915] 0.57
[-99.88198545] [1114.823333] 0.56
[467.68973821] [556.9325] 0.56
[294.47314441] [-181.093333] 0.55
[592.42885562] [-1113.518333] 0.54
[678.9451714] [-1596.75967] 0.53
[1069.20842279] [-2544.10167] 0.52
[1468.62402303] [-2914.415] 0.51
[79.36465909] [-2698.931667] 0.5
[318.8922738] [-2784.75167] 0.49
[1156.7103483] [-2298.226667] 0.48
[1602.36251865] [-1240.663334] 0.47
[1413.89754196] [-1436.74667] 0.46
[1049.13119668] [-1508.921667] 0.45
[563.79657928] [-1079.296666] 0.44
[-554.26937413] [-1890.64333] 0.44
[-890.3794073] [-2443.265] 0.44
[-818.25373859] [-2409.785] 0.44
[-425.50026503] [-3058.77167] 0.44
[107.0834745] [-4048.588333] 0.43
[529.96589679] [-4391.46833] 0.42
[649.15997908] [-4492.62167] 0.41
[474.34578301] [-4480.981667] 0.4
[1900.00295676] [-3352.76333] 0.4
[1075.31311243] [-2691.578] 0.4
[259.10309712] [-3093.95] 0.39
[-758.25771939] [-2485.401666] 0.4
[-3147.90000736] [-2111.322] 0.4
[-456.33293597] [-1759.713333] 0.41
[-2269.54302996] [-2483.57] 0.42
[-2777.36730538] [-2370.29] 0.42
[-1540.48638168] [-2227.273333] 0.42
[-1107.69928135] [-510.276667] 0.42
[-977.90437663] [-588.942] 0.42
[-1318.54990234] [-261.378949] 0.43
[-19.63857081] [169.333333] 0.42
[-791.77175379] [-43.933333] 0.42
[-502.68982541] [-710.223074] 0.42
[-1013.60590303] [-782.815907] 0.42
[255.93815906] [-514.448333] 0.42
[97.95558381] [127.348333] 0.43
[460.15210151] [144.826667] 0.44
[651.32835905] [313.303333] 0.45
[606.12395228] [475.901667] 0.46
[230.44885473] [1679.347] 0.47
[18.85588685] [1697.73] 0.48
[319.90370526] [1307.788333] 0.49
[697.83011712] [2127.788333] 0.5
[287.03772527] [1993.07] 0.51
[-185.96972931] [2396.721667] 0.51
[-527.82765027] [2223.721667] 0.5
[-431.51086401] [1829.115] 0.49
[-564.15861245] [1794.946] 0.48
[147.62640603] [2812.758333] 0.48
[528.08614803] [3149.473333] 0.48
[976.15102103] [3168.626667] 0.49
[248.2382547] [2612.47961] 0.49
[-0.89394283] [2932.166667] 0.48
[54.88516326] [2444.198333] 0.48
[176.57768696] [2395.775] 0.48
[-86.84358961] [1462.525] 0.48
[218.3072496] [527.328] 0.49
[23.27007286] [447.835616] 0.5
[365.99096294] [122.771667] 0.51
[195.98215182] [283.938333] 0.52
[91.09089536] [616.041074] 0.53
[425.19430192] [306.122574] 0.54
[121.83200552] [-69.841667] 0.54
[711.36501445] [-612.663333] 0.54
[-471.69650248] [-568.125] 0.55
[742.10505001] [-423.193333] 0.54
[-136.56813471] [-548.30548] 0.54
[-105.9420538] [-1158.912] 0.54
[13.7305084] [-2102.37] 0.53
[233.26890092] [-1692.205] 0.52
[776.79020864] [-1433.54] 0.51
[1057.02567638] [-1585.641667] 0.51
[665.87438706] [-1972.45] 0.5
[682.70371275] [-1915.01] 0.49
[-128.83254062] [-1779.673333] 0.49
[147.40531121] [-1836.031] 0.48
[-547.8657755] [-2252.548333] 0.49
[-194.58224005] [-2218.203333] 0.49
[212.79711152] [-2158.16] 0.48
[434.74984808] [-1992.996277] 0.47
[385.38626951] [-2131.166667] 0.46
[95.91023514] [-1612.886191] 0.45
[-1147.19610776] [-1702.611667] 0.45
[-199.27265673] [-1634.098333] 0.46
[-133.02900381] [-848.634667] 0.47
[-301.13391438] [-868.806667] 0.48
[-508.9826136] [-1686.631667] 0.49
[-936.19526528] [-1776.36] 0.5
[-956.09116907] [-1632.148] 0.51
[-204.905722] [-2155.36] 0.52
[-387.64496091] [-1459.105] 0.53
[-449.72708552] [-1602.645] 0.54
[-422.47862479] [-1729.653333] 0.55
[-399.67103954] [-2042.995] 0.56
[-149.2256314] [-1939.766187] 0.57
[-8.36678359] [-1659.63] 0.58
[-85.57806688] [-841.021667] 0.59
[-112.01211644] [-805.363333] 0.59
[-123.50657333] [-1244.206667] 0.6
[-142.52829013] [-1201.3025] 0.61
[-38.98305025] [-1191.371667] 0.62
[-252.75534437] [-1133.1125] 0.63
[-422.57537957] [-1241.281667] 0.64
[-451.13581715] [-1287.935] 0.65
[-449.13323736] [-1278.823846] 0.66
[-427.39375063] [-1626.444167] 0.67
[-389.87020177] [-1421.866667] 0.68
[-449.17427906] [-1262.385833] 0.69
[-268.89708096] [-1034.204166] 0.7
[-327.01630369] [-989.282142] 0.71
[-323.13399069] [-1026.140833] 0.71
[-69.69080434] [-1072.895] 0.71
[158.62738528] [-1064.643333] 0.7
[229.9249783] [-1021.258333] 0.69
[126.15898758] [-23.329166] 0.69
[-37.92015582] [-151.638333] 0.7
[-197.5914112] [-368.518333] 0.71
[-171.74716219] [61.663333] 0.71
[-249.4415106] [-243.833333] 0.72
[-220.21648799] [-393.0525] 0.73
[-322.97010842] [-268.426667] 0.74
[-332.31695102] [-215.571667] 0.74
[-277.6505357] [68.600833] 0.73
[-323.2399237] [132.910833] 0.72
[-154.69050701] [606.901667] 0.71
[-59.67629939] [635.571667] 0.7
[-150.66067477] [1095.471667] 0.69
[-102.26451726] [1193.384167] 0.68
[-660.49891196] [1280.829167] 0.67
[-988.31388081] [1478.436667] 0.66
[-816.92894852] [1496.505] 0.66
[-609.47861253] [2153.705] 0.65
[-610.85621007] [2079.428013] 0.64
[-593.65273679] [2031.1075] 0.63
[-574.0425531] [1958.971667] 0.63
[-420.89074739] [1831.5875] 0.62
[50.00330568] [1754.840833] 0.62
[282.0983019] [1290.360833] 0.62
[351.06202869] [977.58] 0.62
[420.55887471] [1004.323333] 0.62
[374.08752968] [838.989167] 0.62
[485.35818961] [653.4875] 0.62
[393.72295928] [257.720833] 0.62
[256.96465151] [264.039167] 0.62
[145.54313135] [482.721666] 0.63
[-122.15643869] [340.866667] 0.63
[-180.27393259] [-6.4075] 0.64
[-434.96775781] [152.137167] 0.64
[-541.43093632] [-102.04] 0.64
[-423.99885734] [62.291667] 0.63
[-288.45123494] [-167.320833] 0.63
[-108.0587494] [-617.780833] 0.63
[20.55454284] [-958.943077] 0.63
[233.71329448] [-1053.772436] 0.62
[540.78010563] [-1115.295] 0.61
[940.7899881] [-898.269167] 0.61
[1097.47742341] [-1047.225834] 0.6
[419.18830835] [-1203.304167] 0.59
[390.76035982] [-1313.853846] 0.58
[285.29369862] [-1675.935833] 0.57
[423.3504331] [-1832.754167] 0.56
[753.4592938] [-1396.164286] 0.55
[657.61300302] [-1462.822436] 0.55
[669.20461159] [-1468.071667] 0.55
[519.49265587] [-1501.643846] 0.54
[189.31762899] [-916.760833] 0.54
[300.60569247] [-492.679167] 0.53
[24.16106713] [-675.0375] 0.52
[963.69275382] [-412.553013] 0.52
[660.83545127] [-228.989167] 0.52
[70.45562249] [236.655385] 0.53
[-539.98162454] [272.870064] 0.53
[-872.25688892] [271.566667] 0.53
[-527.5107375] [394.839231] 0.53
[-496.64013268] [36.499167] 0.52
[-560.50953347] [104.695333] 0.52
[-601.54364331] [227.1475] 0.51
[-727.16489823] [-24.705834] 0.51
[-566.3365526] [-106.09] 0.52
[-106.30433796] [44.190833] 0.52
[-282.28778239] [-89.539423] 0.53
[-178.12058819] [-16.589231] 0.54
[-28.6624178] [186.3125] 0.53
[-13.29174195] [81.934167] 0.52
[41.32145202] [118.326667] 0.52
[12.97061469] [-85.979167] 0.51
[102.65673812] [-104.614487] 0.5
[-5.30515236] [-232.839167] 0.5
[-164.16087864] [63.992667] 0.49
[-281.19586402] [126.345119] 0.48
[-323.14731681] [36.690769] 0.47
[-313.64305072] [-27.825] 0.47
[-299.23473649] [-79.961987] 0.47
[144.67395619] [-416.59] 0.46
[558.26823205] [-609.558333] 0.45
[606.13632277] [-397.185833] 0.44
[585.45590929] [-295.866154] 0.43
[361.49870877] [-468.305833] 0.42
[484.91510594] [-654.800385] 0.41
[552.94628613] [-649.929231] 0.4
[336.98924862] [-702.438333] 0.39
[325.686798] [-642.666731] 0.38
[351.61629307] [50.458333] 0.38
[159.49542634] [67.359167] 0.38
[-378.92594226] [215.379167] 0.37
[-867.56209071] [287.194167] 0.36
[-927.34413188] [377.587692] 0.35
[-889.28190321] [325.390834] 0.34
[-785.56035335] [353.7125] 0.33
[-479.9996701] [-77.404167] 0.33
[-281.14381295] [-238.531667] 0.33
[-122.81384647] [-271.655] 0.33
[73.91251754] [-222.990833] 0.33
[356.47567901] [51.970834] 0.34
[213.03117612] [302.538333] 0.35
[185.98058654] [253.886154] 0.35
[101.47435678] [149.478102] 0.35
[39.88862961] [-160.380833] 0.35
[57.15871854] [-267.294167] 0.34
[73.77465815] [-178.843333] 0.33
[130.19698313] [-134.524167] 0.32
[220.13385907] [-102.024] 0.31
[279.58298733] [39.678333] 0.32
[219.4777351] [-45.706667] 0.32
[164.52711277] [-212.326667] 0.32
[132.28502134] [-84.556667] 0.32
[122.76877335] [-135.925] 0.32
[123.94198324] [-228.351667] 0.32
[57.37856489] [-253.18881] 0.32
[43.29220655] [-168.7925] 0.32
[-49.75153699] [-141.449167] 0.33
[-295.13302833] [-180.875] 0.34
[-252.92008746] [-191.066667] 0.35
[-98.86740614] [-181.746667] 0.36
[-395.64066164] [-181.602692] 0.37
[-487.61105599] [-183.951667] 0.38
[-175.77133698] [-88.06] 0.38
[34.38871431] [237.615834] 0.38
[-54.10562625] [184.439167] 0.37
[-129.22942676] [152.033333] 0.36
[-179.07743547] [78.869166] 0.35
[-252.31057592] [-44.041667] 0.35
[-274.28018938] [-227.106667] 0.35
[-212.58222229] [-420.121154] 0.35
[-141.01687665] [-811.270769] 0.35
[-68.54761436] [-913.4175] 0.36
[-34.90771201] [-930.5825] 0.36
[18.46831905] [-959.161667] 0.36
[39.57158389] [-1200.8375] 0.35
[71.33584181] [-1809.456] 0.35
[120.88448999] [-2016.33] 0.34
[125.42989889] [-1940.9725] 0.33
[120.96823438] [-2164.415833] 0.33
[12.27078926] [-2112.9375] 0.33
[45.32582196] [-2633.698333] 0.33
[40.21475303] [-2462.131666] 0.33
[-5.01761714] [-2516.102857] 0.34
[-71.42068056] [-2198.156154] 0.35
[-83.75874967] [-2078.4975] 0.36
[-79.98246961] [-2108.904167] 0.37
[-72.34816184] [-2273.6425] 0.38
[-60.19461142] [-2224.326666] 0.39
[-41.73442666] [-2296.365] 0.4
[-10.67656946] [-2476.266667] 0.41
[30.89600975] [-2680.440833] 0.41
[79.57289422] [-2741.271667] 0.41
[182.5735087] [-3039.326667] 0.41
[209.93360101] [-2963.693333] 0.41
[28.81514103] [-2924.608333] 0.41
[66.86156323] [-2884.57] 0.41
[201.64605719] [-2945.873333] 0.4
[-224.03956838] [-2768.875] 0.41
[-169.78671228] [-2350.0075] 0.42
[-313.34625935] [-2317.818333] 0.43
[-324.35930957] [-2315.823333] 0.44
[-131.10024717] [-2301.201667] 0.45
[-24.66594438] [-1911.5375] 0.46
[-610.10971494] [-1115.43] 0.46
[-392.28241272] [-683.9375] 0.46
[-381.74156358] [-565.946667] 0.47
[-688.91670396] [-174.1475] 0.47
[-769.07837243] [-442.006667] 0.47
[-609.24693988] [203.966666] 0.47
[-1137.24713328] [74.633333] 0.47
[-968.99706058] [20.53] 0.46
[-879.65559799] [-278.074679] 0.47
[-802.33723016] [-415.573333] 0.48
[-596.58741428] [-534.865] 0.48
[-534.52366217] [-204.491667] 0.49
[-481.5745337] [-397.186667] 0.5
[-420.56745389] [-349.054167] 0.51
[-362.00376988] [-209.221666] 0.51
[-285.88106831] [-2.469167] 0.51
[-191.4010301] [120.8175] 0.51
[-91.57009811] [416.983334] 0.51
[-37.68907974] [421.28] 0.51
[-52.61047797] [466.796667] 0.51
[-739.25001303] [512.133333] 0.51
[-532.09703957] [606.06] 0.51
[-579.57413599] [626.858333] 0.51
[-236.59724277] [405.823333] 0.51
[-118.02969054] [367.875833] 0.51
[-68.51293465] [403.925833] 0.5
[-151.84493691] [328.603334] 0.49
[-133.13132368] [139.555] 0.49
[-146.62023993] [100.245] 0.49
[-61.57242703] [-186.771667] 0.5
[29.0788499] [-361.420833] 0.5
[199.05267742] [-502.795] 0.5
[723.73040042] [-220.45] 0.49
[794.10346527] [-323.498333] 0.48
[78.14643884] [-446.7425] 0.47
[-115.24775513] [-273.86] 0.48
[187.07252313] [-238.029167] 0.47
[-222.00435164] [-281.81] 0.47
[-382.636863] [-157.655] 0.47
[-247.68133343] [-334.495833] 0.47
[-186.58296466] [-194.06] 0.48
[-187.38067032] [-237.045833] 0.49
[-170.98633536] [-303.691667] 0.5
[-16.11794251] [-434.28] 0.51
[25.90232553] [-395.7975] 0.51
[26.09359962] [-377.816667] 0.5
[65.79045522] [-381.29] 0.5
[332.93929185] [-414.236667] 0.5
[276.45172234] [-580.073333] 0.5
[15.37645545] [-579.9] 0.5
[-47.55246092] [-566.798333] 0.51
[118.96137018] [-406.885833] 0.51
[68.03893741] [-251.49] 0.51
[22.13540724] [14.734167] 0.51
[-19.61054839] [64.538333] 0.5
[-78.22234708] [154.33] 0.49
[-473.56622695] [-27.315] 0.49
[-309.6651425] [11.149167] 0.48
[-276.09887647] [-6.93] 0.48
[-152.86009419] [-32.085] 0.48
[-77.36915076] [-82.323333] 0.48
[-345.85294601] [-84.43] 0.49
[-349.60356276] [122.3125] 0.49
[-522.32336901] [370.78] 0.49
[-47.80584073] [339.18] 0.48
[-96.85767255] [420.78] 0.47
[-90.67342087] [358.63] 0.46
[-106.26999879] [405.69] 0.45
[-84.70069548] [563.3] 0.44
[-39.99579354] [212.39] 0.43
[-40.9713975] [399.75] 0.43
[-50.62897431] [409.85] 0.43
[-68.21383508] [363.23] 0.43
[-90.84808932] [405.27] 0.43
[-122.06246096] [359.29] 0.43
[-142.06592546] [325.22] 0.43
[-96.61139851] [358.56] 0.43
[-26.77528707] [278.63] 0.43
[-15.02372569] [404.91] 0.43
[-15.85687351] [471.15] 0.42
[-43.99906795] [492.06] 0.41
[-3.30626274] [214.88] 0.4
[80.93616268] [286.18] 0.4
[254.69418217] [241.88] 0.4
[172.73339048] [251.62] 0.4
[-173.46553628] [260.09] 0.39
[-78.54582728] [263.27] 0.38
[-56.70602642] [284.9] 0.38
[-17.76509663] [328.3] 0.38
[-40.44157174] [396.4] 0.38
[-53.89661668] [324.18] 0.38
[-41.58581637] [87.97] 0.38
[7.46789236] [102.58] 0.39
[93.14172101] [69.22] 0.4
[260.7761389] [47.46] 0.4
[261.92976467] [15.58] 0.4
[110.43738459] [-127.68] 0.39
[241.59582853] [227.22] 0.39
[119.99328461] [87.56] 0.39
[82.73768228] [116.29] 0.39
[-244.34935215] [215.28] 0.38
[-289.51344628] [187.29] 0.37
[-251.1098038] [280.93] 0.36
[-187.21895142] [283.] 0.35
[-40.0694261] [299.58] 0.34
[-37.76829284] [421.55] 0.34
[-30.33225154] [1010.63] 0.34
[-35.77666393] [1082.96] 0.34
[-19.75012115] [1024.42] 0.33
[-6.1885369] [1152.81] 0.32
[22.1570892] [1102.96] 0.32
[70.91732877] [1261.22] 0.32
[37.94417907] [1387.62] 0.32
[40.55019205] [1283.3] 0.32
[39.55356925] [1432.41] 0.32
[102.01672991] [1149.81] 0.32
[55.7474258] [1136.35] 0.33
[26.28370104] [1048.67] 0.34
[19.68075121] [1157.59] 0.35
[32.56896258] [1037.41] 0.36
[47.30772292] [1167.54] 0.37
[102.93849069] [1163.97] 0.38
[131.07431992] [1283.97] 0.39
[57.97000501] [1277.98] 0.4
[115.3790426] [1297.36] 0.41
[147.15110452] [1287.72] 0.42
[408.77545224] [1441.3] 0.43
[-15.14685998] [1570.42] 0.43
[-45.59339366] [1385.68] 0.43
[-51.83827915] [1158.24] 0.42
[-67.99631901] [1177.28] 0.42
[-52.24160572] [1165.75] 0.42
[-19.20729744] [1187.13] 0.42
[8.44785942] [1108.12] 0.43
[25.16994114] [386.91] 0.44
[44.56586158] [366.86] 0.44
[74.39680427] [478.92] 0.45
[112.15943359] [628.37] 0.45
[143.99149688] [717.56] 0.45
[205.6923518] [528.27] 0.45
[111.3385829] [415.76] 0.45
[225.36505515] [579.91] 0.45
[209.06118148] [626.54] 0.45
[174.38362237] [1111.89] 0.45
[174.1189201] [1275.17] 0.46
[110.47041429] [2183.69] 0.47
[38.72272598] [1826.12] 0.48
[23.45002698] [2786.93] 0.49
[-173.06733841] [2796.04] 0.49
[-170.66999086] [2986.53] 0.49
[-93.55404907] [2609.65] 0.48
[-21.49496918] [2085.18] 0.48
[-3.3822383] [1955.77] 0.48
[35.5039874] [2911.87] 0.48
[128.51069244] [2629.84] 0.49
[191.30075483] [2434.34] 0.5
[214.94514447] [2191.74] 0.5
[136.54528339] [2684.68] 0.51
[126.7513407] [2710.43] 0.51
[148.32648371] [2791.26] 0.51
[122.17452463] [3443.13] 0.51
[18.59155082] [3509.41] 0.51
[-195.30525529] [3450.09] 0.51
[-188.0635079] [3336.31] 0.51
[11.52920882] [2882.3] 0.52
[94.73927011] [2896.67] 0.53
[182.65558431] [2783.72] 0.54
[363.36613883] [3021.37] 0.55
[236.54032401] [2450.45] 0.56
[240.42900648] [1920.08] 0.57
[212.77782899] [1849.32] 0.58
[-36.2151855] [1656.32] 0.58
[82.77370353] [1650.27] 0.59
[182.68628607] [683.03] 0.6
[872.94491] [661.98] 0.61
[881.44006798] [197.27] 0.62
[1097.34830189] [-75.11] 0.62
[402.02186201] [-33.84] 0.62
[644.72860777] [351.92] 0.63
[942.47298379] [1331.38] 0.64
[591.58385015] [1594.42] 0.65
[772.97263738] [785.29] 0.66
[246.96470151] [1320.45] 0.66
[249.2584935] [1123.68] 0.66
[50.32556476] [1655.77] 0.66
[138.00119063] [1651.06] 0.67
[10.91165158] [2206.12] 0.68
[79.8537281] [2597.18] 0.69
[115.47908655] [2070.06] 0.7
[181.44568061] [2247.44] 0.71
[224.23356273] [3046.52] 0.72
[317.48956325] [4269.57] 0.73
[352.09709671] [2860.39] 0.73
[333.83322002] [3820.54] 0.73
[465.71033648] [3335.58] 0.73
[301.77586487] [1998.7] 0.73
[-40.49609449] [2443.8] 0.73
[-111.66000046] [3129.6] 0.72
[-237.82463647] [4198.72] 0.71
[-364.58486851] [3357.26] 0.7
[-452.19374804] [2956.87] 0.7
[-212.50372006] [3300.7] 0.7
[-19.11547114] [3836.4] 0.7
[65.82045465] [4292.7] 0.71
[210.43867666] [4669.2] 0.72
[238.55112212] [3926.84] 0.73
[328.57552838] [3114.99] 0.74
[296.6797076] [3110.37] 0.75
[386.2215327] [2529.63] 0.76
[811.50526435] [1207.97] 0.77
[1226.25050571] [1546.02] 0.77
[1187.09435784] [321.54] 0.77
[1227.15278433] [392.58] 0.77
[1581.07321675] [1107.21] 0.77
[1067.06643966] [326.37] 0.77
[1160.92244677] [96.27] 0.77
[1774.03353227] [-227.07] 0.76
[2175.80455247] [-693.88] 0.75
[1936.13088887] [-1922.1] 0.74
[1907.08054992] [-3160.38] 0.73
[2943.39914139] [-1257.68] 0.72
[1674.58537755] [-2525.7] 0.71
[1349.59821748] [-2416.39] 0.7
[921.91302591] [-1207.73] 0.69
[237.70990066] [-1077.39] 0.68
[-1000.88483612] [-1216.27] 0.68
[-1027.89658463] [-1900.06] 0.68
[-690.66241143] [-753.32] 0.69
[-64.52947246] [-425.61] 0.7
[133.19820574] [-417.47] 0.7
[618.88418269] [-496.78] 0.7
[550.05303039] [-525.09] 0.7
[657.80473632] [-1121.11] 0.7
[1164.42577395] [-139.08] 0.69
[581.06364748] [643.54] 0.69
[252.35141939] [52.67] 0.69
[107.17804228] [-106.88] 0.68
[-381.88013991] [1379.88] 0.67
[-1764.14651365] [512.76] 0.66
[-1533.41451745] [1460.4] 0.65
[-1779.95654589] [342.68] 0.64
[-1676.50716102] [-336.39] 0.64
[-1416.21029747] [-176.31] 0.64
[41.0557691] [-550.38] 0.63
[-423.90028701] [-269.81] 0.63
[293.81381718] [593.64] 0.63
[521.54183858] [916.26] 0.63
[514.45194931] [357.23] 0.63
[1574.51336103] [236.81] 0.64
[198.33656995] [557.16] 0.65
[-52.91149473] [669.81] 0.65
[-386.67106493] [605.06] 0.65
[82.87249888] [858.95] 0.66
[-602.43525705] [582.82] 0.65
[-168.00820824] [-366.88] 0.65
[-63.16758557] [-922.62] 0.65
[9.11280575] [-951.56] 0.64
[246.01884705] [-1213.67] 0.63
[742.40008939] [-1210.44] 0.62
[1228.57229389] [-1401.35] 0.61
[1549.61769027] [-844.38] 0.6
[1692.21708719] [-1376.66] 0.59
[1396.35823565] [-1418.61] 0.59
[1508.67969251] [-1539.17] 0.59
[1304.07559369] [-795.01] 0.58
[222.97520961] [-1160.53] 0.57
[705.32625521] [-1072.6] 0.56
[-40.08335206] [-757.09] 0.56
[-422.54282679] [142.36] 0.55
[-110.19150713] [117.99] 0.54
[-1249.35455409] [4.46] 0.53
[-734.60295288] [146.81] 0.53
[-684.44844024] [-7.17] 0.53
[-959.06313555] [-651.63] 0.53
[-420.14878809] [-570.2] 0.53
[-88.98042361] [28.19] 0.52
[35.47583141] [163.9] 0.53
[-85.61017753] [-232.7] 0.54
[-70.57986258] [-164.31] 0.54
[58.47318867] [-102.01] 0.53
[-199.33033381] [-676.9] 0.53
[-383.64038469] [-1618.34] 0.53
[-194.4174968] [-1285.59] 0.53
[-246.16312219] [-1428.91] 0.53
[-506.85877272] [-1384.09] 0.53
[-973.42538719] [-1375.9] 0.53
[-353.3239254] [-1713.05] 0.53
[-232.60159083] [-2078.9] 0.53
[118.07947222] [-2298.37] 0.52
[1047.51456654] [-2202.13] 0.51
[1189.44439428] [-2341.63] 0.5
[915.32280898] [-2161.99] 0.49
[370.71547891] [-2339.52] 0.48
[338.16886327] [-2536.57] 0.47
[-220.12035292] [-2101.64] 0.47
[-414.17936295] [-1911.03] 0.47
[-848.71068683] [-1571.4] 0.48
[-776.72689045] [-1833.26] 0.49
[-118.03780931] [-2094.17] 0.5
[-37.98434577] [-2053.32] 0.51
[-93.03212842] [-2026.67] 0.52
[-229.59742203] [-1912.09] 0.53
[-381.65695121] [-2028.2] 0.54
[-358.9234083] [-2155.08] 0.54
[-291.44522388] [-2199.1] 0.54
[-239.44149475] [-2218.96] 0.54
[-206.86248695] [-2019.45] 0.54
[-219.30153069] [-1801.99] 0.54
[-183.06050932] [-1460.86] 0.54
[-170.0186222] [-526.85] 0.54
[-210.2045264] [-962.67] 0.54
[-307.71037929] [-623.76] 0.54
[-653.71998198] [472.89] 0.53
[-829.14426871] [1034.8] 0.52
[-1381.86493125] [1494.8] 0.51
[-1290.24708693] [911.02] 0.5
[228.20448501] [1110.43] 0.51
[442.82212289] [782.59] 0.52
[262.3003485] [911.81] 0.53
[178.15520233] [1097.51] 0.54
[157.77008861] [1153.49] 0.55
[201.36784482] [1336.42] 0.56
[232.64813168] [1206.03] 0.57
[176.89805807] [1120.19] 0.58
[125.15861823] [755.42] 0.59
[103.38808009] [617.34] 0.59
[115.32887625] [496.31] 0.59
[278.80560751] [501.4] 0.59
[382.33550686] [753.36] 0.59
[321.1464231] [364.27] 0.6
[63.25488388] [639.36] 0.61
[-105.3516391] [759.91] 0.61
[-233.26456021] [555.54] 0.61
[-211.83017465] [503.54] 0.61
[-333.0479795] [522.66] 0.6
[-324.54884787] [272.87] 0.59
[-410.73670861] [-46.53] 0.6
[-386.16992596] [94.04] 0.6
[-372.34638371] [612.25] 0.6
[-237.34471162] [185.19] 0.6
[-314.82374082] [-1380.44] 0.61
[376.98648809] [-1935.77] 0.6
[-99.27598055] [-2644.14] 0.6
[-560.22128569] [-2088.51] 0.61
[109.63982183] [-2269.72] 0.6
[642.54401283] [-1640.79] 0.59
[1250.56172582] [-1716.98] 0.58
[1123.41439597] [-1495.52] 0.57
[1097.62696422] [-1743.46] 0.56
[1386.67434536] [-1803.47] 0.55
[707.62388206] [-2108.46] 0.55
[606.77140432] [-2013.42] 0.55
[600.73404126] [-2150.49] 0.54
[501.07428922] [-1808.27] 0.54
[481.31966222] [-1218.85] 0.53
[297.42602018] [-1304.58] 0.52
[117.20066138] [-1514.73] 0.52
[-335.95851235] [-1380.39] 0.53
[-159.02166313] [-1580.76] 0.54
[-398.8187007] [-1560.11] 0.55
[-317.66882158] [-1443.16] 0.56
[-57.73358197] [-1205.82] 0.57
[-148.61456124] [-1414.96] 0.58
[-640.06955158] [-1392.79] 0.59
[-283.73247843] [-1296.45] 0.6
[-209.31577887] [-1508.68] 0.61
[-676.20759568] [-797.52] 0.62
[-379.24583207] [-466.21] 0.62
[-956.88964492] [-96.18] 0.63
[-1293.95588863] [-180.83] 0.64
[-852.31358961] [607.01] 0.64
[-1743.12323592] [191.83] 0.64
[-686.925587] [87.06] 0.63
[-628.13823598] [-331.11] 0.63
[-315.56652771] [-236.6] 0.63
[-240.31656235] [-513.54] 0.64
[-200.15195859] [-256.65] 0.64
[-159.00485729] [-17.33] 0.64
[-73.43122988] [-89.99] 0.64
[-3.01436397] [-128.46] 0.65
[52.50202296] [-17.17] 0.64
[93.30954798] [-451.64] 0.63
[54.09896433] [-220.84] 0.62
[-18.04708222] [-156.94] 0.62
[-80.98720733] [-170.82] 0.62
[-87.69729057] [421.82] 0.61
[125.96180418] [944.71] 0.61
[-20.34476486] [840.34] 0.6
[-62.73017916] [628.76] 0.6
[-144.43352634] [932.79] 0.6
[-231.15589772] [953.75] 0.6
[-284.83284168] [1062.83] 0.6
[-271.44600739] [1225.7] 0.6
[-303.65638567] [2230.3] 0.6
[-328.18086564] [1529.6] 0.59
[-267.12981918] [1571.17] 0.58
[-265.11664748] [1710.17] 0.57
[526.74895527] [1767.65] 0.57
[243.91185465] [1188.95] 0.57
[1146.23936616] [1304.39] 0.57
[355.28990399] [1471.57] 0.57
[811.26031086] [1466.22] 0.57
[241.05939435] [1193.71] 0.57
[-47.26198008] [1184.24] 0.56
[-88.01997539] [1026.29] 0.55
[-58.59840127] [1203.06] 0.54
[-33.24578066] [1676.18] 0.53
[6.09050691] [2217.38] 0.53
[5.82674601] [2104.13] 0.53
[-59.65503812] [2558.04] 0.52
[-29.55451504] [2007.42] 0.51
[5.83498202] [2030.2] 0.51
[-1.96939992] [1962.99] 0.51
[-7.18012707] [1402.9] 0.51
[91.11088007] [996.67] 0.52
[-40.74687918] [1572.25] 0.52
[41.7973515] [1937.74] 0.52
[1106.82484469] [1622.88] 0.52
[1060.80622628] [1885.63] 0.52
[209.35307952] [1988.44] 0.52
[209.59634415] [1749.55] 0.52
[103.65056734] [1432.96] 0.52
[404.7025498] [1540.41] 0.52
[229.0282313] [1520.4] 0.52
[683.27592195] [1468.19] 0.52
[291.91074754] [993.32] 0.52
[42.93377275] [1234.31] 0.52
[12.28082758] [1077.46] 0.52
[-156.53188015] [1458.39] 0.51
[-184.33677535] [945.78] 0.5
[-166.05138335] [1218.75] 0.49
[-160.54456228] [1268.41] 0.49
[-308.90879135] [1342.27] 0.49
[-413.24284084] [1400.97] 0.49
[-246.512479] [767.97] 0.49
[-117.48594203] [-76.54] 0.5
[164.59810302] [-494.29] 0.49
[712.46229266] [-697.65] 0.49
[948.68823178] [-621.42] 0.49
[967.27232425] [-843.92] 0.49
[606.56737485] [-401.74] 0.48
[179.8441987] [-249.32] 0.48
[-9.81211587] [-407.8] 0.48
[-213.4474466] [-856.] 0.48
[-66.63947684] [-688.27] 0.49
[277.65023249] [-651.65] 0.49
[683.51173278] [-1008.49] 0.49
[564.1734268] [-2123.03] 0.49
[649.07045208] [-1922.85] 0.49
[583.27058138] [-2389.92] 0.49
[350.02341115] [-2417.65] 0.49
[318.49578583] [-5412.22] 0.49
[71.79073063] [-4759.5] 0.49
[134.16869547] [-4737.91] 0.49
[-177.86380695] [-4589.23] 0.5
[-130.31888267] [-4677.58] 0.51
[-358.37008217] [-4823.04] 0.52
[-169.12508884] [-4194.49] 0.52
[-413.42545917] [-3411.66] 0.52
[-370.38968769] [-3470.14] 0.52
[486.68773011] [-3479.78] 0.51
[18.32475894] [-4166.77] 0.5
[51.16054406] [-3161.59] 0.49
[159.26208083] [-2540.66] 0.48
[-457.80536851] [-2087.06] 0.48
[-484.2808065] [-2040.97] 0.48
[-785.42131127] [-2343.26] 0.48
[-699.33239392] [-2273.22] 0.48
[-48.41168034] [-3027.41] 0.48
[132.95112683] [-2507.53] 0.47
[-238.28460208] [-2326.06] 0.48
[86.97660047] [-2106.03] 0.48
[325.65206115] [-2258.28] 0.48
[268.37524865] [-2414.22] 0.47
[275.29555859] [-2026.94] 0.46
[139.18334295] [-1261.94] 0.45
[-66.34293466] [-588.74] 0.45
[-273.57766315] [-679.91] 0.45
[-1015.83799441] [-571.62] 0.45
[-1022.81965047] [2463.48] 0.44
[-3006.14125927] [1264.21] 0.44
[-3167.97750077] [1725.34] 0.44
[-2994.32631037] [1566.93] 0.44
[-2601.44261435] [1831.31] 0.43
[-2534.34338656] [1514.34] 0.42
[-2187.80831335] [1213.57] 0.42
[-1709.71524963] [917.07] 0.41
[-1625.8272082] [808.45] 0.41
[-874.97072427] [1069.51] 0.41
[-182.98822558] [1307.42] 0.41
[30.8491351] [338.08] 0.42
[337.67704324] [84.03] 0.43
[141.53747214] [432.53] 0.44
[81.04934046] [713.85] 0.45
[464.97889768] [1137.99] 0.46
[453.04586131] [1288.57] 0.47
[623.59907846] [1813.86] 0.48
[410.57112634] [1385.37] 0.48
[557.12084575] [1337.05] 0.48
[535.0752808] [2124.76] 0.48
[381.06351987] [1819.66] 0.48
[415.69551932] [2082.99] 0.48
[478.38417424] [2102.13] 0.48
[527.63328879] [2126.51] 0.49
[453.16481231] [1542.73] 0.5
[447.8180351] [1825.41] 0.51
[431.40331037] [1805.76] 0.52
[640.10838524] [2708.79] 0.52
[590.45431983] [2948.56] 0.52
[476.99322337] [2635.79] 0.53
[532.64066055] [1839.09] 0.54
[600.23679385] [1759.59] 0.54
[416.78498659] [1942.58] 0.55
[-101.64506966] [2682.13] 0.55
[-318.02904075] [2678.04] 0.54
[-310.47626608] [2268.7] 0.54
[-256.56730207] [2126.34] 0.53
[-149.29153224] [2539.36] 0.52
[-27.50002162] [2879.13] 0.51
[10.73978792] [2933.22] 0.51
[26.62668845] [2379.68] 0.51
[54.98766329] [1579.97] 0.51
[45.31945447] [1660.18] 0.51
[68.55429411] [1628.8] 0.51
[277.00780718] [1031.46] 0.51
[146.03650454] [1109.] 0.51
[307.89141226] [1077.52] 0.51
[495.32003875] [419.91] 0.51
[453.56143333] [940.44] 0.52
[379.99688466] [601.32] 0.53
[523.14191288] [724.28] 0.54
[918.83006149] [546.89] 0.55
[760.79202961] [1318.3] 0.56
[767.243228] [494.61] 0.57
[200.79914143] [487.25] 0.58
[107.24137542] [-207.92] 0.57
[229.84958809] [-198.05] 0.57
[360.19206063] [143.04] 0.58
[298.82454889] [999.39] 0.59
[168.86339231] [1165.34] 0.6
[-202.49448298] [960.62] 0.6
[-371.59956558] [586.2] 0.6
[-618.7298744] [-503.89] 0.6
[-566.21648513] [156.38] 0.59
[-392.90455094] [87.8] 0.58
[-64.4136328] [-339.33] 0.59
[203.16659017] [-292.67] 0.59
[563.30324196] [-259.74] 0.59
[756.73125346] [-55.86] 0.59
[480.4133616] [322.46] 0.6
[409.26605597] [132.89] 0.61
[265.4111474] [179.11] 0.62
[196.77213475] [554.05] 0.63
[-323.61800268] [792.24] 0.63
[122.07521669] [778.64] 0.63
[-758.94286135] [79.04] 0.62
[-169.84824151] [-328.36] 0.62
[560.50916624] [-271.53] 0.61
[266.42071988] [-693.87] 0.6
[754.43527671] [-323.37] 0.59
[613.25547555] [-1018.88] 0.59
[714.71897255] [-391.6] 0.59
[492.71958532] [-421.66] 0.59
[194.10996881] [-706.58] 0.59
[161.0958176] [-551.33] 0.58
[170.31099548] [-539.12] 0.57
[36.41799029] [-664.76] 0.56
[-46.14670317] [-433.68] 0.56
[-896.27967959] [-518.92] 0.56
[-513.75649162] [-452.06] 0.57
[255.16969967] [-48.38] 0.56
[186.22482703] [-172.57] 0.56
[172.58227583] [-237.54] 0.56
[18.66649767] [-34.17] 0.56
[-187.2155978] [-188.57] 0.57
[-212.75411331] [-271.48] 0.58
[-127.64250307] [-261.3] 0.58
[-24.24420172] [-249.03] 0.58
[19.99446731] [-145.96] 0.57
[-15.32195462] [-182.72] 0.58
[56.08661548] [-70.12] 0.58
[-16.11372995] [-528.03] 0.59
[4.14345573] [-228.83] 0.59
[62.93184297] [260.82] 0.6
[84.44974904] [372.26] 0.61
[52.74909035] [396.83] 0.62
[-34.23069081] [703.27] 0.62
[-134.30788018] [811.36] 0.62
[-176.00770268] [1857.05] 0.62
[-142.31985401] [1800.97] 0.62
[-86.80587439] [1866.29] 0.61
[-55.82645545] [2026.95] 0.6
[-41.80807229] [2271.46] 0.59
[-8.20726872] [2692.38] 0.58
[32.47837743] [1988.68] 0.58
[12.00455676] [1893.66] 0.58
[9.14365481] [1938.02] 0.58
[-17.46487357] [2310.21] 0.57
[29.16140788] [2534.9] 0.57
[53.73173339] [2318.2] 0.57
[93.82456872] [2531.64] 0.57
[138.28624258] [2388.16] 0.57
[159.90459161] [2654.9] 0.57
[129.65343542] [2137.91] 0.57
[48.4370161] [2379.6] 0.57
[22.51533972] [2646.43] 0.57
[-0.36672423] [2620.19] 0.56
[-15.66910382] [2699.27] 0.55
[4.27866582] [2699.35] 0.55
[24.25487981] [3129.85] 0.55
[39.63680838] [2576.87] 0.55
[56.10786494] [2196.6] 0.55
[82.65752808] [2252.71] 0.55
[77.91840431] [1971.52] 0.56
[53.61259926] [1975.94] 0.57
[50.43932717] [1714.19] 0.58
[63.36400658] [721.53] 0.59
[68.84659486] [402.46] 0.6
[109.91113325] [364.7] 0.61
[181.73430824] [187.08] 0.61
[193.63100641] [190.87] 0.61
[199.4039378] [-342.05] 0.6
[241.21730573] [630.01] 0.6
[300.44460723] [417.] 0.6
[519.33927254] [729.] 0.6
[415.46384971] [-352.84] 0.59
[408.58810519] [-1585.43] 0.58
[509.21155256] [-1137.71] 0.57
[561.50618625] [-1607.98] 0.56
[643.71135064] [-1429.13] 0.55
[667.55505776] [-1525.29] 0.54
[752.97031568] [-1270.91] 0.53
[636.75582895] [-1345.28] 0.52
[600.92779623] [-1424.77] 0.51
[46.17027567] [-1378.94] 0.5
[226.51597838] [-1427.54] 0.5
[114.28606723] [-1583.24] 0.5
[370.06176918] [-1619.08] 0.49
[556.79189976] [-1183.91] 0.48
[457.6161425] [-785.57] 0.47
[322.20399025] [-921.93] 0.47
[223.19680275] [-591.01] 0.47
[-225.05081292] [-602.01] 0.47
[-317.71988647] [-733.37] 0.48
[-368.4768363] [-1333.47] 0.49
[-240.79569548] [-805.18] 0.49
[-314.49708871] [-1232.89] 0.5
[-322.24801723] [-569.58] 0.51
[-176.07896623] [-841.91] 0.52
[292.43588477] [-749.24] 0.51
[447.12452282] [-933.54] 0.5
[272.84258498] [-967.24] 0.49
[138.0571108] [-1082.45] 0.48
[557.19590429] [-619.52] 0.48
[422.24875112] [431.73] 0.48
[-39.24313208] [107.17] 0.48
[-457.48397436] [392.15] 0.47
[-1062.42489676] [418.53] 0.47
[-1766.34240268] [420.82] 0.47
[-1386.14074587] [482.22] 0.47
[-786.80833878] [442.97] 0.47
[-314.41813209] [570.64] 0.47
[-243.55300729] [667.75] 0.47
[-519.00833151] [856.23] 0.47
[-919.70917284] [1045.84] 0.47
[-552.55347893] [865.4] 0.47
[-141.44266418] [642.62] 0.47
[159.74413385] [482.89] 0.47
[717.84244338] [559.84] 0.47
[423.65681493] [395.78] 0.47
[327.48342612] [285.08] 0.48
[390.31170705] [588.55] 0.49
[313.79724468] [1327.7] 0.5
[14.91682576] [1393.24] 0.51
[-622.32480182] [2597.08] 0.5
[-485.95842995] [2257.82] 0.49
[250.7042763] [2251.68] 0.49
[569.55661989] [2396.06] 0.49
[699.36086516] [2262.53] 0.5
[554.12271874] [2384.04] 0.5
[380.2715234] [2810.67] 0.51
[483.71924491] [2511.08] 0.51
[174.7772685] [2839.42] 0.52
[175.63664619] [2989.66] 0.52
[231.07964808] [3258.55] 0.52
[372.33348995] [3085.42] 0.52
[331.61525498] [2786.61] 0.53
[261.32379064] [3419.57] 0.54
[-978.72267584] [3484.79] 0.54
[-222.54912522] [4668.09] 0.54
[168.54100441] [4532.58] 0.55
[277.00447168] [3537.17] 0.56
[319.02382695] [4113.99] 0.57
[335.65633702] [3788.49] 0.58
[342.29610424] [3888.8] 0.58
[349.62863875] [4277.33] 0.58
[323.40204126] [4791.84] 0.58
[321.01406117] [5011.76] 0.59
[286.55869411] [4724.56] 0.59
[101.10689303] [4459.96] 0.59
[52.76608815] [4966.99] 0.59
[143.70144077] [5754.26] 0.59
[344.95789205] [4966.89] 0.59
[640.14705375] [4830.32] 0.59
[912.73781198] [5742.93] 0.59
[1180.52978103] [5571.29] 0.59
[1163.47939981] [5385.51] 0.6
[1272.13105034] [5322.54] 0.61
[1259.55905213] [5521.05] 0.61
[933.0282902] [5450.8] 0.61
[780.40274276] [3692.78] 0.61
[713.22736554] [3574.15] 0.61
[810.96945954] [3922.1] 0.61
[1018.75292532] [4432.72] 0.61
[807.85636595] [6134.56] 0.61
[460.60853651] [4769.21] 0.61
[593.98512319] [5071.38] 0.61
[591.46451524] [3863.15] 0.61
[889.25054168] [3074.72] 0.61
[1329.02500257] [4315.22] 0.61
[1293.17031274] [3887.06] 0.61
[1737.63361169] [3852.88] 0.62
[1678.04230045] [3001.83] 0.62
[1160.11922839] [2845.5] 0.62
[897.33622544] [1952.19] 0.62
[840.43540155] [1690.03] 0.63
[613.17194133] [2712.37] 0.64
[831.01948122] [3196.32] 0.65
[1019.66621404] [2551.44] 0.66
[1314.09076487] [1760.03] 0.67
[1280.6502145] [3581.03] 0.68
[861.74215961] [5026.89] 0.69
[1499.5074643] [4463.34] 0.7
[1306.83523315] [5170.17] 0.71
[1583.47434543] [5068.3] 0.72
[1600.11540465] [4346.57] 0.73
[1101.99040434] [4652.47] 0.74
[1097.8640662] [4513.57] 0.75
[1006.54998889] [6564.09] 0.76
[825.08111532] [7554.71] 0.77
[823.40284219] [8710.79] 0.78
[984.65470949] [8054.98] 0.79
[643.59367469] [7326.96] 0.79
[470.28659947] [8583.85] 0.79
[1408.98234129] [9629.62] 0.79
[1511.04696849] [9528.02] 0.79
[1274.05801761] [10723.26] 0.79
[1487.24221866] [13040.4] 0.79
[904.12987203] [13623.12] 0.79
[784.75046671] [12853.62] 0.8
[871.37926864] [15727.8] 0.81
[683.5172004] [18306.26] 0.82
[199.09715341] [21238.28] 0.83
[-126.60719192] [22640.89] 0.83
[-285.37985547] [21437.28] 0.82
[966.44424213] [19075.61] 0.83
[-69.63365758] [16268.35] 0.83
[293.72883737] [14572.07] 0.84
[556.96042341] [16013.65] 0.85
[-59.77521153] [16311.01] 0.85
[1194.89110124] [13677.73] 0.86
[1803.83635318] [12195.28] 0.87
[2168.76991816] [12302.43] 0.88
[1345.3146377] [13886.87] 0.89
[759.8646766] [12195.14] 0.9
[682.87922761] [12285.61] 0.91
[355.26869415] [7082.35] 0.92
[459.56692333] [8308.8] 0.92
[680.13130099] [5656.53] 0.92
[652.6188789] [6030.26] 0.92
[1794.02777448] [5206.57] 0.92
[3106.12807893] [5165.43] 0.92
[3126.39887891] [1562.58] 0.92
[4857.25109694] [4420.61] 0.92
[3568.37136143] [4920.51] 0.93
[2405.99689314] [2122.64] 0.94
[2904.51742716] [135.68] 0.94
[4018.13781163] [1487.87] 0.94
[2194.11119064] [1482.99] 0.94
[1911.86871679] [815.84] 0.94
[4157.89779781] [-2483.95] 0.93
[4756.61362952] [-2391.64] 0.92
[5687.38713896] [-917.46] 0.91
[5768.55106609] [688.01] 0.91
[1280.19426125] [10819.36] 0.91
[662.18255067] [12577.76] 0.91
[2548.24063448] [7485.04] 0.91
[912.41486809] [8854.91] 0.91
[2168.92809114] [10642.88] 0.92
[2182.099962] [11119.99] 0.93
[-5.1259498] [12927.36] 0.92
[3827.28951163] [11319.5] 0.92
[-1083.11128007] [13139.97] 0.91
[1899.30533858] [16579.25] 0.91
[-3294.34974671] [20810.27] 0.9
[-2425.79830944] [22914.12] 0.89
[-3227.28905291] [23901.46] 0.88
[-3134.29178798] [25211.02] 0.87
[-3293.21768994] [21880.14] 0.86
[-2285.92086706] [16338.63] 0.85
[-3282.27460207] [20205.67] 0.84
[-3985.00953726] [13397.25] 0.83
[165.67454315] [12026.05] 0.83
[1531.76092885] [11837.77] 0.83
[2055.93824346] [11977.46] 0.83
[2487.78354152] [16095.53] 0.83
[-685.49472655] [12826.38] 0.82
[2462.88275776] [12801.45] 0.82
[3519.62689889] [11446.82] 0.82
[4017.95626196] [10582.77] 0.82
[4590.3620732] [9558.33] 0.82
[6218.69948411] [12241.6] 0.82
[8479.53978996] [5935.03] 0.82
[1968.07627666] [8291.94] 0.82
[8621.12536859] [11119.06] 0.82
[7583.12744272] [9750.62] 0.82
[8141.41201972] [9781.88] 0.82
[7577.96588596] [14073.54] 0.82
[8116.77921612] [10413.1] 0.82
[7794.28002478] [7802.87] 0.82
[5237.43911435] [7712.28] 0.82
[5496.52996615] [6794.77] 0.82
[4866.77394102] [6057.75] 0.82
[4396.29363357] [2158.6] 0.82
[4395.34409613] [2084.6] 0.82
[4579.05333056] [-76.69] 0.81
[4368.340995] [81.56] 0.81
[3070.52658516] [5597.03] 0.81
[-589.2588215] [1883.39] 0.8
[-3070.33965426] [4615.5] 0.79
[-7131.4244402] [8734.16] 0.78
[-7578.66822504] [9708.06] 0.77
[-7657.47821109] [10669.79] 0.76
[-10349.11692189] [8009.24] 0.75
[-3866.92665745] [10374.09] 0.74
[731.04376444] [8257.55] 0.74
[1799.0740983] [10288.01] 0.74
[2655.17177879] [10169.94] 0.74
[2034.88369197] [8194.9] 0.74
[2456.34442014] [7036.85] 0.74
[3398.96076991] [6754.77] 0.74
[3599.35830665] [3138.94] 0.74
[4339.45312291] [-49.96] 0.73
[5544.26828319] [284.59] 0.73
[5092.87092382] [849.3] 0.73
[-1935.71822583] [-1484.73] 0.73
[4241.4272217] [831.4] 0.73
[6798.07745229] [4080.02] 0.73
[6977.5077554] [6682.06] 0.73
[5506.72477377] [4056.12] 0.73
[6644.76004204] [5586.73] 0.73
[6442.33285799] [3380.88] 0.73
[8439.06918552] [2001.29] 0.73
[9511.06409475] [-1159.69] 0.73
[10096.51565431] [1498.18] 0.74
[8590.84473008] [2030.45] 0.74
[6295.65482902] [1300.57] 0.75
[5546.01124483] [315.79] 0.75
[253.40594101] [-3921.34] 0.74
[-5102.45169334] [-5753.4] 0.75
[-8528.42869231] [-6708.13] 0.75
[-10164.58539345] [-3571.03] 0.75
[-7273.36680577] [-3658.67] 0.75
[-3980.20923315] [-3851.15] 0.75
[2075.21066555] [-5152.77] 0.74
[2443.10190145] [-1234.7] 0.73
[2721.43877645] [781.01] 0.73
[2891.24151541] [-1596.09] 0.72
[1518.72209692] [-1840.77] 0.71
[4696.00302438] [-4778.74] 0.7
[955.29051354] [1525.96] 0.7
[-369.73623804] [-1620.43] 0.7
[-1251.85497603] [-722.31] 0.7
[-954.07868194] [-845.19] 0.7
[-755.24565115] [-1684.14] 0.7
[-1934.35640353] [-3951.24] 0.7
[-18.28431682] [-6804.44] 0.7
[-187.09675645] [-13962.03] 0.7
[1.07310109] [-13550.36] 0.69
[3120.11429798] [-11533.46] 0.68
[4598.85323933] [-13350.51] 0.68
[3718.17079685] [-9809.84] 0.68
[2394.67446563] [-12106.9] 0.68
[653.90413977] [-13595.72] 0.67
[-2333.42088514] [-16844.53] 0.67
[-6533.5876842] [-10947.39] 0.67
[-3248.54702768] [-13872.78] 0.67
[964.99277245] [-12582.23] 0.66
[1464.09653875] [-14321.04] 0.65
[-4477.36109901] [-15328.05] 0.65
[1612.22398556] [-16660.96] 0.65
[1272.35696832] [-15618.06] 0.64
[-7004.58898349] [-15138.86] 0.65
[-4885.38815115] [-22107.] 0.65
[1929.23444313] [-23209.83] 0.65
[309.38626244] [-20925.87] 0.65
[1063.92305998] [-19902.79] 0.65
[966.33618809] [-16579.08] 0.65
[-187.6464874] [-19887.99] 0.66
[999.4164395] [-17239.57] 0.66
[1625.4639773] [-20494.76] 0.66
[1087.60499491] [-23398.43] 0.66
[2504.39388618] [-22464.56] 0.65
[3095.75141608] [-22368.63] 0.64
[989.95654471] [-23299.81] 0.63
[1265.75721627] [-11668.73] 0.62
[-2528.2094281] [-12997.7] 0.63
[-6446.81527309] [-12609.34] 0.63
[-8768.41950769] [-11241.68] 0.63
[-8756.79821006] [-7374.82] 0.63
[-7319.64762608] [-3070.44] 0.63
[-8280.02341264] [-2723.63] 0.63
[-7705.73169671] [1360.6] 0.62
[-9448.61508874] [-2716.28] 0.62
[-4077.72578872] [-1550.53] 0.62
[-7846.83782707] [-2004.13] 0.62
[-7520.73355282] [837.81] 0.61
[-7467.82446059] [-7042.04] 0.61
[-3256.49898491] [-5962.91] 0.61
[-708.84065032] [-5591.38] 0.61
[1415.51506644] [-3805.91] 0.6
[2051.88536841] [-4049.04] 0.59
[357.38479102] [-2486.76] 0.58
[524.21314801] [-1040.14] 0.57
[234.08066048] [-2853.87] 0.56
[-261.13617153] [-814.94] 0.57
[-1093.49978046] [-2537.88] 0.57
[2798.61416497] [-5651.71] 0.56
[2116.95237162] [-3028.65] 0.56
[1664.072005] [-841.4] 0.56
[-2299.12198382] [-506.87] 0.57
[-4786.6096371] [233.1] 0.57
[-6358.76118069] [760.82] 0.57
[-5773.31019769] [-3499.32] 0.58
[-3942.17281334] [-3827.16] 0.59
[-2126.39683754] [-3494.66] 0.59
[-155.64058299] [-1979.33] 0.59
[686.37119659] [-4839.18] 0.58
[1495.53163941] [-7367.55] 0.57
[2270.76922285] [-7502.] 0.56
[2177.64519896] [-5510.26] 0.55
[1996.16761172] [-6329.45] 0.54
[-697.28207313] [-4308.57] 0.55
[-577.20003552] [-4003.51] 0.55
[-384.07052264] [-3808.86] 0.55
[-491.26305058] [-870.61] 0.55
[-5746.23614286] [-2657.35] 0.55
[-5374.93451289] [-1556.6] 0.55
[-675.84958713] [-2341.49] 0.55
[-1020.24317898] [1941.05] 0.54
[-2666.42097678] [2118.43] 0.53
[-4298.13032316] [720.75] 0.52
[-5574.8861691] [2861.47] 0.51
[-3078.23087789] [3558.25] 0.51
[1595.42322255] [4955.17] 0.51
[-845.43373487] [6469.05] 0.5
[-154.95109646] [8357.29] 0.49
[1119.87498086] [6970.08] 0.49
[-1236.66148038] [4691.16] 0.49
[-3762.70311781] [5445.97] 0.48
[-3845.73190232] [3926.99] 0.47
[-2405.17355367] [5911.1] 0.46
[-2717.51902414] [8004.59] 0.45
[-3347.34475301] [9007.43] 0.44
[-1205.20480098] [11118.56] 0.44
[-1542.39629429] [9588.5] 0.44
[-1409.131311] [13175.21] 0.43
[-1972.79229568] [12921.81] 0.43
[-674.92797651] [12796.85] 0.43
[226.22658573] [12679.19] 0.44
[-291.0088136] [16412.73] 0.43
[-451.93522534] [15591.53] 0.42
[-3509.24751213] [15272.92] 0.41
[-748.86886479] [15166.61] 0.4
[375.0233504] [14858.33] 0.4
[191.68076] [12659.8] 0.4
[349.23199241] [14436.76] 0.4
[395.02976068] [15746.12] 0.4
[24.04695928] [14652.68] 0.41
[-2892.01187231] [13970.48] 0.41
[863.44764585] [12205.36] 0.42
[2173.62680938] [8338.63] 0.43
[4779.98395915] [8969.56] 0.44
[835.27743179] [6956.87] 0.45
[6482.38449154] [6842.71] 0.45
[7118.8263885] [7238.59] 0.45
[3060.03450169] [8806.32] 0.45
[3620.11531788] [7880.83] 0.46
[35.00369289] [9017.87] 0.47
[-822.82418727] [9112.62] 0.46
[-2016.55593482] [8447.01] 0.46
[-1791.71420125] [7209.38] 0.46
[-1374.65555172] [5313.25] 0.45
[-951.23817233] [7952.92] 0.44
[-338.70540729] [6343.94] 0.44
[2815.72644684] [1200.8] 0.45
[7864.83318874] [466.92] 0.46
[5197.81699774] [1950.91] 0.47
