[30.11053667] [60.86] 0.16666666666666666
[11.60221845] [67.49] 0.2857142857142857
[29.41115005] [74.62] 0.375
[15.97857953] [82.48] 0.4444444444444444
[2.52823566] [109.24] 0.5
[3.80988909] [115.6] 0.5454545454545454
[10.06965074] [93.5] 0.5833333333333334
[10.28268516] [75.81] 0.6153846153846154
[6.76719561] [87.14] 0.6428571428571429
[4.6716004] [81.66] 0.6666666666666666
[8.55936106] [90.18] 0.6875
[11.6905937] [55.23] 0.7058823529411765
[15.27736388] [47.96] 0.7222222222222222
[16.88288869] [47.76] 0.7368421052631579
[18.31538159] [29.96] 0.75
[21.96583852] [25.31] 0.7619047619047619
[24.96803544] [35.7] 0.7727272727272727
[27.89934989] [9.36] 0.782608695652174
[34.90606073] [55.88] 0.7916666666666666
[25.64552349] [88.74] 0.8
[39.78198764] [59.54] 0.8076923076923077
[34.19235178] [50.97] 0.8148148148148148
[41.47809836] [44.67] 0.8214285714285714
[30.94759974] [47.65] 0.8275862068965517
[30.26735] [38.06] 0.8333333333333334
[31.05442698] [48.22] 0.8387096774193549
[31.01002755] [54.57] 0.84375
[28.01327916] [65.37] 0.8484848484848485
[24.77389635] [74.72] 0.8529411764705882
[26.25136539] [70.54] 0.8571428571428571
[20.77554561] [67.08] 0.8611111111111112
[17.46788129] [63.16] 0.8648648648648649
[31.49513291] [39.79] 0.868421052631579
[22.98660428] [28.36] 0.8717948717948718
[11.57860125] [39.72] 0.875
[27.68195335] [59.34] 0.8780487804878049
[14.68299822] [50.14] 0.8809523809523809
[20.97909153] [56.12] 0.8837209302325582
[17.2321945] [82.58] 0.8863636363636364
[16.2437701] [97.52] 0.8888888888888888
[20.58267369] [165.67] 0.8913043478260869
[18.56296329] [157.94] 0.8936170212765957
[18.96304798] [164.64] 0.8958333333333334
[15.63021301] [170.02] 0.8979591836734694
[15.57912997] [197.66] 0.9
[17.67088068] [187.65] 0.9019607843137255
[16.68367487] [221.33] 0.9038461538461539
[14.50027461] [179.72] 0.9056603773584906
[19.32933354] [193.79] 0.9074074074074074
[19.33722567] [234.75] 0.9090909090909091
[19.13533345] [261.34] 0.9107142857142857
[26.78154476] [256.8] 0.9122807017543859
[14.86393828] [367.77] 0.9137931034482759
[18.9303112] [224.95] 0.9152542372881356
[18.92357626] [229.63] 0.9166666666666666
[18.53693372] [127.75] 0.9180327868852459
[19.66064533] [131.14] 0.9193548387096774
[18.52297449] [133.49] 0.9206349206349206
[19.52290574] [128.06] 0.921875
[19.48130442] [10.33] 0.9230769230769231
[18.87549152] [4.17] 0.9242424242424242
[16.18564298] [50.41] 0.9253731343283582
[16.42467984] [29.21] 0.9264705882352942
[15.97297459] [31.15] 0.927536231884058
[23.89245906] [41.83] 0.9285714285714286
[7.76511036] [110.75] 0.9295774647887324
[28.05809586] [82.39] 0.9305555555555556
[20.06910189] [60.828875] 0.9315068493150684
[15.84372164] [-7.6889125] 0.918918918918919
[28.08680998] [4.03] 0.92
[21.01381453] [26.003625] 0.9210526315789473
[22.43666207] [24.7436125] 0.922077922077922
[32.68803515] [-10.4] 0.9102564102564102
[19.75012067] [-37.294375] 0.8987341772151899
[21.69364657] [-47.42375] 0.8875
[23.21365189] [-37.1] 0.8765432098765432
[20.81403293] [-37.80775] 0.8658536585365854
[20.0714597] [-81.787] 0.8554216867469879
[25.9424109] [-103.78] 0.8452380952380952
[22.36208481] [-48.713925] 0.8352941176470589
[24.24921372] [-147.056125] 0.8255813953488372
[39.09122408] [-11.25] 0.8160919540229885
[35.06573126] [13.377] 0.8181818181818182
[33.65196456] [134.169413] 0.8202247191011236
[33.99384898] [125.93] 0.8222222222222222
[27.66102024] [113.52375] 0.8241758241758241
[8.11253079] [144.06] 0.8260869565217391
[-23.19236507] [267.62] 0.8172043010752689
[-119.87866757] [195.183] 0.8085106382978723
[-198.47206744] [172.8135] 0.8
[-225.74317949] [179.68] 0.7916666666666666
[-43.78667688] [181.054625] 0.7835051546391752
[-96.91338673] [169.377375] 0.7755102040816326
[-68.21900904] [97.36] 0.7676767676767676
[-7.70211966] [105.725988] 0.76
[58.4940224] [139.40925] 0.77
[41.26194988] [141.5789125] 0.78
[-4.3142269] [160.997138] 0.78
[28.78892337] [134.175661] 0.79
[116.17252043] [128.7963875] 0.8
[23.50096859] [203.818429] 0.8
[40.92457423] [230.177563] 0.8
[-14.97171636] [214.05375] 0.79
[61.59570041] [259.81625] 0.79
[26.82342572] [230.293464] 0.79
[33.96862425] [234.437] 0.79
[33.81647246] [278.56195] 0.79
[6.52694499] [222.859211] 0.79
[37.70817489] [211.186125] 0.79
[49.01506506] [275.990817] 0.79
[32.50557901] [272.113] 0.79
[45.43000787] [256.000587] 0.79
[34.01069958] [236.8633] 0.79
[65.096382] [251.183625] 0.79
[26.94948807] [229.39] 0.79
[70.663187] [104.5533] 0.79
[46.30874402] [216.366143] 0.79
[48.78122973] [192.9865] 0.79
[36.7281521] [181.569875] 0.79
[49.84645761] [226.89] 0.79
[40.99667584] [227.802625] 0.79
[-3.40320128] [244.170786] 0.78
[-32.21109439] [245.073637] 0.77
[-6.97665784] [221.791875] 0.76
[-43.9563429] [55.971888] 0.75
[-78.23077515] [-104.4047755] 0.75
[-41.75416822] [-85.089286] 0.75
[-8.50280984] [-1.785512] 0.75
[-37.36421296] [-5.158386] 0.75
[16.65331345] [-10.223188] 0.74
[12.21130027] [-91.221] 0.73
[12.72449914] [-232.9465357] 0.72
[16.63938066] [-222.675714] 0.71
[34.34292356] [-193.5836875] 0.7
[36.34990146] [-153.5227] 0.69
[41.57684228] [-146.525286] 0.68
[31.28458772] [-150.3145] 0.67
[28.48810455] [-221.506267] 0.66
[39.64834758] [-250.4] 0.65
[52.33670128] [-200.070429] 0.64
[59.85119788] [-171.764175] 0.63
[66.68054972] [-195.207375] 0.62
[46.03818544] [-137.899637] 0.61
[43.89341699] [-24.313986] 0.6
[22.4080875] [-58.939143] 0.59
[-23.8582361] [-1.63575] 0.59
[-19.22510504] [1.989963] 0.58
[-73.35599082] [-43.464625] 0.58
[-99.10782036] [-19.935125] 0.58
[15.38397119] [-18.753748] 0.57
[-31.63124535] [-38.309625] 0.57
[-17.19818102] [-76.976287] 0.57
[-2.98375894] [94.088169] 0.56
[32.27494091] [218.1276375] 0.56
[76.1293949] [219.237413] 0.56
[41.96025473] [156.550387] 0.56
[74.90154955] [58.339957] 0.56
[58.51065564] [104.930088] 0.56
[34.82362454] [202.897325] 0.56
[29.54123449] [294.7102857] 0.56
[27.061474] [333.381225] 0.56
[35.32497293] [301.2018005] 0.56
[81.70743061] [203.61075] 0.56
[62.66273284] [238.374688] 0.56
[59.64418282] [268.534375] 0.56
[73.13331529] [250.11545] 0.56
[54.26609017] [296.554429] 0.56
[24.76553245] [248.049467] 0.56
[40.81659099] [233.830875] 0.57
[8.85620036] [337.182813] 0.57
[63.14561048] [310.475925] 0.57
[-4.77165918] [314.470686] 0.56
[75.79703049] [374.762125] 0.57
[33.09599057] [342.880821] 0.58
[40.55028396] [337.600162] 0.59
[69.84382036] [351.838429] 0.6
[17.02458954] [432.87435] 0.61
[66.20450588] [424.482962] 0.62
[69.85100224] [543.79625] 0.63
[56.35116803] [640.96685] 0.64
[60.23723081] [643.739943] 0.65
[49.56248424] [601.560013] 0.66
[91.62210058] [589.389087] 0.66
[34.13606537] [574.365125] 0.66
[81.94561141] [562.061975] 0.66
[-21.81493] [589.554975] 0.65
[90.22007587] [542.293675] 0.65
[12.19059241] [724.890488] 0.66
[-63.52571745] [791.598563] 0.66
[49.59053711] [750.851887] 0.67
[-58.08470919] [849.822313] 0.67
[40.59629347] [1008.2956] 0.68
[105.83070632] [947.210125] 0.69
[-5.59500837] [1099.186286] 0.69
[29.31975943] [880.682428] 0.7
[-74.64477877] [944.840962] 0.69
[56.197275] [859.9808] 0.69
[56.08627167] [858.757887] 0.7
[65.98488278] [837.943712] 0.7
[36.24786973] [838.383914] 0.7
[88.60675925] [890.950546] 0.7
[82.50409305] [876.594929] 0.7
[118.81558104] [1007.015158] 0.71
[48.87757578] [980.304714] 0.71
[63.23905712] [888.910775] 0.71
[78.74607888] [1232.213697] 0.71
[106.31261405] [902.034613] 0.71
[39.93044904] [862.039437] 0.71
[2.18884757] [998.4913] 0.71
[37.86111112] [1073.452844] 0.71
[55.45082158] [1122.3135] 0.71
[-75.31149008] [877.675063] 0.7
[-124.76692153] [1009.153111] 0.69
[-34.02899703] [898.514937] 0.68
[79.99966991] [658.50025] 0.68
[49.16743891] [503.439326] 0.68
[176.13975973] [425.030212] 0.68
[146.81285809] [498.549252] 0.68
[278.1403986] [526.54795] 0.68
[477.64719274] [312.289712] 0.68
[261.13385975] [414.72325] 0.68
[391.77824495] [340.081727] 0.69
[564.51328848] [501.503143] 0.7
[315.95719186] [309.344888] 0.71
[225.82946758] [319.385486] 0.72
[265.44328453] [226.0993] 0.72
[207.44780231] [227.883114] 0.72
[72.19991598] [299.415272] 0.72
[-140.32233123] [159.057329] 0.71
[121.58309318] [67.711375] 0.72
[69.44481687] [-24.573815] 0.72
[194.07712587] [-94.913143] 0.72
[302.98605428] [31.695429] 0.73
[108.68323239] [-283.583859] 0.73
[481.22504788] [-66.030863] 0.73
[353.77832396] [-73.06225] 0.73
[229.5155824] [-336.290086] 0.73
[238.09021821] [-342.512857] 0.73
[254.74433696] [-362.391062] 0.73
[148.29892076] [-291.50492] 0.73
[156.01560373] [-421.095086] 0.73
[199.64480119] [-320.251429] 0.73
[125.08276887] [-87.696833] 0.73
[183.70130568] [-126.469814] 0.73
[174.2538206] [-418.9444] 0.73
[112.15029715] [-576.174952] 0.72
[399.26146642] [-706.250263] 0.72
[301.81755486] [-279.87775] 0.71
[293.67532571] [-406.27755] 0.7
[370.2854969] [-462.078013] 0.7
[538.88544405] [-31.284637] 0.69
[397.00926631] [218.444969] 0.69
[117.89403844] [313.143714] 0.7
[-330.76267845] [249.791029] 0.69
[-368.5960202] [43.094803] 0.68
[3.03080806] [-21.049186] 0.67
[95.2103271] [89.325] 0.67
[-155.08813671] [303.995208] 0.66
[110.71728585] [283.608657] 0.66
[6.62405611] [324.695417] 0.66
[240.52314824] [305.206238] 0.66
[149.67168785] [263.170162] 0.66
[-23.89740255] [94.743983] 0.65
[59.33784104] [184.149967] 0.65
[204.81912452] [298.798786] 0.65
[196.32217206] [715.255017] 0.65
[151.71338979] [716.323595] 0.65
[69.58305015] [844.029857] 0.65
[13.4345626] [1130.284333] 0.65
[-28.73767833] [971.577746] 0.64
[27.02802029] [985.496583] 0.64
[-27.97199476] [1294.016667] 0.64
[-21.51915607] [1793.807314] 0.63
[-6.33854667] [1937.3057] 0.62
[-3.02118533] [2372.032] 0.61
[-48.8323256] [1896.906079] 0.6
[-94.36001487] [1915.2043] 0.59
[-25.60265965] [2063.515717] 0.58
[-84.07374872] [1448.244704] 0.57
[-124.69693215] [1297.100143] 0.56
[-77.78337229] [1332.448033] 0.55
[-34.70157089] [1291.900971] 0.54
[51.73727808] [1425.282083] 0.54
[-121.71810859] [1610.65] 0.53
[47.12410839] [1692.691717] 0.53
[104.31132105] [1550.133417] 0.54
[-44.25785828] [1575.713317] 0.53
[-148.02315108] [1608.352916] 0.52
[-249.67199476] [1472.618333] 0.52
[-316.54794074] [1745.08545] 0.51
[-30.9075487] [1901.353867] 0.51
[-56.79100065] [1788.402283] 0.5
[3.44785732] [2121.740017] 0.5
[-18.66954804] [1362.272463] 0.5
[79.64221053] [1333.007467] 0.5
[181.96375982] [1133.898317] 0.51
[-276.11426185] [1031.345807] 0.5
[81.27705115] [1027.693683] 0.5
[155.9384082] [1314.3785] 0.5
[193.45032092] [678.243516] 0.5
[267.61894422] [459.457086] 0.5
[130.45156089] [461.435] 0.5
[55.64549881] [-34.901983] 0.49
[446.44601373] [-18.438329] 0.48
[424.37360106] [-218.698733] 0.47
[517.0785403] [-1009.095717] 0.46
[-138.02712991] [-914.010067] 0.46
[493.82681317] [-341.08396] 0.45
[534.51580146] [-411.89725] 0.44
[358.45718184] [-365.192] 0.43
[329.27642676] [-42.866667] 0.42
[368.75712262] [-197.388333] 0.42
[454.73860369] [-445.836717] 0.42
[277.62858753] [-694.26745] 0.42
[645.81488841] [-584.126417] 0.41
[1116.79166096] [-576.688333] 0.4
[752.2839672] [-396.495] 0.39
[713.43914002] [-697.678067] 0.38
[564.48273393] [-713.98785] 0.37
[609.75776216] [-380.53095] 0.36
[464.08722768] [-718.16535] 0.35
[380.01250458] [-416.11748] 0.34
[108.90088472] [-224.847033] 0.33
[-15.91681087] [42.785433] 0.32
[75.08877596] [-94.65014] 0.31
[252.97014533] [-159.845] 0.3
[-18.57842328] [-315.8065] 0.3
[-335.41960497] [7.829817] 0.29
[35.0236402] [63.931667] 0.3
[167.76454831] [272.325883] 0.3
[650.1219153] [357.569983] 0.31
[-9.17719113] [583.69] 0.31
[93.91960692] [858.2145] 0.31
[-57.13631619] [1502.54] 0.31
[-41.95898843] [2347.376567] 0.31
[-462.18329592] [1975.812693] 0.31
[438.20735241] [2079.929217] 0.32
[-338.13028696] [2032.675867] 0.32
[-362.15147448] [1660.299607] 0.32
[-538.11448051] [1617.098333] 0.32
[-474.96137901] [1833.1535] 0.32
[-590.9669009] [2341.95729] 0.32
[-254.59484778] [2210.0531] 0.32
[36.08619908] [2205.56455] 0.33
[298.24108818] [1933.524867] 0.34
[-3.55548492] [1990.282617] 0.34
[-47.26673188] [1788.622533] 0.34
[-97.09373148] [1691.149367] 0.34
[-138.65150405] [1696.245333] 0.34
[83.21155805] [1612.42695] 0.35
[91.00096998] [1794.711053] 0.36
[114.09993971] [1749.60625] 0.36
[22.52693475] [1994.575167] 0.36
[129.33871793] [2440.131683] 0.37
[37.95856417] [2413.128] 0.38
[110.2875351] [2879.14006] 0.39
[53.74523072] [3061.35165] 0.39
[46.33400592] [2763.709117] 0.4
[-30.2013276] [2383.411667] 0.39
[-153.9054187] [2309.847233] 0.38
[23.60086351] [2309.154233] 0.38
[143.97728528] [2335.86706] 0.38
[442.63802231] [1155.591283] 0.39
[733.13544361] [829.781267] 0.39
[960.36230039] [-109.688417] 0.38
[972.61362341] [839.021666] 0.38
[90.96336146] [889.91706] 0.38
[-464.16356846] [1706.76992] 0.37
[-57.33743954] [2087.3972] 0.36
[199.84045388] [1889.31016] 0.37
[173.5583671] [1830.700383] 0.37
[498.85488738] [2024.469517] 0.38
[846.38850115] [2173.640133] 0.39
[473.92350869] [2159.21] 0.4
[554.34996082] [2598.412467] 0.41
[160.37703489] [2343.581583] 0.42
[339.22237922] [2361.158333] 0.43
[407.2318858] [2930.710317] 0.44
[90.89389036] [2613.36598] 0.45
[449.76780145] [3581.80505] 0.46
[378.243319] [3563.863653] 0.47
[633.74288162] [3253.693317] 0.48
[523.11866169] [3395.392] 0.48
[428.1132619] [3686.19194] 0.49
[285.15229154] [3442.336683] 0.49
[159.57364023] [3966.632] 0.49
[524.7564957] [4595.758333] 0.5
[29.54976671] [4499.092767] 0.51
[256.3091222] [6412.34] 0.52
[40.03999482] [9343.93461] 0.53
[112.79826446] [10141.48215] 0.54
[85.81005309] [8573.61415] 0.55
[48.93559984] [9153.503417] 0.55
[-347.81988943] [8518.722467] 0.55
[-606.95119531] [10782.76333] 0.54
[-694.00388705] [9506.93675] 0.53
[-392.65581707] [8437.2793] 0.53
[74.32447379] [9903.13] 0.53
[798.14926825] [11681.542947] 0.53
[942.51202906] [11272.245933] 0.53
[529.3709477] [10912.13667] 0.53
[1680.23356241] [9677.31167] 0.53
[-4.46181607] [9114.905] 0.53
[-384.28093539] [7810.79] 0.53
[547.14827461] [6939.966667] 0.54
[666.49940549] [5069.202733] 0.55
[777.53404603] [5180.375] 0.55
[428.48306024] [4400.73328] 0.56
[-120.96752603] [3788.43118] 0.56
[1128.24458137] [5670.32167] 0.57
[1694.70589631] [4233.20967] 0.58
[1210.29694638] [3330.098] 0.59
[2024.24367682] [2335.694] 0.6
[1403.79858788] [2832.953] 0.61
[1252.23914107] [2211.17] 0.62
[805.46883363] [3414.63667] 0.63
[983.84628708] [1512.28167] 0.64
[1354.66819963] [-1462.73167] 0.64
[2577.66459292] [313.24] 0.65
[743.94997316] [2176.36385] 0.66
[2161.2118936] [2286.145] 0.67
[3289.35364856] [196.95667] 0.68
[2716.53919892] [-2562.14] 0.68
[2567.77432746] [-2370.94667] 0.68
[1081.75947559] [-2955.516] 0.68
[-165.36728919] [-3859.018] 0.69
[440.56037975] [-5707.49333] 0.68
[1913.1977977] [-5426.98] 0.68
[3980.15236756] [-4949.66067] 0.67
[1041.39291079] [-4182.97167] 0.66
[1677.66706464] [-6265.99333] 0.65
[1096.18175611] [-4702.08667] 0.65
[811.08922132] [-4016.125] 0.64
[-161.13547732] [-825.81667] 0.65
[-768.35645689] [-2443.947] 0.66
[-199.86963128] [-2605.60833] 0.67
[-2389.61024534] [-2517.876] 0.67
[-3351.71437422] [-4307.06334] 0.68
[-3951.75972048] [-2988.55167] 0.69
[-1359.42496598] [-3244.195] 0.7
[343.97127536] [-1690.79733] 0.7
[439.2952917] [-2734.205] 0.7
[643.59051347] [-2583.345] 0.7
[-1296.8912482] [-4821.795] 0.7
[926.02226766] [-4970.74167] 0.69
[715.88209156] [-5955.981667] 0.69
[154.51177905] [-8272.218333] 0.69
[659.52861823] [-8466.468] 0.69
[1494.39843394] [-8755.301667] 0.69
[4229.89566354] [-8427.090003] 0.68
[2740.77918527] [-7788.79333] 0.67
[2149.32707188] [-6337.461667] 0.66
[944.6886512] [-5056.257333] 0.65
[-237.11813387] [-5667.802] 0.65
[131.28090858] [-5471.313434] 0.64
[-1111.57667023] [-5509.465] 0.64
[73.30006811] [-5944.176] 0.63
[532.07852821] [-4956.3725] 0.62
[955.77564144] [-1782.313337] 0.62
[774.77659077] [-1873.78333] 0.62
[-431.74527942] [-1047.65833] 0.62
[-2074.91045982] [-2108.80166] 0.62
[186.91111123] [-419.398] 0.61
[398.53411869] [-402.455] 0.6
[-991.40074864] [167.32767] 0.6
[-340.20619251] [-36.27833] 0.6
[215.95167892] [-1460.958333] 0.59
[670.2580323] [-807.69833] 0.59
[308.64478799] [-1353.47667] 0.59
[-328.93597186] [-1734.776667] 0.59
[-732.86523253] [-864.05167] 0.59
[-2273.23448051] [135.39833] 0.58
[-2396.7293953] [287.645] 0.57
[-2127.36383524] [1926.123337] 0.56
[-2405.82356633] [2029.218333] 0.55
[-1538.52198991] [2474.21833] 0.54
[-1559.59546974] [3029.533337] 0.53
[-655.65081731] [4678.013333] 0.52
[-804.37015516] [3837.73833] 0.51
[-1241.17502475] [2018.099667] 0.5
[-1837.42213052] [1679.923333] 0.49
[-1527.1451242] [844.198333] 0.48
[-1676.063538] [426.125434] 0.47
[-1300.22179821] [433.915] 0.46
[-941.57619331] [1114.823333] 0.45
[-948.40271261] [556.9325] 0.44
[-41.05211164] [-181.093333] 0.44
[6.91297768] [-1113.518333] 0.43
[401.68864582] [-1596.75967] 0.42
[554.5456664] [-2544.10167] 0.41
[-32.5586244] [-2914.415] 0.41
[1037.2457471] [-2698.931667] 0.4
[-910.96092404] [-2784.75167] 0.4
[-15.07029909] [-2298.226667] 0.41
[442.04984563] [-1240.663334] 0.41
[107.63651257] [-1436.74667] 0.41
[-749.71153916] [-1508.921667] 0.42
[-741.46253064] [-1079.296666] 0.42
[-846.92018195] [-1890.64333] 0.42
[-419.61864752] [-2443.265] 0.42
[-245.0352524] [-2409.785] 0.42
[294.24698297] [-3058.77167] 0.41
[115.77571764] [-4048.588333] 0.41
[-223.17553551] [-4391.46833] 0.42
[379.29095277] [-4492.62167] 0.41
[2741.32125608] [-4480.981667] 0.4
[3845.41846741] [-3352.76333] 0.39
[3233.33788058] [-2691.578] 0.38
[212.23334068] [-3093.95] 0.38
[9.76406672] [-2485.401666] 0.37
[319.02308829] [-2111.322] 0.36
[26.09508399] [-1759.713333] 0.35
[609.91482326] [-2483.57] 0.34
[431.01451122] [-2370.29] 0.33
[799.40860137] [-2227.273333] 0.32
[884.30164342] [-510.276667] 0.31
[1133.32037629] [-588.942] 0.3
[-425.98834691] [-261.378949] 0.31
[-1933.04723326] [169.333333] 0.3
[-30.13903197] [-43.933333] 0.3
[-988.07576804] [-710.223074] 0.3
[-1415.18377737] [-782.815907] 0.3
[-915.16889121] [-514.448333] 0.31
[-496.92296684] [127.348333] 0.31
[126.40898697] [144.826667] 0.32
[159.55615583] [313.303333] 0.32
[40.123914] [475.901667] 0.33
[-875.25707169] [1679.347] 0.33
[-1509.78744153] [1697.73] 0.33
[-1534.09981883] [1307.788333] 0.33
[-1672.20622157] [2127.788333] 0.33
[-1615.0629458] [1993.07] 0.33
[-1574.35643481] [2396.721667] 0.33
[-1628.05004634] [2223.721667] 0.32
[-2015.13418413] [1829.115] 0.31
[-2237.37325623] [1794.946] 0.3
[-908.60691874] [2812.758333] 0.29
[-644.37018816] [3149.473333] 0.28
[-332.09210142] [3168.626667] 0.27
[-672.06759888] [2612.47961] 0.26
[320.346018] [2932.166667] 0.27
[566.23462991] [2444.198333] 0.28
[206.24626018] [2395.775] 0.29
[-111.69676922] [1462.525] 0.28
[549.62976214] [527.328] 0.29
[502.95793055] [447.835616] 0.3
[376.67227436] [122.771667] 0.31
[-66.41768135] [283.938333] 0.31
[455.54154723] [616.041074] 0.32
[176.09210905] [306.122574] 0.33
[-375.59782515] [-69.841667] 0.34
[-871.58897084] [-612.663333] 0.35
[-858.25171] [-568.125] 0.36
[-662.77594996] [-423.193333] 0.36
[-834.26179667] [-548.30548] 0.37
[-445.83937409] [-1158.912] 0.37
[705.76971971] [-2102.37] 0.37
[1742.23229782] [-1692.205] 0.37
[1675.43137551] [-1433.54] 0.37
[1307.26947575] [-1585.641667] 0.37
[602.99188385] [-1972.45] 0.36
[1225.08525998] [-1915.01] 0.35
[-435.13025742] [-1779.673333] 0.36
[218.83140564] [-1836.031] 0.36
[2391.09263552] [-2252.548333] 0.36
[604.61695669] [-2218.203333] 0.35
[706.83486724] [-2158.16] 0.35
[556.48225183] [-1992.996277] 0.35
[208.97121327] [-2131.166667] 0.35
[120.56462429] [-1612.886191] 0.34
[462.52483997] [-1702.611667] 0.33
[24.22276543] [-1634.098333] 0.33
[-351.88481648] [-848.634667] 0.34
[-1341.13401429] [-868.806667] 0.35
[-1470.20428189] [-1686.631667] 0.36
[-1061.95435455] [-1776.36] 0.37
[-578.53971001] [-1632.148] 0.38
[-659.00573566] [-2155.36] 0.39
[-537.73945526] [-1459.105] 0.4
[-493.90850418] [-1602.645] 0.41
[-524.78787244] [-1729.653333] 0.42
[-576.62475227] [-2042.995] 0.43
[-870.05155392] [-1939.766187] 0.44
[-66.70037787] [-1659.63] 0.45
[544.8663399] [-841.021667] 0.45
[1166.92388581] [-805.363333] 0.45
[245.79195954] [-1244.206667] 0.44
[-182.0008786] [-1201.3025] 0.45
[-138.8234637] [-1191.371667] 0.46
[268.7646663] [-1133.1125] 0.46
[292.25320667] [-1241.281667] 0.45
[-356.28996545] [-1287.935] 0.46
[-456.56281473] [-1278.823846] 0.46
[-268.9924784] [-1626.444167] 0.46
[91.34144759] [-1421.866667] 0.46
[-384.12369708] [-1262.385833] 0.47
[-338.93564469] [-1034.204166] 0.47
[-445.75564432] [-989.282142] 0.47
[-5.98911008] [-1026.140833] 0.47
[78.69949016] [-1072.895] 0.46
[306.37289145] [-1064.643333] 0.45
[461.62401973] [-1021.258333] 0.45
[401.20463699] [-23.329166] 0.45
[379.43790098] [-151.638333] 0.44
[184.83164507] [-368.518333] 0.44
[-2.59175648] [61.663333] 0.44
[-76.05362179] [-243.833333] 0.45
[269.34583241] [-393.0525] 0.45
[-178.86243417] [-268.426667] 0.46
[-386.73001999] [-215.571667] 0.47
[-326.46232602] [68.600833] 0.47
[-375.22643057] [132.910833] 0.47
[153.20228497] [606.901667] 0.48
[-76.1127499] [635.571667] 0.48
[-598.2081397] [1095.471667] 0.48
[-1009.40014197] [1193.384167] 0.48
[-883.76652485] [1280.829167] 0.48
[-864.98159128] [1478.436667] 0.47
[-37.22199375] [1496.505] 0.47
[-494.86372772] [2153.705] 0.46
[-514.83554242] [2079.428013] 0.45
[-521.49354038] [2031.1075] 0.44
[-123.09963034] [1958.971667] 0.43
[-218.37099037] [1831.5875] 0.43
[46.58881702] [1754.840833] 0.43
[-35.89329056] [1290.360833] 0.42
[-467.9442422] [977.58] 0.41
[-231.60699309] [1004.323333] 0.41
[-121.13823811] [838.989167] 0.41
[293.40721513] [653.4875] 0.42
[241.69630894] [257.720833] 0.43
[185.87242195] [264.039167] 0.44
[161.7960074] [482.721666] 0.45
[-573.09645486] [340.866667] 0.45
[-762.69099747] [-6.4075] 0.46
[-843.26228697] [152.137167] 0.46
[484.25732023] [-102.04] 0.46
[-747.09451863] [62.291667] 0.46
[255.28557994] [-167.320833] 0.46
[-52.87810709] [-617.780833] 0.47
[59.8911819] [-958.943077] 0.46
[-41.51155427] [-1053.772436] 0.46
[228.36732475] [-1115.295] 0.45
[575.34867271] [-898.269167] 0.45
[-2.77570957] [-1047.225834] 0.45
[-405.7162059] [-1203.304167] 0.45
[-130.52936838] [-1313.853846] 0.45
[-355.30232068] [-1675.935833] 0.46
[-80.54801671] [-1832.754167] 0.46
[90.32436432] [-1396.164286] 0.45
[372.09045046] [-1462.822436] 0.44
[715.25787415] [-1468.071667] 0.43
[332.13110878] [-1501.643846] 0.42
[570.84162401] [-916.760833] 0.41
[515.77477644] [-492.679167] 0.4
[369.40527728] [-675.0375] 0.39
[265.15215425] [-412.553013] 0.39
[126.17201327] [-228.989167] 0.39
[-224.5806101] [236.655385] 0.39
[-286.88704605] [272.870064] 0.39
[-291.88015446] [271.566667] 0.39
[-148.47122287] [394.839231] 0.39
[-97.75587337] [36.499167] 0.38
[-493.64118594] [104.695333] 0.38
[-623.37979416] [227.1475] 0.38
[-740.12277023] [-24.705834] 0.39
[-626.67054493] [-106.09] 0.4
[-503.2773749] [44.190833] 0.4
[-242.97465783] [-89.539423] 0.41
[-173.34117552] [-16.589231] 0.42
[-56.34956194] [186.3125] 0.42
[58.93006688] [81.934167] 0.43
[-283.52870635] [118.326667] 0.42
[-514.77418899] [-85.979167] 0.42
[-493.70411481] [-104.614487] 0.42
[-282.1720108] [-232.839167] 0.42
[-170.28259539] [63.992667] 0.41
[-248.4749004] [126.345119] 0.4
[30.75462416] [36.690769] 0.4
[552.7699637] [-27.825] 0.39
[408.64052455] [-79.961987] 0.38
[-358.56537049] [-416.59] 0.38
[-3.00704511] [-609.558333] 0.38
[221.54255224] [-397.185833] 0.37
[223.38304424] [-295.866154] 0.37
[199.48787692] [-468.305833] 0.37
[-777.26659309] [-654.800385] 0.38
[254.44474354] [-649.929231] 0.37
[395.51208335] [-702.438333] 0.36
[296.52924439] [-642.666731] 0.36
[575.17190896] [50.458333] 0.37
[-240.52383876] [67.359167] 0.36
[-159.45883357] [215.379167] 0.35
[-248.57390672] [287.194167] 0.34
[-637.4436121] [377.587692] 0.34
[-710.95980854] [325.390834] 0.33
[289.59047398] [353.7125] 0.33
[-23.44968991] [-77.404167] 0.33
[-48.32236352] [-238.531667] 0.33
[200.39301877] [-271.655] 0.33
[243.91544752] [-222.990833] 0.33
[-14.71890745] [51.970834] 0.33
[89.337679] [302.538333] 0.34
[-57.65878723] [253.886154] 0.34
[-132.53430378] [149.478102] 0.34
[20.05928758] [-160.380833] 0.34
[226.66602649] [-267.294167] 0.33
[336.48013191] [-178.843333] 0.33
[346.11378848] [-134.524167] 0.32
[266.49784717] [-102.024] 0.31
[121.68483247] [39.678333] 0.32
[170.70291152] [-45.706667] 0.32
[205.65652663] [-212.326667] 0.31
[159.96008093] [-84.556667] 0.31
[429.93254922] [-135.925] 0.31
[582.27287923] [-228.351667] 0.31
[651.14765344] [-253.18881] 0.31
[617.28070288] [-168.7925] 0.31
[425.40184255] [-141.449167] 0.31
[200.11640214] [-180.875] 0.31
[-425.13704467] [-191.066667] 0.32
[-600.36730129] [-181.746667] 0.33
[-369.41459893] [-181.602692] 0.34
[-153.0572074] [-183.951667] 0.35
[-502.2102774] [-88.06] 0.35
[-69.4816192] [237.615834] 0.35
[-25.64998688] [184.439167] 0.35
[-76.71855538] [152.033333] 0.35
[-242.22422783] [78.869166] 0.35
[-205.18332324] [-44.041667] 0.35
[-373.56107644] [-227.106667] 0.35
[251.58240181] [-420.121154] 0.34
[214.11358503] [-811.270769] 0.33
[-27.71311531] [-913.4175] 0.34
[-213.31369762] [-930.5825] 0.34
[-171.91838234] [-959.161667] 0.35
[-316.59250475] [-1200.8375] 0.36
[-374.73072917] [-1809.456] 0.37
[-468.39655574] [-2016.33] 0.38
[33.02361051] [-1940.9725] 0.37
[-93.04300835] [-2164.415833] 0.38
[40.85084758] [-2112.9375] 0.37
[-170.81391809] [-2633.698333] 0.38
[-181.35494322] [-2462.131666] 0.39
[-114.89721521] [-2516.102857] 0.39
[-213.76755638] [-2198.156154] 0.39
[-204.34393512] [-2078.4975] 0.39
[-299.0720756] [-2108.904167] 0.39
[-223.23136315] [-2273.6425] 0.39
[-152.59389019] [-2224.326666] 0.4
[-13.76950045] [-2296.365] 0.41
[246.45909035] [-2476.266667] 0.41
[113.98727888] [-2680.440833] 0.41
[207.0259944] [-2741.271667] 0.41
[117.37497703] [-3039.326667] 0.41
[87.82690573] [-2963.693333] 0.41
[-19.08464135] [-2924.608333] 0.42
[-100.61205554] [-2884.57] 0.43
[-76.75028495] [-2945.873333] 0.44
[-63.48416052] [-2768.875] 0.45
[-38.542912] [-2350.0075] 0.46
[-114.81854311] [-2317.818333] 0.47
[-170.14630948] [-2315.823333] 0.48
[-269.55285116] [-2301.201667] 0.49
[-313.31024831] [-1911.5375] 0.5
[-472.11757557] [-1115.43] 0.5
[-551.0463936] [-683.9375] 0.5
[-825.7538581] [-565.946667] 0.51
[-823.45937646] [-174.1475] 0.51
[-892.59326443] [-442.006667] 0.51
[-874.86265712] [203.966666] 0.51
[-437.94644075] [74.633333] 0.5
[-465.23676336] [20.53] 0.5
[-357.36083741] [-278.074679] 0.5
[-806.6763076] [-415.573333] 0.5
[-160.66814446] [-534.865] 0.5
[-225.03297499] [-204.491667] 0.51
[83.80528365] [-397.186667] 0.51
[-68.97069942] [-349.054167] 0.51
[399.82437939] [-209.221666] 0.51
[320.39665773] [-2.469167] 0.51
[262.58735664] [120.8175] 0.51
[7.80864116] [416.983334] 0.51
[-580.11276456] [421.28] 0.51
[-310.9472799] [466.796667] 0.51
[-363.02492362] [512.133333] 0.51
[-684.36336961] [606.06] 0.5
[-546.88561121] [626.858333] 0.5
[-524.19085951] [405.823333] 0.5
[-715.53684631] [367.875833] 0.5
[-498.05587607] [403.925833] 0.49
[-479.25827907] [328.603334] 0.49
[-450.0798884] [139.555] 0.49
[-257.73024559] [100.245] 0.49
[-303.485673] [-186.771667] 0.5
[-234.37960497] [-361.420833] 0.51
[-225.17824163] [-502.795] 0.51
[63.31428156] [-220.45] 0.5
[215.80484255] [-323.498333] 0.49
[53.25004006] [-446.7425] 0.49
[22.28940734] [-273.86] 0.49
[83.05319559] [-238.029167] 0.49
[71.88504618] [-281.81] 0.48
[151.02404691] [-157.655] 0.48
[-1.62424458] [-334.495833] 0.49
[-17.72103563] [-194.06] 0.5
[-80.67717753] [-237.045833] 0.51
[-107.50051968] [-303.691667] 0.52
[-40.94168918] [-434.28] 0.53
[-108.97331704] [-395.7975] 0.54
[-9.59340591] [-377.816667] 0.54
[119.36010252] [-381.29] 0.54
[164.43566792] [-414.236667] 0.54
[-49.07859676] [-580.073333] 0.55
[-105.8884453] [-579.9] 0.56
[-122.89249269] [-566.798333] 0.57
[-135.01446593] [-406.885833] 0.58
[-37.69773219] [-251.49] 0.59
[-43.73951632] [14.734167] 0.59
[-132.95946383] [64.538333] 0.59
[-179.26347323] [154.33] 0.58
[-239.66014323] [-27.315] 0.58
[-238.46613787] [11.149167] 0.57
[-156.98935909] [-6.93] 0.57
[-140.86809777] [-32.085] 0.57
[-133.98202413] [-82.323333] 0.58
[-80.80393885] [-84.43] 0.59
[8.44379126] [122.3125] 0.6
[35.39909585] [370.78] 0.61
[-655.69300604] [339.18] 0.6
[-472.49767923] [420.78] 0.59
[94.21474924] [358.63] 0.6
[82.30169918] [405.69] 0.61
[-52.2395191] [563.3] 0.6
[41.36493605] [212.39] 0.6
[22.75551353] [399.75] 0.6
[-70.97827757] [409.85] 0.59
[-82.61751007] [363.23] 0.58
[-96.68420166] [405.27] 0.57
[-55.98294747] [359.29] 0.57
[-51.87555302] [325.22] 0.56
[-22.86379369] [358.56] 0.56
[41.53734638] [278.63] 0.56
[16.1231894] [404.91] 0.56
[-43.14469238] [471.15] 0.55
[-98.77555107] [492.06] 0.54
[-101.41310111] [214.88] 0.53
[-137.89599332] [286.18] 0.52
[-50.59789521] [241.88] 0.51
[53.41885162] [251.62] 0.51
[73.44386369] [260.09] 0.51
[-170.15340425] [263.27] 0.51
[-5.27519697] [284.9] 0.51
[-53.09105077] [328.3] 0.51
[-73.20167156] [396.4] 0.51
[-214.59804297] [324.18] 0.51
[25.79520256] [87.97] 0.51
[208.20607083] [102.58] 0.51
[298.40293937] [69.22] 0.51
[252.66442271] [47.46] 0.51
[-2.99552768] [15.58] 0.5
[-21.04111675] [-127.68] 0.5
[-8.82004022] [227.22] 0.49
[-110.34347743] [87.56] 0.48
[-29.92604732] [116.29] 0.47
[-83.07300029] [215.28] 0.46
[-77.3969021] [187.29] 0.45
[-52.093404] [280.93] 0.44
[-28.37969755] [283.] 0.43
[29.56083832] [299.58] 0.43
[61.63464295] [421.55] 0.44
[9.67110578] [1010.63] 0.45
[33.32455821] [1082.96] 0.46
[85.01636133] [1024.42] 0.46
[84.46241026] [1152.81] 0.46
[51.51293175] [1102.96] 0.46
[-4.51707339] [1261.22] 0.45
[-104.61606887] [1387.62] 0.45
[-169.11749888] [1283.3] 0.44
[-148.78243955] [1432.41] 0.44
[-56.6067721] [1149.81] 0.44
[1.15910199] [1136.35] 0.44
[-22.64871547] [1048.67] 0.43
[75.79797705] [1157.59] 0.44
[53.43708106] [1037.41] 0.45
[63.45397167] [1167.54] 0.46
[63.85920282] [1163.97] 0.47
[82.5144234] [1283.97] 0.48
[67.69773438] [1277.98] 0.49
[6.86904613] [1297.36] 0.5
[-140.0547279] [1287.72] 0.5
[-84.29849563] [1441.3] 0.5
[53.07471301] [1570.42] 0.51
[27.17060007] [1385.68] 0.52
[28.57024777] [1158.24] 0.52
[-88.57254907] [1177.28] 0.51
[49.05683241] [1165.75] 0.51
[-12.99786817] [1187.13] 0.51
[-21.72624472] [1108.12] 0.51
[-74.21961137] [386.91] 0.51
[94.48162553] [366.86] 0.52
[134.46551053] [478.92] 0.53
[134.91657332] [628.37] 0.54
[171.34344344] [717.56] 0.55
[224.92173799] [528.27] 0.55
[276.61668918] [415.76] 0.55
[88.70071471] [579.91] 0.55
[903.15850174] [626.54] 0.55
[319.98618963] [1111.89] 0.55
[322.07601175] [1275.17] 0.55
[255.92068635] [2183.69] 0.55
[191.15502348] [1826.12] 0.56
[130.16559478] [2786.93] 0.57
[177.7140036] [2796.04] 0.57
[181.04884125] [2986.53] 0.57
[168.20943757] [2609.65] 0.57
[241.27707507] [2085.18] 0.57
[240.61049584] [1955.77] 0.57
[113.05769744] [2911.87] 0.58
[385.35654384] [2629.84] 0.59
[-1.0286728] [2434.34] 0.59
[148.90293974] [2191.74] 0.59
[247.61160732] [2684.68] 0.6
[-35.59653012] [2710.43] 0.59
[138.85934104] [2791.26] 0.59
[110.18629627] [3443.13] 0.59
[65.64822975] [3509.41] 0.59
[116.24050618] [3450.09] 0.59
[39.35635626] [3336.31] 0.59
[94.23597994] [2882.3] 0.6
[1.76483016] [2896.67] 0.61
[166.01522627] [2783.72] 0.61
[149.28796651] [3021.37] 0.61
[269.48404477] [2450.45] 0.62
[247.38798718] [1920.08] 0.62
[205.6252313] [1849.32] 0.62
[306.34730775] [1656.32] 0.63
[349.35711386] [1650.27] 0.64
[48.39848117] [683.03] 0.65
[445.7921219] [661.98] 0.66
[484.12200698] [197.27] 0.67
[643.39304857] [-75.11] 0.67
[108.63348796] [-33.84] 0.66
[78.34336402] [351.92] 0.66
[410.25881014] [1331.38] 0.67
[253.96794534] [1594.42] 0.68
[390.85278592] [785.29] 0.69
[335.36034496] [1320.45] 0.7
[535.74648868] [1123.68] 0.71
[562.64478933] [1655.77] 0.71
[287.18900193] [1651.06] 0.71
[175.13855936] [2206.12] 0.72
[294.78286066] [2597.18] 0.73
[292.36199753] [2070.06] 0.74
[341.51908826] [2247.44] 0.75
[596.65083148] [3046.52] 0.76
[535.20479904] [4269.57] 0.76
[621.70286655] [2860.39] 0.76
[404.91941452] [3820.54] 0.76
[378.00318446] [3335.58] 0.76
[25.5909124] [1998.7] 0.77
[4.85038839] [2443.8] 0.77
[-134.13018636] [3129.6] 0.77
[-399.43183871] [4198.72] 0.77
[-148.46015765] [3357.26] 0.77
[-237.39208624] [2956.87] 0.77
[17.98551215] [3300.7] 0.78
[-83.16033777] [3836.4] 0.78
[300.40316573] [4292.7] 0.79
[335.1307816] [4669.2] 0.79
[527.80860438] [3926.84] 0.79
[265.63553702] [3114.99] 0.79
[430.79100011] [3110.37] 0.79
[340.7791367] [2529.63] 0.79
[711.42072687] [1207.97] 0.79
[940.75307795] [1546.02] 0.79
[986.57691469] [321.54] 0.8
[1431.12605342] [392.58] 0.81
[1520.89253213] [1107.21] 0.82
[1283.8305976] [326.37] 0.83
[1648.94460754] [96.27] 0.84
[2544.656288] [-227.07] 0.83
[2699.1147616] [-693.88] 0.83
[2707.78211032] [-1922.1] 0.82
[2460.550316] [-3160.38] 0.81
[2603.16650291] [-1257.68] 0.8
[432.62752215] [-2525.7] 0.79
[755.60887864] [-2416.39] 0.78
[736.39198116] [-1207.73] 0.77
[452.50778526] [-1077.39] 0.76
[-93.77065297] [-1216.27] 0.77
[-154.68201113] [-1900.06] 0.78
[687.29796736] [-753.32] 0.77
[552.07171968] [-425.61] 0.76
[258.66068855] [-417.47] 0.75
[1361.90967274] [-496.78] 0.75
[1267.4579429] [-525.09] 0.74
[1342.48602839] [-1121.11] 0.74
[1186.55314845] [-139.08] 0.74
[684.54199541] [643.54] 0.75
[632.75105449] [52.67] 0.75
[222.1777798] [-106.88] 0.74
[76.29228908] [1379.88] 0.74
[-765.58146234] [512.76] 0.73
[-1207.44444724] [1460.4] 0.72
[-1069.42507403] [342.68] 0.71
[-342.70080576] [-336.39] 0.71
[-1073.79553721] [-176.31] 0.71
[-546.88197563] [-550.38] 0.71
[177.44287209] [-269.81] 0.7
[211.5000902] [593.64] 0.7
[266.70061593] [916.26] 0.7
[936.0189867] [357.23] 0.7
[155.8845244] [236.81] 0.7
[768.67627024] [557.16] 0.7
[-192.50378696] [669.81] 0.69
[-225.08534436] [605.06] 0.68
[695.62743961] [858.95] 0.68
[16.31710081] [582.82] 0.68
[23.67833535] [-366.88] 0.67
[128.93413903] [-922.62] 0.67
[1542.71883697] [-951.56] 0.66
[1307.46043621] [-1213.67] 0.65
[1366.18191617] [-1210.44] 0.65
[281.05921332] [-1401.35] 0.64
[-409.16729729] [-844.38] 0.64
[1657.25322533] [-1376.66] 0.63
[1567.81836858] [-1418.61] 0.62
[313.11812286] [-1539.17] 0.61
[178.39561384] [-795.01] 0.6
[189.27099898] [-1160.53] 0.59
[-0.09360718] [-1072.6] 0.59
[502.02858619] [-757.09] 0.58
[1342.83583852] [142.36] 0.58
[-147.32273437] [117.99] 0.57
[906.72613841] [4.46] 0.57
[898.69555897] [146.81] 0.57
[-26.82096316] [-7.17] 0.57
[1010.79658667] [-651.63] 0.56
[532.44843775] [-570.2] 0.55
[490.14228088] [28.19] 0.55
[380.49857617] [163.9] 0.56
[446.38104262] [-232.7] 0.56
[430.51310159] [-164.31] 0.55
[103.62828415] [-102.01] 0.54
[270.2609341] [-676.9] 0.53
[56.84725952] [-1618.34] 0.52
[-41.74541118] [-1285.59] 0.52
[-64.01332132] [-1428.91] 0.52
[264.79333199] [-1384.09] 0.51
[-198.40193596] [-1375.9] 0.51
[224.01221688] [-1713.05] 0.5
[178.08994919] [-2078.9] 0.49
[206.83053638] [-2298.37] 0.48
[1532.33276434] [-2202.13] 0.47
[1333.2397277] [-2341.63] 0.46
[1092.94707164] [-2161.99] 0.45
[667.36373157] [-2339.52] 0.44
[-571.64115884] [-2536.57] 0.44
[-942.53897052] [-2101.64] 0.44
[-1085.93923331] [-1911.03] 0.44
[-519.75969237] [-1571.4] 0.44
[-454.72427822] [-1833.26] 0.45
[-551.55420691] [-2094.17] 0.46
[-540.06405784] [-2053.32] 0.47
[165.57346605] [-2026.67] 0.47
[1006.34368433] [-1912.09] 0.46
[-904.94337493] [-2028.2] 0.47
[-662.91399403] [-2155.08] 0.47
[-424.31042509] [-2199.1] 0.47
[95.06106602] [-2218.96] 0.46
[-331.8965782] [-2019.45] 0.46
[-19.79951674] [-1801.99] 0.46
[201.7305313] [-1460.86] 0.45
[359.63623007] [-526.85] 0.44
[252.61880768] [-962.67] 0.43
[48.26886753] [-623.76] 0.42
[-76.06330801] [472.89] 0.41
[-1564.77176136] [1034.8] 0.4
[-108.94563365] [1494.8] 0.39
[435.75323961] [911.02] 0.39
[-543.87175029] [1110.43] 0.39
[-878.44397754] [782.59] 0.39
[-329.81865643] [911.81] 0.39
[108.25180496] [1097.51] 0.4
[428.12808431] [1153.49] 0.41
[-813.12716537] [1336.42] 0.41
[-34.49180401] [1206.03] 0.41
[374.89401334] [1120.19] 0.42
[490.25430303] [755.42] 0.43
[1287.47872434] [617.34] 0.43
[1114.93613096] [496.31] 0.43
[365.99847068] [501.4] 0.44
[1104.9334826] [753.36] 0.45
[627.9000102] [364.27] 0.46
[61.66290849] [639.36] 0.47
[416.1488358] [759.91] 0.48
[-73.3787646] [555.54] 0.48
[-223.42491005] [503.54] 0.48
[-189.29476029] [522.66] 0.47
[-184.30033357] [272.87] 0.46
[-96.65485024] [-46.53] 0.47
[3.15689095] [94.04] 0.47
[-102.00504436] [612.25] 0.47
[-143.58418049] [185.19] 0.47
[-488.38036231] [-1380.44] 0.48
[-265.75783813] [-1935.77] 0.48
[-125.27565846] [-2644.14] 0.48
[-421.27110725] [-2088.51] 0.48
[12.34342399] [-2269.72] 0.48
[-274.78395622] [-1640.79] 0.48
[544.51412236] [-1716.98] 0.47
[849.25720605] [-1495.52] 0.46
[783.64947227] [-1743.46] 0.45
[51.55798994] [-1803.47] 0.44
[566.02273891] [-2108.46] 0.44
[806.55822543] [-2013.42] 0.44
[1630.60363409] [-2150.49] 0.43
[1402.17261333] [-1808.27] 0.42
[137.30787781] [-1218.85] 0.42
[-365.46773838] [-1304.58] 0.43
[-209.37973721] [-1514.73] 0.44
[-199.55815916] [-1380.39] 0.45
[-370.30466326] [-1580.76] 0.46
[-391.63997331] [-1560.11] 0.47
[-302.08445039] [-1443.16] 0.47
[-233.21409028] [-1205.82] 0.48
[-95.10602166] [-1414.96] 0.49
[-476.62170485] [-1392.79] 0.5
[-367.92641808] [-1296.45] 0.51
[-328.17815183] [-1508.68] 0.52
[-539.19961878] [-797.52] 0.52
[-536.78240189] [-466.21] 0.53
[-636.64649493] [-96.18] 0.53
[-633.98664474] [-180.83] 0.54
[-561.1132263] [607.01] 0.53
[-590.98211571] [191.83] 0.52
[-269.27479617] [87.06] 0.51
[-181.57076666] [-331.11] 0.52
[403.43789486] [-236.6] 0.52
[-150.63548165] [-513.54] 0.52
[448.24267678] [-256.65] 0.51
[-180.11142951] [-17.33] 0.52
[-120.44009453] [-89.99] 0.53
[-84.54296443] [-128.46] 0.54
[-45.0979787] [-17.17] 0.55
[-228.63544859] [-451.64] 0.56
[-244.45473028] [-220.84] 0.56
[-191.76836218] [-156.94] 0.56
[-368.61106839] [-170.82] 0.57
[-218.86362594] [421.82] 0.56
[346.76970104] [944.71] 0.57
[307.27981939] [840.34] 0.58
[-219.50490681] [628.76] 0.58
[-112.3238716] [932.79] 0.58
[-412.81699422] [953.75] 0.58
[-54.39777801] [1062.83] 0.58
[-401.79016813] [1225.7] 0.58
[-341.88792846] [2230.3] 0.57
[-550.47351768] [1529.6] 0.56
[-383.14138252] [1571.17] 0.55
[-350.92096553] [1710.17] 0.54
[-138.64690961] [1767.65] 0.53
[-102.58401239] [1188.95] 0.52
[-69.64251675] [1304.39] 0.51
[-174.08109009] [1471.57] 0.51
[671.82316263] [1466.22] 0.52
[331.7978765] [1193.71] 0.52
[901.85572116] [1184.24] 0.52
[176.9602379] [1026.29] 0.52
[61.17533098] [1203.06] 0.53
[563.82197825] [1676.18] 0.53
[173.56016897] [2217.38] 0.53
[51.26510795] [2104.13] 0.54
[-15.18674087] [2558.04] 0.54
[-18.64032225] [2007.42] 0.54
[-146.25241836] [2030.2] 0.54
[-78.94715622] [1962.99] 0.54
[-43.99812244] [1402.9] 0.54
[11.84684968] [996.67] 0.55
[-22.64128445] [1572.25] 0.54
[237.51396906] [1937.74] 0.55
[-9.10554728] [1622.88] 0.55
[28.30103862] [1885.63] 0.56
[88.6153377] [1988.44] 0.56
[465.01740325] [1749.55] 0.56
[219.14814376] [1432.96] 0.57
[595.89031819] [1540.41] 0.58
[109.09398237] [1520.4] 0.58
[114.08685765] [1468.19] 0.58
[-52.2998904] [993.32] 0.57
[0.76799013] [1234.31] 0.57
[-370.02517344] [1077.46] 0.56
[-88.70440417] [1458.39] 0.55
[-121.99572637] [945.78] 0.54
[-133.75385] [1218.75] 0.53
[-261.24607623] [1268.41] 0.52
[-474.32582602] [1342.27] 0.52
[-102.67932981] [1400.97] 0.52
[-107.86461146] [767.97] 0.52
[358.09090367] [-76.54] 0.52
[244.31360195] [-494.29] 0.51
[964.39062965] [-697.65] 0.5
[330.27038574] [-621.42] 0.5
[425.05554899] [-843.92] 0.5
[962.37810986] [-401.74] 0.49
[735.23519583] [-249.32] 0.48
[398.49553844] [-407.8] 0.47
[-134.4274906] [-856.] 0.47
[228.99142553] [-688.27] 0.47
[359.58068635] [-651.65] 0.46
[1016.31101112] [-1008.49] 0.46
[242.08493774] [-2123.03] 0.46
[547.25418823] [-1922.85] 0.46
[-5.85386516] [-2389.92] 0.47
[448.16048009] [-2417.65] 0.47
[151.72749773] [-5412.22] 0.47
[267.77917839] [-4759.5] 0.47
[124.9639373] [-4737.91] 0.47
[-237.94427872] [-4589.23] 0.48
[-447.23082256] [-4677.58] 0.48
[-492.33076068] [-4823.04] 0.48
[-259.49632459] [-4194.49] 0.48
[14.36141838] [-3411.66] 0.47
[-98.83010717] [-3470.14] 0.47
[254.17130829] [-3479.78] 0.46
[-45.28168012] [-4166.77] 0.46
[312.70212018] [-3161.59] 0.45
[-302.407749] [-2540.66] 0.45
[478.32670133] [-2087.06] 0.44
[20.39747543] [-2040.97] 0.43
[-601.99126138] [-2343.26] 0.43
[-56.54173336] [-2273.22] 0.43
[246.75900448] [-3027.41] 0.42
[283.73526473] [-2507.53] 0.41
[49.64952363] [-2326.06] 0.41
[-376.29939366] [-2106.03] 0.42
[-43.21001045] [-2258.28] 0.43
[49.07973095] [-2414.22] 0.42
[216.61795425] [-2026.94] 0.42
[-33.93799741] [-1261.94] 0.42
[-133.52621599] [-588.74] 0.43
[124.29952063] [-679.91] 0.42
[106.82314666] [-571.62] 0.41
[-389.48954163] [2463.48] 0.4
[-453.76249398] [1264.21] 0.39
[-562.1733323] [1725.34] 0.38
[-1783.34082684] [1566.93] 0.37
[-140.00587832] [1831.31] 0.36
[-513.80895453] [1514.34] 0.35
[-822.33014813] [1213.57] 0.35
[-1408.43927209] [917.07] 0.34
[-1258.12126028] [808.45] 0.33
[-415.12819983] [1069.51] 0.33
[-655.6737051] [1307.42] 0.33
[125.89939915] [338.08] 0.34
[-143.06885842] [84.03] 0.34
[444.68887141] [432.53] 0.35
[289.87332962] [713.85] 0.36
[-233.64129364] [1137.99] 0.36
[-48.34452358] [1288.57] 0.36
[-501.2119579] [1813.86] 0.36
[-1689.39173812] [1385.37] 0.36
[-1723.02219071] [1337.05] 0.36
[-538.77356598] [2124.76] 0.36
[-541.1339288] [1819.66] 0.36
[-476.25805826] [2082.99] 0.35
[-228.50771393] [2102.13] 0.34
[166.2731772] [2126.51] 0.34
[19.33976463] [1542.73] 0.34
[625.33431065] [1825.41] 0.34
[427.50727506] [1805.76] 0.34
[94.20593577] [2708.79] 0.34
[435.08648516] [2948.56] 0.34
[400.8011005] [2635.79] 0.35
[173.81992434] [1839.09] 0.36
[315.80820597] [1759.59] 0.37
[-350.46542265] [1942.58] 0.37
[191.08412012] [2682.13] 0.38
[-80.4973788] [2678.04] 0.37
[-49.58515029] [2268.7] 0.37
[-175.81572098] [2126.34] 0.36
[2.64495822] [2539.36] 0.37
[121.34040498] [2879.13] 0.37
[96.90161572] [2933.22] 0.37
[-126.03028637] [2379.68] 0.36
[-170.81355613] [1579.97] 0.35
[-190.653446] [1660.18] 0.34
[15.97371042] [1628.8] 0.34
[-282.9979673] [1031.46] 0.33
[-80.6139336] [1109.] 0.33
[259.30978613] [1077.52] 0.33
[396.5486087] [419.91] 0.34
[599.34433337] [940.44] 0.35
[712.02763241] [601.32] 0.36
[210.60683485] [724.28] 0.37
[993.55802314] [546.89] 0.38
[921.16754357] [1318.3] 0.39
[578.08758651] [494.61] 0.4
[130.77562234] [487.25] 0.41
[99.11660587] [-207.92] 0.41
[-256.896582] [-198.05] 0.42
[346.89567465] [143.04] 0.43
[842.82462908] [999.39] 0.44
[100.37880677] [1165.34] 0.45
[128.48660183] [960.62] 0.46
[300.70154036] [586.2] 0.47
[189.96105452] [-503.89] 0.47
[348.38325193] [156.38] 0.47
[99.4157989] [87.8] 0.48
[73.97303634] [-339.33] 0.48
[189.50386679] [-292.67] 0.48
[446.04091266] [-259.74] 0.48
[-307.82076324] [-55.86] 0.49
[-375.6517909] [322.46] 0.48
[-375.32222772] [132.89] 0.48
[-455.62311478] [179.11] 0.48
[-137.69820838] [554.05] 0.48
[59.76969483] [792.24] 0.49
[-165.3605936] [778.64] 0.48
[3.35335425] [79.04] 0.48
[-10.41256954] [-328.36] 0.48
[346.72158075] [-271.53] 0.47
[614.44834042] [-693.87] 0.47
[179.59924733] [-323.37] 0.46
[39.45358392] [-1018.88] 0.46
[-183.37048356] [-391.6] 0.46
[-401.28095145] [-421.66] 0.47
[-410.63546951] [-706.58] 0.47
[-683.33805935] [-551.33] 0.48
[473.95005356] [-539.12] 0.48
[900.15876308] [-664.76] 0.47
[943.3848224] [-433.68] 0.46
[624.753185] [-518.92] 0.46
[1227.06854316] [-452.06] 0.46
[976.1890359] [-48.38] 0.46
[642.54695577] [-172.57] 0.45
[1807.06643789] [-237.54] 0.44
[1312.09859255] [-34.17] 0.44
[479.50516517] [-188.57] 0.44
[338.90172038] [-271.48] 0.43
[332.72770835] [-261.3] 0.42
[289.55101423] [-249.03] 0.42
[296.81762346] [-145.96] 0.42
[914.60700656] [-182.72] 0.42
[-67.28861131] [-70.12] 0.43
[-754.49597606] [-528.03] 0.44
[-211.30581732] [-228.83] 0.45
[-135.03469694] [260.82] 0.45
[299.8576242] [372.26] 0.46
[347.79319346] [396.83] 0.47
[-195.68634558] [703.27] 0.47
[-385.62386017] [811.36] 0.47
[-342.86424345] [1857.05] 0.47
[-287.35382328] [1800.97] 0.47
[162.6868594] [1866.29] 0.47
[543.45605743] [2026.95] 0.48
[-837.24009264] [2271.46] 0.47
[66.40517563] [2692.38] 0.47
[-972.27343264] [1988.68] 0.47
[-171.75563518] [1893.66] 0.47
[-291.94536701] [1938.02] 0.47
[-547.46422884] [2310.21] 0.47
[24.06403725] [2534.9] 0.48
[321.61673952] [2318.2] 0.49
[266.65679101] [2531.64] 0.5
[-170.59233628] [2388.16] 0.5
[-283.68162869] [2654.9] 0.5
[-452.26794361] [2137.91] 0.49
[-341.97820829] [2379.6] 0.48
[-276.98790066] [2646.43] 0.47
[-188.27224229] [2620.19] 0.46
[-206.5594613] [2699.27] 0.45
[-216.32271987] [2699.35] 0.44
[-173.55263233] [3129.85] 0.43
[-62.33845832] [2576.87] 0.42
[-69.51240043] [2196.6] 0.41
[121.48417925] [2252.71] 0.42
[238.04903892] [1971.52] 0.42
[373.40086322] [1975.94] 0.43
[-417.84162377] [1714.19] 0.43
[234.56188306] [721.53] 0.44
[352.11344884] [402.46] 0.44
[443.23723876] [364.7] 0.44
[599.97926516] [187.08] 0.44
[706.15147165] [190.87] 0.45
[1399.62580026] [-342.05] 0.45
[1543.40455754] [630.01] 0.46
[395.56493423] [417.] 0.46
[719.86361874] [729.] 0.47
[290.6378422] [-352.84] 0.47
[640.30650583] [-1585.43] 0.46
[1464.41296847] [-1137.71] 0.45
[484.39137033] [-1607.98] 0.44
[46.30484045] [-1429.13] 0.43
[-155.91861031] [-1525.29] 0.43
[-255.8927792] [-1270.91] 0.43
[-61.74436546] [-1345.28] 0.43
[71.58543932] [-1424.77] 0.42
[480.48214194] [-1378.94] 0.41
[885.11198886] [-1427.54] 0.41
[833.35880328] [-1583.24] 0.4
[-30.838453] [-1619.08] 0.4
[1023.45769827] [-1183.91] 0.39
[-205.32098865] [-785.57] 0.39
[-18.864313] [-921.93] 0.39
[-299.53065983] [-591.01] 0.39
[-450.60057647] [-602.01] 0.4
[-569.86371505] [-733.37] 0.4
[-424.80380855] [-1333.47] 0.4
[-486.90776261] [-805.18] 0.41
[38.94811162] [-1232.89] 0.41
[-53.43081688] [-569.58] 0.42
[166.11195237] [-841.91] 0.41
[-35.14242894] [-749.24] 0.42
[-70.77851834] [-933.54] 0.43
[-183.48483996] [-967.24] 0.44
[-254.17498549] [-1082.45] 0.45
[18.48028343] [-619.52] 0.44
[-443.36310317] [431.73] 0.44
[-283.18340861] [107.17] 0.43
[-625.26327129] [392.15] 0.42
[-758.72673952] [418.53] 0.42
[-633.52195455] [420.82] 0.42
[-277.71437041] [482.22] 0.42
[-315.72436068] [442.97] 0.42
[-441.88712668] [570.64] 0.41
[-382.9177771] [667.75] 0.4
[-286.54648494] [856.23] 0.39
[39.09173541] [1045.84] 0.39
[-37.27765175] [865.4] 0.39
[-326.19618231] [642.62] 0.39
[-337.40201204] [482.89] 0.39
[248.29705327] [559.84] 0.4
[522.86777753] [395.78] 0.41
[-146.75943749] [285.08] 0.41
[385.20618916] [588.55] 0.42
[-942.23238218] [1327.7] 0.42
[-1320.37246144] [1393.24] 0.42
[-810.4805965] [2597.08] 0.42
[-363.34322483] [2257.82] 0.42
[427.41866274] [2251.68] 0.43
[8.70454084] [2396.06] 0.44
[-177.53414653] [2262.53] 0.44
[8.62353598] [2384.04] 0.45
[226.62607636] [2810.67] 0.45
[233.09532514] [2511.08] 0.45
[188.67300254] [2839.42] 0.45
[221.61986663] [2989.66] 0.46
[285.01371318] [3258.55] 0.46
[214.66704856] [3085.42] 0.46
[-4.9626812] [2786.61] 0.46
[162.10922048] [3419.57] 0.47
[1044.53962143] [3484.79] 0.48
[466.56098613] [4668.09] 0.49
[726.20821497] [4532.58] 0.49
[-124.0185354] [3537.17] 0.48
[-133.4966159] [4113.99] 0.48
[646.36422731] [3788.49] 0.48
[301.82351798] [3888.8] 0.49
[233.16048678] [4277.33] 0.5
[29.59017857] [4791.84] 0.51
[168.97680837] [5011.76] 0.52
[289.11169319] [4724.56] 0.52
[223.55257539] [4459.96] 0.52
[279.40580205] [4966.99] 0.52
[444.23325202] [5754.26] 0.53
[645.1908979] [4966.89] 0.54
[356.85031793] [4830.32] 0.55
[425.85611603] [5742.93] 0.56
[205.20796171] [5571.29] 0.57
[506.30057657] [5385.51] 0.58
[549.89898056] [5322.54] 0.59
[510.65949267] [5521.05] 0.6
[124.74700833] [5450.8] 0.61
[-17.46625853] [3692.78] 0.61
[38.76930916] [3574.15] 0.62
[238.82307034] [3922.1] 0.62
[878.23729605] [4432.72] 0.62
[1040.03385045] [6134.56] 0.62
[534.21433173] [4769.21] 0.63
[760.78728463] [5071.38] 0.63
[866.21657431] [3863.15] 0.63
[1661.35344004] [3074.72] 0.63
[1880.02412093] [4315.22] 0.63
[394.33453239] [3887.06] 0.63
[737.44091948] [3852.88] 0.64
[525.17193035] [3001.83] 0.64
[628.67156083] [2845.5] 0.64
[152.86473053] [1952.19] 0.64
[484.89252451] [1690.03] 0.65
[823.43960427] [2712.37] 0.66
[859.52594817] [3196.32] 0.67
[482.48669566] [2551.44] 0.68
[1229.69665249] [1760.03] 0.69
[1930.13029873] [3581.03] 0.69
[1469.00932087] [5026.89] 0.69
[1032.27219543] [4463.34] 0.69
[1784.64426026] [5170.17] 0.7
[1579.19529995] [5068.3] 0.71
[801.20019355] [4346.57] 0.72
[1130.3322073] [4652.47] 0.73
[1292.15498766] [4513.57] 0.73
[856.29964959] [6564.09] 0.74
[1167.18988326] [7554.71] 0.74
[892.34108366] [8710.79] 0.74
[462.7724197] [8054.98] 0.74
[1716.92472323] [7326.96] 0.74
[1835.26937165] [8583.85] 0.74
[1647.97636757] [9629.62] 0.74
[2204.91601667] [9528.02] 0.74
[1523.53383693] [10723.26] 0.75
[1659.10928649] [13040.4] 0.75
[1942.63591459] [13623.12] 0.76
[578.26188146] [12853.62] 0.76
[455.66369003] [15727.8] 0.76
[-23.21085841] [18306.26] 0.75
[-459.92351142] [21238.28] 0.74
[261.76535889] [22640.89] 0.75
[331.88513508] [21437.28] 0.76
[420.18851132] [19075.61] 0.77
[1195.32900527] [16268.35] 0.78
[2238.77023754] [14572.07] 0.79
[1913.00911039] [16013.65] 0.8
[2905.08372694] [16311.01] 0.81
[1865.99879839] [13677.73] 0.82
[1361.23202455] [12195.28] 0.83
[2495.89629007] [12302.43] 0.84
[241.12276502] [13886.87] 0.85
[125.91501664] [12195.14] 0.85
[1135.04720385] [12285.61] 0.86
[479.79529572] [7082.35] 0.87
[777.55175294] [8308.8] 0.88
[927.80906382] [5656.53] 0.88
[1866.89718747] [6030.26] 0.88
[2244.64855831] [5206.57] 0.89
[1708.65880264] [5165.43] 0.89
[2269.37377316] [1562.58] 0.9
[3495.81931759] [4420.61] 0.91
[3699.10837426] [4920.51] 0.92
[3144.83088339] [2122.64] 0.93
[2734.42451861] [135.68] 0.93
[3516.60621764] [1487.87] 0.93
[3208.44719959] [1482.99] 0.94
[1686.31971904] [815.84] 0.94
[2094.79659039] [-2483.95] 0.93
[6953.47979942] [-2391.64] 0.92
[8342.07490601] [-917.46] 0.91
[3602.94915573] [688.01] 0.91
[2064.6642442] [10819.36] 0.91
[2512.42156725] [12577.76] 0.91
[-1020.47436238] [7485.04] 0.91
[-1930.61332724] [8854.91] 0.9
[-1631.62351613] [10642.88] 0.89
[-2278.63272437] [11119.99] 0.88
[-2016.13270104] [12927.36] 0.87
[-628.87410529] [11319.5] 0.87
[989.96967482] [13139.97] 0.88
[2308.80736688] [16579.25] 0.88
[2539.29597545] [20810.27] 0.88
[-370.1842233] [22914.12] 0.87
[-1279.96905003] [23901.46] 0.86
[-2407.58809374] [25211.02] 0.85
[-2909.76775319] [21880.14] 0.84
[-4045.36418796] [16338.63] 0.83
[-2182.8127506] [20205.67] 0.82
[-2488.72481394] [13397.25] 0.81
[-897.14495702] [12026.05] 0.8
[1542.36155369] [11837.77] 0.8
[912.71321556] [11977.46] 0.8
[2576.89980574] [16095.53] 0.8
[3050.21267264] [12826.38] 0.8
[3954.88538027] [12801.45] 0.8
[3183.81997571] [11446.82] 0.8
[-2236.03461806] [10582.77] 0.79
[-1656.11435489] [9558.33] 0.79
[1296.04846788] [12241.6] 0.79
[1815.37994735] [5935.03] 0.79
[-2776.84472708] [8291.94] 0.78
[999.78966098] [11119.06] 0.78
[3015.0954901] [9750.62] 0.78
[4288.07507859] [9781.88] 0.78
[5301.88971018] [14073.54] 0.78
[7014.58373774] [10413.1] 0.78
[5468.90896086] [7802.87] 0.78
[2788.95898629] [7712.28] 0.78
[4031.16910287] [6794.77] 0.78
[2467.57586177] [6057.75] 0.78
[2749.33885886] [2158.6] 0.78
[8552.52371684] [2084.6] 0.78
[4686.20513786] [-76.69] 0.77
[5988.31884845] [81.56] 0.77
[4499.98027029] [5597.03] 0.77
[2611.04391634] [1883.39] 0.77
[-2612.81154255] [4615.5] 0.76
[1050.97855779] [8734.16] 0.76
[-6300.010767] [9708.06] 0.75
[-5960.06799584] [10669.79] 0.74
[-7396.38873295] [8009.24] 0.73
[-658.46087397] [10374.09] 0.72
[272.08393019] [8257.55] 0.72
[2361.14374643] [10288.01] 0.72
[2677.04319684] [10169.94] 0.72
[2458.15286843] [8194.9] 0.72
[2625.83157479] [7036.85] 0.72
[-504.00546574] [6754.77] 0.71
[-4999.13518281] [3138.94] 0.7
[-2644.37355766] [-49.96] 0.7
[-443.58653352] [284.59] 0.69
[2216.6436784] [849.3] 0.69
[5337.53483966] [-1484.73] 0.68
[756.76892817] [831.4] 0.68
[2334.0234826] [4080.02] 0.68
[3206.99425595] [6682.06] 0.68
[8777.80330655] [4056.12] 0.68
[5962.97323744] [5586.73] 0.68
[6729.46629638] [3380.88] 0.69
[5608.65029143] [2001.29] 0.7
[3866.00684163] [-1159.69] 0.69
[4406.7494909] [1498.18] 0.69
[3948.51346527] [2030.45] 0.69
[1974.10569168] [1300.57] 0.69
[4008.88723628] [315.79] 0.69
[2969.3147947] [-3921.34] 0.68
[2162.9320138] [-5753.4] 0.67
[2091.29449964] [-6708.13] 0.66
[-4632.97641924] [-3571.03] 0.66
[2535.45780062] [-3658.67] 0.65
[-6427.17859048] [-3851.15] 0.65
[184.76271299] [-5152.77] 0.64
[2359.88778096] [-1234.7] 0.63
[4584.27620883] [781.01] 0.63
[6497.42748615] [-1596.09] 0.62
[1689.46455766] [-1840.77] 0.61
[3840.74317213] [-4778.74] 0.6
[4396.06306998] [1525.96] 0.6
[982.33654056] [-1620.43] 0.59
[1074.50944174] [-722.31] 0.58
[2102.74116523] [-845.19] 0.57
[5327.95347406] [-1684.14] 0.56
[3933.84495809] [-3951.24] 0.55
[-1385.90073071] [-6804.44] 0.55
[-3665.72220805] [-13962.03] 0.55
[11200.88719168] [-13550.36] 0.54
[10505.49751925] [-11533.46] 0.53
[6204.46064393] [-13350.51] 0.53
[-2172.39464774] [-9809.84] 0.54
[-1805.4216882] [-12106.9] 0.55
[62.56082245] [-13595.72] 0.54
[-3468.64466751] [-16844.53] 0.54
[-1761.90758531] [-10947.39] 0.54
[-1357.95327874] [-13872.78] 0.55
[-1005.14603502] [-12582.23] 0.56
[3394.54078956] [-14321.04] 0.56
[1935.77191123] [-15328.05] 0.56
[6585.2257352] [-16660.96] 0.56
[5735.58578546] [-15618.06] 0.56
[-315.42443636] [-15138.86] 0.56
[1949.90043198] [-22107.] 0.55
[6094.28642452] [-23209.83] 0.54
[6297.65200209] [-20925.87] 0.54
[5175.14910404] [-19902.79] 0.54
[2856.63329439] [-16579.08] 0.54
[2071.80426546] [-19887.99] 0.54
[4486.801008] [-17239.57] 0.54
[4529.06516143] [-20494.76] 0.54
[1532.49818497] [-23398.43] 0.54
[-2736.00590333] [-22464.56] 0.55
[1158.58484856] [-22368.63] 0.54
[1294.84482274] [-23299.81] 0.53
[3344.37769968] [-11668.73] 0.52
[1485.36508266] [-12997.7] 0.51
[-3107.64892761] [-12609.34] 0.51
[-5226.47933656] [-11241.68] 0.51
[-6455.86512537] [-7374.82] 0.52
[-3648.21028538] [-3070.44] 0.53
[-12575.1444417] [-2723.63] 0.53
[-8966.64610627] [1360.6] 0.52
[-10422.42645988] [-2716.28] 0.53
[-9879.17714268] [-1550.53] 0.53
[-5195.57306635] [-2004.13] 0.53
[-4436.28990509] [837.81] 0.52
[-1686.48727141] [-7042.04] 0.52
[3921.06016299] [-5962.91] 0.51
[5102.35052428] [-5591.38] 0.5
[4803.9545152] [-3805.91] 0.49
[2412.67911139] [-4049.04] 0.48
[1858.76503517] [-2486.76] 0.47
[11127.98513282] [-1040.14] 0.46
[6771.51900586] [-2853.87] 0.45
[-1435.66612634] [-814.94] 0.46
[-2590.21065544] [-2537.88] 0.46
[1447.61976329] [-5651.71] 0.45
[2273.0245671] [-3028.65] 0.44
[-481.31297577] [-841.4] 0.45
[-783.56667676] [-506.87] 0.45
[-5702.87280575] [233.1] 0.45
[-3578.6167515] [760.82] 0.45
[-7476.6894507] [-3499.32] 0.46
[-4046.82934704] [-3827.16] 0.47
[-4173.10675247] [-3494.66] 0.47
[-3638.77306057] [-1979.33] 0.47
[-2330.41293881] [-4839.18] 0.47
[-2911.46073168] [-7367.55] 0.47
[-3752.76407853] [-7502.] 0.47
[-447.14182488] [-5510.26] 0.48
[2894.36205612] [-6329.45] 0.48
[-7323.60012657] [-4308.57] 0.48
[736.43678415] [-4003.51] 0.48
[-3292.13660636] [-3808.86] 0.48
[-1323.9464352] [-870.61] 0.49
[2720.02493095] [-2657.35] 0.48
[-4629.18653901] [-1556.6] 0.48
[1593.81484072] [-2341.49] 0.47
[2146.58689212] [1941.05] 0.47
[4087.52700137] [2118.43] 0.47
[-781.20202207] [720.75] 0.46
[1520.96624631] [2861.47] 0.46
[1978.55216402] [3558.25] 0.47
[1538.28023878] [4955.17] 0.47
[-488.9643294] [6469.05] 0.46
[762.21124911] [8357.29] 0.46
[-652.82939272] [6970.08] 0.45
[-1657.80356763] [4691.16] 0.45
[-2095.8641474] [5445.97] 0.45
[-1454.70509927] [3926.99] 0.45
[1660.71435461] [5911.1] 0.45
[-1220.28640222] [8004.59] 0.45
[318.04839765] [9007.43] 0.45
[207.18720744] [11118.56] 0.46
[-886.63262879] [9588.5] 0.46
[-119.33325043] [13175.21] 0.45
[-3415.66137168] [12921.81] 0.45
[-2019.65740591] [12796.85] 0.45
[-2757.28144556] [12679.19] 0.45
[-756.64156898] [16412.73] 0.44
[-5545.89038933] [15591.53] 0.44
[-2386.54746478] [15272.92] 0.44
[-1518.14670776] [15166.61] 0.44
[-5311.87373703] [14858.33] 0.44
[-5058.6780387] [12659.8] 0.44
[-3141.30198795] [14436.76] 0.43
[-4082.31958106] [15746.12] 0.42
[-2178.76594817] [14652.68] 0.42
[-457.55776644] [13970.48] 0.42
[793.8940137] [12205.36] 0.43
[2285.489315] [8338.63] 0.43
[-1648.09857895] [8969.56] 0.42
[2977.43397484] [6956.87] 0.43
[6767.63179403] [6842.71] 0.43
[-797.26274106] [7238.59] 0.42
[5125.32686754] [8806.32] 0.42
[1529.17322553] [7880.83] 0.42
[60.57946552] [9017.87] 0.43
[-1615.2856411] [9112.62] 0.43
[-189.54503729] [8447.01] 0.43
[3273.29589367] [7209.38] 0.44
[-559.73282004] [5313.25] 0.43
[4295.04321147] [7952.92] 0.44
[3326.90128708] [6343.94] 0.45
[2790.71200623] [1200.8] 0.46
[3850.94289121] [466.92] 0.47
[4299.39701686] [1950.91] 0.48
