[619.42288934] [614.77] 0.0
[613.71020689] [635.01] 0.0
[636.44775283] [635.96] 0.3333333333333333
[638.10670221] [634.02] 0.25
[635.97256146] [637.94] 0.4
[639.63846439] [641.42] 0.5
[643.95383827] [638.97] 0.42857142857142855
[640.97863348] [636.29] 0.375
[638.50904086] [629.25] 0.3333333333333333
[630.63345453] [627.72] 0.3
[628.89730126] [631.92] 0.36363636363636365
[633.04242794] [655.48] 0.4166666666666667
[657.53514186] [653.25] 0.38461538461538464
[655.51713029] [651.39] 0.35714285714285715
[653.50888301] [655.31] 0.4
[657.2068084] [651.45] 0.375
[653.27040208] [682.22] 0.4117647058823529
[685.00585507] [687.68] 0.4444444444444444
[690.20303211] [685.91] 0.42105263157894735
[688.37755981] [698.] 0.45
[701.66906047] [702.] 0.47619047619047616
[705.83477783] [697.01] 0.45454545454545453
[700.87410356] [733.33] 0.4782608695652174
[736.50622172] [686.17] 0.4583333333333333
[688.71579412] [683.69] 0.44
[685.87833405] [704.79] 0.46153846153846156
[707.7309491] [712.] 0.48148148148148145
[714.67863369] [709.96] 0.4642857142857143
[712.47548661] [708.97] 0.4482758620689655
[713.04653558] [720.93] 0.4666666666666667
[724.96676069] [721.5] 0.4838709677419355
[725.05743903] [715.45] 0.46875
[716.92062592] [703.71] 0.45454545454545453
[709.06889846] [702.28] 0.4411764705882353
[706.03007752] [706.46] 0.45714285714285713
[712.00313626] [710.91] 0.4722222222222222
[714.67277018] [711.73] 0.4864864864864865
[715.7676805] [736.96] 0.5
[741.95520405] [747.52] 0.5128205128205128
[754.03599854] [748.98] 0.525
[753.92185615] [729.06] 0.5121951219512195
[733.63776169] [738.53] 0.5238095238095238
[743.34858539] [736.97] 0.5116279069767442
[741.04236902] [741.63] 0.5227272727272727
[745.61875722] [737.45] 0.5111111111111111
[741.94127949] [735.64] 0.5
[737.18299567] [733.67] 0.48936170212765956
[735.16871935] [727.96] 0.4791666666666667
[731.00848037] [727.31] 0.46938775510204084
[730.79455774] [732.71] 0.48
[736.21964314] [742.69] 0.49019607843137253
[744.8229984] [742.05] 0.4807692307692308
[744.64548295] [772.43] 0.49056603773584906
[777.5566003] [764.33] 0.48148148148148145
[768.10499535] [762.97] 0.4727272727272727
[765.24992165] [754.63] 0.4642857142857143
[758.07254742] [756.62] 0.47368421052631576
[760.76920249] [758.99] 0.4827586206896552
[762.85515782] [769.72] 0.4915254237288136
[773.69797479] [770.02] 0.5
[772.3947906] [769.08] 0.4918032786885246
[772.34541929] [777.] 0.5
[780.41603279] [777.] 0.49206349206349204
[779.98374903] [777.99] 0.5
[782.23125918] [774.89] 0.49230769230769234
[777.59646836] [776.75] 0.5
[780.7443057] [775.88] 0.4925373134328358
[779.52936844] [788.7] 0.5
[790.88738383] [788.4] 0.4927536231884058
[791.67996869] [788.67] 0.5
[792.28992848] [793.09] 0.5070422535211268
[796.68833305] [824.21] 0.5138888888888888
[828.34774916] [834.97] 0.5205479452054794
[837.9381689] [901.31] 0.527027027027027
[907.56026289] [891.61] 0.52
[898.82452379] [892.6] 0.5263157894736842
[899.64919872] [897.33] 0.5324675324675324
[903.31914735] [930.37] 0.5384615384615384
[935.94360816] [930.34] 0.5316455696202531
[939.13533454] [963.38] 0.5375
[972.09526974] [952.15] 0.5308641975308642
[962.03028062] [958.12] 0.5365853658536586
[965.9628111] [997.72] 0.5421686746987951
[1006.74723673] [1015.97] 0.5476190476190477
[1031.95486525] [1013.42] 0.5411764705882353
[1030.08561234] [1126.76] 0.5465116279069767
[1151.14476848] [994.67] 0.5402298850574713
[1005.83551167] [999.65] 0.5454545454545454
[1006.97177444] [896.83] 0.5393258426966292
[899.4825556] [908.14] 0.5444444444444444
[910.95981499] [910.49] 0.5494505494505495
[914.3572398] [906.05] 0.5434782608695652
[909.00082164] [785.22] 0.5376344086021505
[784.28595734] [780.92] 0.5425531914893617
[781.36461178] [826.29] 0.5473684210526316
[827.90591619] [817.91] 0.5416666666666666
[817.95572866] [819.55] 0.5463917525773195
[821.47152374] [830.5] 0.5510204081632653
[832.12692147] [903.84] 0.5555555555555556
[905.7291128] [906.6] 0.56
[909.54061654] [895.798875] 0.56
[899.57050439] [893.6210875] 0.56
[898.0057773] [895.64] 0.56
[898.37274252] [918.603625] 0.57
[920.88989305] [922.0736125] 0.57
[927.46198809] [919.97] 0.56
[926.31632396] [893.045625] 0.56
[896.94342061] [915.95625] 0.57
[917.45347005] [915.05] 0.57
[918.39043218] [920.31225] 0.58
[923.01154917] [915.933] 0.57
[917.77073855] [912.19] 0.56
[915.08002343] [964.706075] 0.57
[968.66743134] [979.703875] 0.58
[981.71265961] [983.42] 0.58
[987.34108545] [1013.027] 0.59
[1017.38120293] [1030.999413] 0.59
[1035.17497753] [1034.07] 0.59
[1036.49387276] [1024.01375] 0.59
[1027.58179107] [1050.11] 0.59
[1052.17163664] [1052.84] 0.59
[1057.40272904] [976.103] 0.59
[975.79307369] [999.1035] 0.58
[1002.11643388] [997.59] 0.58
[997.87886153] [1000.604625] 0.59
[1002.07333647] [999.877375] 0.58
[1000.43186861] [1001.2] 0.58
[1004.90242896] [1012.325988] 0.59
[1013.76278815] [1035.208125] 0.6
[1039.16070939] [1035.2] 0.59
[1038.49899807] [1056.637138] 0.59
[1061.07701001] [1052.779286] 0.59
[1055.91932279] [1050.87] 0.59
[1053.47393427] [1123.788429] 0.6
[1126.06987032] [1123.223188] 0.59
[1126.45161807] [1130.01] 0.59
[1133.92406662] [1174.86625] 0.59
[1175.09411944] [1150.605714] 0.58
[1153.35555561] [1150.37] 0.57
[1151.77755149] [1190.75195] 0.57
[1191.637284] [1187.565286] 0.57
[1188.25486769] [1190.89] 0.57
[1192.91144178] [1259.410817] 0.58
[1259.24101605] [1285.14] 0.57
[1287.65218387] [1287.] 0.58
[1286.92221487] [1270.9333] 0.59
[1269.79457297] [1275.197375] 0.59
[1277.98062447] [1279.5] 0.6
[1278.29205224] [1157.3933] 0.61
[1159.18790223] [1192.469143] 0.61
[1195.46630527] [1192.09] 0.6
[1195.36886254] [1179.159875] 0.6
[1182.06721835] [1227.494625] 0.6
[1236.20030838] [1227.68] 0.61
[1240.11426182] [1245.370786] 0.62
[1250.27856897] [1257.399625] 0.63
[1265.52176589] [1257.] 0.62
[1266.01234245] [1091.171888] 0.61
[1095.30159881] [952.2323625] 0.6
[951.994946] [967.69] 0.59
[968.07217985] [1049.084488] 0.6
[1052.83180431] [1118.630043] 0.6
[1121.3762754] [1113.] 0.6
[1117.95984149] [1038.789] 0.59
[1039.84220221] [941.9197143] 0.59
[937.70181877] [927.93] 0.59
[925.44579905] [956.7863125] 0.59
[955.27219499] [1037.22925] 0.58
[1038.06893924] [1041.04] 0.59
[1042.82507797] [1040.5755] 0.58
[1041.27884233] [1037.90455] 0.57
[1039.61620127] [1034.74] 0.56
[1036.03579827] [1086.929571] 0.56
[1089.57828391] [1099.169125] 0.56
[1103.28940016] [1079.99] 0.56
[1081.5895259] [1141.600363] 0.56
[1144.99443184] [1133.079314] 0.55
[1137.70774529] [1133.53] 0.55
[1134.46994554] [1190.45425] 0.56
[1195.49940636] [1181.149838] 0.55
[1181.53423301] [1184.03] 0.56
[1185.81212676] [1207.744875] 0.56
[1213.29148909] [1226.617038] 0.56
[1229.6117085] [1219.09] 0.55
[1220.48208592] [1180.023713] 0.55
[1183.22774877] [1185.260057] 0.55
[1190.65282545] [1170.36] 0.55
[1171.66281707] [1186.927413] 0.55
[1189.1399355] [1205.634875] 0.56
[1208.30697073] [1176.97] 0.55
[1175.98771939] [1217.930088] 0.54
[1222.35006396] [1241.686325] 0.55
[1244.16611318] [1236.63] 0.55
[1239.47840642] [1261.311225] 0.55
[1263.1549395] [1257.988113] 0.54
[1258.35912361] [1240.84] 0.54
[1240.24469735] [1279.414688] 0.53
[1279.55180179] [1309.109875] 0.53
[1309.90421052] [1288.02] 0.52
[1289.13703223] [1331.294429] 0.52
[1332.47628773] [1334.979038] 0.53
[1335.82806005] [1333.] 0.53
[1334.48370516] [1417.172813] 0.53
[1418.9831758] [1452.076288] 0.53
[1454.11334036] [1447.55] 0.52
[1446.55052433] [1508.292125] 0.52
[1511.06521792] [1533.335071] 0.53
[1533.7869224] [1518.75] 0.52
[1520.2929005] [1535.868429] 0.53
[1541.56929561] [1640.619225] 0.53
[1655.85917564] [1651.1] 0.54
[1669.18185622] [1762.88625] 0.55
[1788.14110661] [1820.990563] 0.55
[1845.15731586] [1829.] 0.55
[1847.563833] [1771.920013] 0.54
[1791.12287102] [1776.3165] 0.54
[1797.28284216] [1780.] 0.54
[1794.52648878] [1739.031975] 0.53
[1756.8984664] [1807.485063] 0.54
[1834.16185022] [1783.98] 0.53
[1810.69756642] [1961.520488] 0.53
[1999.54382233] [2052.909788] 0.54
[2092.6931673] [2008.84] 0.54
[2044.10039353] [2090.662313] 0.55
[2147.26236908] [2287.710288] 0.55
[2336.29497279] [2256.32] 0.55
[2304.81794987] [2387.206286] 0.55
[2470.66935368] [2211.976857] 0.54
[2273.67883862] [2279.82] 0.54
[2339.87727093] [2192.9808] 0.54
[2240.82368683] [2275.9307] 0.54
[2323.29283619] [2290.02] 0.55
[2317.86105417] [2285.933914] 0.55
[2336.73448618] [2399.242671] 0.55
[2447.55153027] [2409.93] 0.56
[2449.13879917] [2525.765158] 0.56
[2592.49104893] [2516.173143] 0.55
[2566.51515484] [2529.53] 0.56
[2560.6532066] [2883.313697] 0.57
[2950.14893137] [2664.920863] 0.56
[2727.34563593] [2683.03] 0.57
[2751.916632] [2827.4913] 0.57
[2875.12642379] [2845.372857] 0.57
[2910.68516972] [2898.63] 0.58
[2964.00512575] [2657.675063] 0.57
[2708.05032288] [2748.185086] 0.57
[2811.67541973] [2706.] 0.57
[2766.80639362] [2442.48025] 0.56
[2484.79225069] [2464.959814] 0.56
[2490.85970382] [2477.94] 0.56
[2507.47373422] [2507.389252] 0.57
[2531.92419653] [2617.210263] 0.58
[2649.25690914] [2600.] 0.57
[2623.04372787] [2671.04325] 0.57
[2696.39562486] [2727.288013] 0.57
[2753.90250304] [2713.48] 0.56
[2735.78177863] [2589.164888] 0.56
[2605.69909414] [2512.366286] 0.56
[2530.28102248] [2502.03] 0.56
[2514.84377206] [2517.903114] 0.57
[2534.9673647] [2585.349186] 0.57
[2603.55503697] [2558.3] 0.56
[2574.15921247] [2477.641375] 0.56
[2491.83893236] [2501.191343] 0.57
[2506.21602368] [2421.26] 0.57
[2428.0643212] [2561.225429] 0.57
[2570.34050792] [2599.729838] 0.58
[2607.00935972] [2598.89] 0.58
[2606.57643152] [2609.96775] 0.58
[2620.79017944] [2491.201214] 0.58
[2497.93777963] [2502.86] 0.59
[2509.18293333] [2536.238938] 0.6
[2543.02412504] [2366.170143] 0.59
[2370.85898366] [2327.09] 0.58
[2331.72969472] [2385.748571] 0.59
[2390.98585947] [2354.783417] 0.58
[2356.91402152] [2338.49] 0.58
[2341.99329922] [2058.9956] 0.57
[2058.91214652] [1931.2143] 0.57
[1925.19177921] [1910.96] 0.58
[1903.88075718] [2320.12225] 0.57
[2318.17789172] [2264.7657] 0.57
[2261.75257582] [2265.21] 0.56
[2260.53692532] [2682.195363] 0.56
[2686.38271214] [2807.609857] 0.57
[2815.72884407] [2825.51] 0.57
[2828.91700551] [2751.821029] 0.57
[2752.74709334] [2560.997917] 0.56
[2558.90344242] [2564.3] 0.55
[2560.06254766] [2647.625] 0.55
[2651.16816691] [2781.636583] 0.56
[2786.27429753] [2784.8] 0.56
[2793.71350269] [2745.955417] 0.56
[2754.00675513] [2866.431667] 0.56
[2880.66984271] [2862.9] 0.56
[2864.78969103] [2693.633983] 0.56
[2691.14476779] [2794.117717] 0.56
[2790.01361279] [2790.] 0.56
[2792.35110641] [3218.115017] 0.57
[3209.15075337] [3252.562533] 0.56
[3259.37466096] [3210.2] 0.55
[3211.33466299] [3457.374333] 0.56
[3458.22006714] [3357.326317] 0.55
[3345.48667617] [3340.28] 0.55
[3330.70088439] [3632.506667] 0.55
[3634.38860903] [3852.802914] 0.56
[3881.61554718] [3868.52] 0.56
[3895.27440166] [4282.992] 0.57
[4334.37652028] [4217.028329] 0.56
[4278.92587673] [4179.97] 0.55
[4241.99978676] [4328.725717] 0.55
[4425.47718036] [4130.440067] 0.54
[4193.3616871] [4104.71] 0.53
[4187.04535625] [4157.958033] 0.53
[4212.37535475] [4043.722] 0.53
[4088.47641431] [3986.28] 0.52
[4012.22458212] [4174.95] 0.52
[4202.74763727] [4340.316717] 0.53
[4383.87558201] [4331.77] 0.52
[4400.77895587] [4360.513317] 0.53
[4433.95311559] [4354.308333] 0.52
[4407.30630777] [4339.05] 0.51
[4401.16664384] [4607.98545] 0.52
[4673.75654359] [4594.98785] 0.51
[4665.98260685] [4582.52] 0.5
[4614.96951612] [4911.740017] 0.51
[4973.09133047] [4580.38748] 0.5
[4638.31033016] [4585.57] 0.51
[4610.47284764] [4344.098317] 0.5
[4373.67001594] [4488.72014] 0.51
[4526.0126649] [4385.02] 0.5
[4435.00968215] [4654.6585] 0.5
[4702.58613328] [4310.750183] 0.5
[4339.06813511] [4312.26] 0.5
[4344.90547244] [4329.955] 0.5
[4362.11915476] [4248.090017] 0.49
[4271.30089511] [4198.59] 0.49
[4223.43235955] [3961.271267] 0.48
[3982.05604498] [3319.63] 0.47
[3337.04808825] [3216.43] 0.47
[3230.15443383] [3763.62604] 0.47
[3776.5074939] [3746.060783] 0.46
[3752.82356706] [3678.53] 0.45
[3688.22819659] [3943.413333] 0.45
[3938.42331171] [3977.561667] 0.45
[3976.87081253] [3894.48] 0.45
[3889.00500312] [3637.50255] 0.46
[3633.93989444] [3776.3869] 0.46
[3780.57132681] [3777.62] 0.46
[3786.99401508] [3942.555] 0.46
[3955.23859802] [3910.307383] 0.45
[3919.52726426] [3881.] 0.44
[3889.30967915] [4201.98905] 0.45
[4217.72633204] [4193.574667] 0.44
[4214.39454607] [4164.27] 0.43
[4181.80701762] [4360.722967] 0.44
[4379.19699425] [4386.88375] 0.45
[4414.88079175] [4394.07] 0.46
[4417.08167121] [4225.175] 0.46
[4247.36261252] [4338.852] 0.46
[4360.87106067] [4318.58] 0.45
[4341.49904247] [4376.191667] 0.46
[4400.46556301] [4602.280883] 0.47
[4635.99448128] [4605.66] 0.47
[4631.09800344] [4782.28] 0.48
[4808.8519975] [4819.485767] 0.48
[4844.09335325] [4822.17] 0.48
[4840.02246271] [5563.806567] 0.49
[5589.59733209] [5739.438733] 0.49
[5777.11184581] [5825.99] 0.5
[5863.72978908] [5711.205867] 0.49
[5734.75709664] [5603.71294] 0.48
[5645.4959196] [5594.66] 0.48
[5628.58033668] [5727.6335] 0.49
[5774.91650808] [5979.45984] 0.49
[6037.02329497] [5986.44] 0.5
[6044.16271149] [5983.18455] 0.5
[6045.25737365] [5876.079867] 0.5
[5920.72727198] [5900.59] 0.5
[5931.68613451] [5669.622533] 0.49
[5690.78948209] [5893.138417] 0.5
[5938.02221816] [5889.82] 0.49
[5909.74830766] [5776.69695] 0.49
[5800.09542195] [6155.43402] 0.5
[6167.01094463] [6136.49] 0.49
[6170.0685346] [6388.645167] 0.49
[6401.24484333] [6665.306683] 0.5
[6699.78451145] [6751.98] 0.51
[6795.55238833] [7197.72006] 0.52
[7289.17973682] [7437.543317] 0.53
[7519.57733955] [7365.99] 0.52
[7444.85341737] [6989.071667] 0.51
[7059.28974979] [7092.127233] 0.52
[7162.70434058] [7128.64] 0.52
[7224.78383503] [7158.03706] 0.53
[7235.07936452] [6719.39785] 0.53
[6785.2508659] [6569.22] 0.53
[6612.72344055] [5716.301583] 0.52
[5753.36217492] [6550.227533] 0.52
[6628.30764497] [6493.63] 0.52
[6564.04300278] [7301.42992] 0.53
[7402.6102377] [7815.0307] 0.53
[7891.96423119] [7868.77] 0.54
[7988.26101287] [7817.140383] 0.53
[7868.41125496] [8007.654067] 0.54
[8125.0777834] [8049.72] 0.54
[8140.88789083] [8059.8] 0.54
[8176.00240109] [8268.035] 0.54
[8390.70017018] [8236.72] 0.54
[8343.47932076] [8250.978333] 0.55
[8377.52842609] [8707.407267] 0.55
[8799.68684586] [8768.8] 0.56
[8891.48112965] [9718.29505] 0.57
[9877.61233089] [9952.50882] 0.57
[10151.48050209] [9919.] 0.57
[10153.93839622] [10147.372] 0.58
[10363.82148261] [10883.912] 0.58
[11201.22743806] [10879.88] 0.57
[11187.67346492] [11332.622] 0.58
[11595.06099047] [11584.83] 0.58
[11905.95014424] [11591.22] 0.59
[11882.70810508] [13540.98] 0.6
[13945.0943967] [16501.97167] 0.6
[16941.49858892] [16860.88] 0.61
[17520.2297055] [15142.83415] 0.61
[15655.73791304] [14869.805] 0.6
[15350.20244533] [15068.95] 0.61
[15526.09817163] [17276.39333] 0.61
[17842.80500674] [16808.36667] 0.61
[17420.95196427] [16252.31] 0.6
[16816.89928129] [17771.9] 0.61
[18269.59153645] [19498.68333] 0.61
[20505.8749256] [19279.9] 0.61
[19935.67706664] [18961.85667] 0.6
[19708.30020786] [17737.11167] 0.59
[18336.2455522] [17382.94] 0.59
[17930.38832359] [16047.51] 0.59
[16466.95133044] [15190.945] 0.59
[15497.76970718] [13776.61] 0.59
[13988.78529206] [13949.175] 0.6
[14119.7556577] [14119.02833] 0.6
[14229.10601772] [13740.94] 0.6
[13846.15344151] [15589.32167] 0.61
[15739.45372295] [14380.58167] 0.6
[14506.92207212] [14214.01] 0.6
[14290.39036356] [13215.574] 0.59
[13272.30799578] [14165.575] 0.59
[14195.79202755] [13796.] 0.59
[13832.73075008] [15005.85667] 0.59
[15043.07880096] [15053.26167] 0.59
[15084.21480436] [15039.24] 0.59
[15076.39075627] [17174.12] 0.6
[17249.14589244] [17319.198] 0.6
[17408.71120034] [17155.95] 0.6
[17268.62746273] [15265.90667] 0.6
[15350.80028766] [14714.25333] 0.59
[14771.89401111] [14437.42] 0.58
[14534.00842657] [13296.794] 0.57
[13374.71758315] [13912.882] 0.58
[14006.41397426] [13791.19] 0.57
[13873.72234973] [13852.92] 0.58
[13899.85599847] [14012.196] 0.58
[14052.97007174] [13554.14] 0.57
[13600.09276613] [11116.94667] 0.56
[11108.95015184] [11345.42333] 0.55
[11352.56307115] [11174.82] 0.54
[11173.69100936] [12950.79333] 0.53
[12982.40993392] [11505.228] 0.52
[11483.97751331] [11513.42] 0.51
[11488.04441138] [11223.064] 0.51
[11205.66402627] [11282.25833] 0.51
[11276.21883202] [11392.03] 0.51
[11404.74121511] [10969.815] 0.51
[10940.64274246] [11524.77667] 0.5
[11519.96747153] [11431.37] 0.5
[11421.88406782] [11212.655] 0.5
[11193.11915339] [10184.06167] 0.51
[10170.94281042] [10082.52] 0.52
[10043.80823708] [9083.258333] 0.52
[9055.00406229] [8901.901667] 0.53
[8846.70230996] [8852.73] 0.53
[8789.48790735] [8400.648333] 0.54
[8330.53984915] [6838.816667] 0.55
[6763.31061364] [6925.46] 0.54
[6862.94054089] [8099.958333] 0.54
[8056.13598381] [8240.536667] 0.53
[8226.0165735] [8245.08] 0.52
[8231.68812199] [8319.876566] 0.51
[8326.53059631] [8343.455] 0.51
[8336.72939753] [8068.02] 0.51
[8043.51906069] [8597.7675] 0.51
[8587.29421442] [9334.633333] 0.51
[9332.96417049] [9471.64] 0.5
[9478.49481148] [10127.16167] 0.5
[10092.80328526] [10841.99167] 0.49
[10791.74317202] [11085.83] 0.49
[11045.73333938] [11110.965] 0.49
[11073.14966154] [11390.39167] 0.49
[11362.94088756] [11245.98] 0.49
[11184.74761037] [9931.071667] 0.5
[9892.42817861] [10162.11667] 0.49
[10133.24613934] [10171.3] 0.48
[10115.91117324] [9696.593333] 0.48
[9603.55069821] [10348.60333] 0.48
[10339.89869806] [10319.46] 0.48
[10256.19268937] [10370.165] 0.47
[10349.46820472] [11009.38167] 0.46
[10977.85404692] [10931.12] 0.46
[10916.4517556] [11326.94833] 0.46
[11299.55727652] [11430.18167] 0.45
[11425.07402449] [11516.83] 0.44
[11516.21562138] [10763.19833] 0.44
[10714.56793012] [10118.058] 0.44
[10066.07523902] [9920.46] 0.44
[9854.88895113] [9089.278333] 0.45
[9055.50914882] [8746.002] 0.45
[8689.20350328] [8777.37] 0.44
[8761.84330076] [9182.843333] 0.44
[9157.76804032] [9154.7] 0.44
[9131.16775292] [9153.54] 0.44
[9139.52097501] [8358.121667] 0.44
[8344.11724826] [8530.402] 0.43
[8524.18414562] [8297.89] 0.43
[8279.40063789] [8171.415] 0.43
[8170.56021972] [8412.033333] 0.43
[8395.32029151] [8605.64] 0.43
[8619.55287919] [8947.753333] 0.43
[8940.40887781] [8690.408333] 0.43
[8696.51645577] [8725.37] 0.44
[8729.5919492] [8662.378333] 0.44
[8667.12226263] [8617.296667] 0.43
[8622.76889068] [8457.96] 0.42
[8449.71791812] [7876.195] 0.43
[7867.34665929] [7960.38] 0.43
[7962.8188047] [7950.61] 0.43
[7949.95555337] [6882.531667] 0.44
[6880.43046456] [6935.48] 0.44
[6927.48840596] [6937.56] 0.44
[6932.70000757] [7035.848333] 0.44
[7055.47397472] [7410.435] 0.44
[7435.17971268] [7426.48] 0.44
[7440.24207252] [6826.51] 0.44
[6833.91380144] [6603.876667] 0.43
[6645.16601124] [6634.68] 0.44
[6680.76506372] [7017.656667] 0.45
[7024.09490869] [6699.273333] 0.45
[6702.87588804] [6784.41] 0.45
[6802.65654031] [6926.266667] 0.46
[6944.03520007] [7847.845] 0.46
[7865.63234648] [7941.46] 0.46
[7977.09741687] [8036.511051] 0.47
[8073.95361136] [8340.748333] 0.47
[8349.15310596] [8368.1] 0.47
[8376.6500461] [7895.416926] 0.47
[7881.05598895] [8164.937426] 0.47
[8153.56204361] [8175.96] 0.47
[8148.07866382] [8852.718333] 0.47
[8821.46115208] [8807.205] 0.48
[8768.97759235] [8930.6] 0.47
[8909.1683264] [8933.861667] 0.47
[8938.79048377] [9555.542] 0.47
[9563.33806455] [9658.11] 0.47
[9660.97797905] [9258.398333] 0.47
[9266.93866368] [9010.32] 0.47
[9000.82644477] [8928.55] 0.48
[8883.11061455] [9334.281667] 0.48
[9324.33272048] [9259.57] 0.49
[9221.25893268] [9239.55] 0.5
[9199.85850127] [9221.426] 0.51
[9182.6582545] [9639.268333] 0.5
[9587.49664274] [9753.35] 0.5
[9700.92082325] [9803.306667] 0.5
[9765.75049979] [9630.136277] 0.51
[9628.7230869] [9631.44] 0.51
[9635.62732902] [9228.608333] 0.5
[9230.60177915] [9322.041667] 0.5
[9337.51615695] [9310.37] 0.49
[9321.3689365] [8468.788] 0.48
[8456.98979809] [8484.346667] 0.47
[8479.9768574] [8463.52] 0.47
[8448.68216792] [8652.038333] 0.46
[8653.11614949] [8511.458] 0.45
[8511.63150427] [8471.06] 0.44
[8471.53259999] [8106.118333] 0.44
[8106.65077786] [8240.055] 0.45
[8231.78410892] [8239.08] 0.46
[8236.42419914] [8507.406667] 0.46
[8506.31187922] [8385.556187] 0.47
[8384.80196149] [8396.63] 0.46
[8390.21887492] [7555.74] 0.46
[7543.09847343] [7566.193333] 0.46
[7564.22254924] [7576.78] 0.46
[7565.90791003] [7342.908333] 0.47
[7330.74675662] [7361.831667] 0.46
[7350.64359968] [7344.56] 0.47
[7334.71411741] [7459.876667] 0.47
[7475.93629367] [7385.395] 0.47
[7401.48797218] [7386.72] 0.48
[7421.27779867] [7535.146667] 0.48
[7549.66343847] [7645.146667] 0.48
[7673.09299342] [7637.14] 0.48
[7650.65151404] [7500.273333] 0.48
[7519.35436923] [7615.722142] 0.48
[7636.00838154] [7619.43] 0.49
[7681.46372375] [7676.271667] 0.49
[7714.87992929] [7620.153333] 0.49
[7669.96597512] [7615.54] 0.49
[7632.93608973] [6776.888333] 0.48
[6787.6830658] [6875.678333] 0.49
[6865.310237] [6879.31] 0.49
[6875.55650456] [6315.7] 0.5
[6285.29905025] [6647.013333] 0.49
[6621.22830873] [6637.41] 0.49
[6616.06785838] [6509.426667] 0.49
[6485.92210775] [6464.411667] 0.49
[6439.88636632] [6445.79] 0.49
[6421.1686056] [6737.] 0.49
[6723.03828233] [6714.718333] 0.5
[6697.24195964] [6760.83] 0.49
[6729.83745186] [6332.573333] 0.49
[6294.45873028] [6141.605833] 0.49
[6111.85876223] [6170.46] 0.49
[6140.57059861] [6211.4475] 0.48
[6183.47690898] [6218.595] 0.47
[6176.23222413] [6097.46] 0.48
[6062.20225584] [6107.896154] 0.48
[6064.83307342] [5908.7025] 0.48
[5867.38050329] [6223.28] 0.47
[6189.97547589] [6374.754167] 0.46
[6346.51707117] [6466.069167] 0.46
[6434.394816] [6626.44] 0.46
[6602.94067206] [6593.289167] 0.47
[6579.51248647] [6603.376667] 0.46
[6578.61225695] [6555.51] 0.47
[6544.16372542] [6594.281667] 0.47
[6569.22827866] [6753.559167] 0.46
[6744.77285013] [6724.04] 0.47
[6704.06692858] [6510.791667] 0.48
[6481.70439961] [6377.363333] 0.49
[6355.96977249] [6403.18] 0.48
[6376.18714818] [6244.3575] 0.48
[6227.99441967] [6241.] 0.49
[6221.98262292] [6248.84] 0.49
[6244.34776129] [6514.390833] 0.48
[6508.77269463] [6869.910833] 0.47
[6863.42018779] [7321.62] 0.47
[7316.3849149] [7396.401667] 0.46
[7391.8299499] [7428.045] 0.45
[7423.06056572] [7334.99] 0.45
[7331.32189642] [7451.289167] 0.44
[7451.35489845] [7689.884167] 0.44
[7691.63965828] [7715.1] 0.44
[7731.03952156] [8251.165] 0.44
[8316.01673831] [8187.324167] 0.44
[8217.4622284] [7939.81] 0.44
[7953.53045109] [8182.251667] 0.45
[8223.65643893] [8206.341667] 0.46
[8257.96606715] [8220.91] 0.46
[8253.26401186] [7916.800833] 0.46
[7942.08406167] [7570.869167] 0.46
[7565.89087807] [7607.7] 0.45
[7616.56684452] [7394.499167] 0.44
[7388.0276862] [7247.769167] 0.45
[7240.93750783] [7011.28] 0.46
[6999.19502744] [6988.079167] 0.46
[6984.03473861] [6993.513333] 0.46
[6985.09554734] [6718.23] 0.46
[6712.50374071] [6396.7725] 0.46
[6384.18119671] [6396.494667] 0.46
[6382.44025041] [6138.96] 0.47
[6118.98567598] [6311.131667] 0.47
[6301.45499889] [6347.07] 0.47
[6338.24013134] [6252.13] 0.47
[6248.31996518] [6362.676923] 0.47
[6374.0573099] [6342.629231] 0.47
[6364.15087064] [6312.75] 0.46
[6336.60847878] [6436.720833] 0.47
