[620.73083378] [614.77] 0.0
[622.08192022] [635.01] 0.5
[641.73162508] [635.96] 0.6666666666666666
[643.22615789] [634.02] 0.5
[639.62735986] [637.94] 0.6
[644.00288058] [641.42] 0.6666666666666666
[646.81662132] [638.97] 0.5714285714285714
[644.11033454] [636.29] 0.5
[640.86704201] [629.25] 0.4444444444444444
[630.91317594] [627.72] 0.4
[625.30587017] [631.92] 0.36363636363636365
[631.66146492] [655.48] 0.3333333333333333
[660.65219688] [653.25] 0.3076923076923077
[658.37275037] [651.39] 0.2857142857142857
[655.61883606] [655.31] 0.3333333333333333
[659.94261528] [651.45] 0.3125
[655.02184306] [682.22] 0.35294117647058826
[689.39051687] [687.68] 0.3888888888888889
[694.63885326] [685.91] 0.3684210526315789
[692.46819147] [698.] 0.4
[705.12835336] [702.] 0.42857142857142855
[708.55688095] [697.01] 0.4090909090909091
[703.73148787] [733.33] 0.43478260869565216
[741.47332439] [686.17] 0.4166666666666667
[691.30714963] [683.69] 0.4
[687.94645235] [704.79] 0.4230769230769231
[711.09106159] [712.] 0.4444444444444444
[718.7655468] [709.96] 0.42857142857142855
[714.50644456] [708.97] 0.41379310344827586
[714.6332354] [720.93] 0.43333333333333335
[727.08736851] [721.5] 0.45161290322580644
[726.26810879] [715.45] 0.4375
[706.05332042] [703.71] 0.45454545454545453
[708.94801475] [702.28] 0.4411764705882353
[700.64879079] [706.46] 0.42857142857142855
[698.41074631] [710.91] 0.4166666666666667
[702.63482939] [711.73] 0.40540540540540543
[702.97634702] [736.96] 0.39473684210526316
[734.78499228] [747.52] 0.38461538461538464
[740.71340942] [748.98] 0.375
[748.13384251] [729.06] 0.3902439024390244
[725.38289415] [738.53] 0.38095238095238093
[743.86749101] [736.97] 0.37209302325581395
[737.58805057] [741.63] 0.38636363636363635
[733.0907778] [737.45] 0.4
[730.23783449] [735.64] 0.41304347826086957
[729.40193906] [733.67] 0.425531914893617
[728.21798856] [727.96] 0.4375
[726.20965558] [727.31] 0.4489795918367347
[729.43134049] [732.71] 0.46
[725.57153033] [742.69] 0.45098039215686275
[736.74917624] [742.05] 0.46153846153846156
[737.6508771] [772.43] 0.4528301886792453
[768.72600251] [764.33] 0.46296296296296297
[760.92051342] [762.97] 0.4727272727272727
[757.56961352] [754.63] 0.48214285714285715
[748.91392114] [756.62] 0.47368421052631576
[755.92594076] [758.99] 0.46551724137931033
[751.76003134] [769.72] 0.4576271186440678
[764.59780576] [770.02] 0.45
[761.97750924] [769.08] 0.45901639344262296
[761.67951674] [777.] 0.45161290322580644
[771.8133359] [777.] 0.4444444444444444
[769.67877853] [777.99] 0.4375
[772.81801207] [774.89] 0.4461538461538462
[767.36834764] [776.75] 0.4393939393939394
[768.61480942] [775.88] 0.44776119402985076
[767.36439076] [788.7] 0.4411764705882353
[780.7076577] [788.4] 0.4492753623188406
[783.37906051] [788.67] 0.44285714285714284
[783.29600026] [793.09] 0.43661971830985913
[788.02822509] [824.21] 0.4305555555555556
[823.18580564] [834.97] 0.4246575342465753
[827.92492868] [901.31] 0.4189189189189189
[893.46601247] [891.61] 0.4266666666666667
[885.50655985] [892.6] 0.42105263157894735
[888.40301979] [897.33] 0.4155844155844156
[892.6556218] [930.37] 0.41025641025641024
[925.53570955] [930.34] 0.4177215189873418
[926.0662138] [963.38] 0.4125
[959.73669385] [952.15] 0.41975308641975306
[947.10327838] [958.12] 0.4146341463414634
[949.88868044] [997.72] 0.40963855421686746
[991.31646488] [1015.97] 0.40476190476190477
[1011.55712448] [1013.42] 0.4117647058823529
[1007.31521526] [1126.76] 0.4069767441860465
[1127.68734707] [994.67] 0.40229885057471265
[989.46745139] [999.65] 0.3977272727272727
[994.72903493] [896.83] 0.4044943820224719
[890.91902718] [908.14] 0.4
[908.77807692] [910.49] 0.4065934065934066
[911.64789262] [906.05] 0.40217391304347827
[900.71637909] [785.22] 0.40860215053763443
[778.12353164] [780.92] 0.4148936170212766
[771.8888698] [826.29] 0.4105263157894737
[821.76745396] [817.91] 0.4166666666666667
[807.53598095] [819.55] 0.41237113402061853
[814.70813729] [830.5] 0.40816326530612246
[846.74872106] [903.84] 0.41414141414141414
[896.58965555] [906.6] 0.41
[924.13454332] [895.798875] 0.40594059405940597
[889.62217647] [893.6210875] 0.4117647058823529
[894.18344847] [895.64] 0.4174757281553398
[899.82927988] [918.603625] 0.4230769230769231
[913.85199169] [922.0736125] 0.41904761904761906
[914.48299492] [919.97] 0.42452830188679247
[915.72811391] [893.045625] 0.42990654205607476
[886.84506075] [915.95625] 0.42592592592592593
[925.36552242] [915.05] 0.42201834862385323
[930.66493604] [920.31225] 0.42727272727272725
[913.17886593] [915.933] 0.43243243243243246
[914.04639994] [912.19] 0.4375
[930.37875939] [964.706075] 0.4424778761061947
[959.15889961] [979.703875] 0.43859649122807015
[972.14757475] [983.42] 0.43478260869565216
[992.63731163] [1013.027] 0.4396551724137931
[1010.88226281] [1030.999413] 0.4358974358974359
[1026.76184304] [1034.07] 0.4322033898305085
[1032.69707202] [1024.01375] 0.4369747899159664
[1019.95180581] [1050.11] 0.43333333333333335
[1044.80787967] [1052.84] 0.4297520661157025
[1050.00351223] [976.103] 0.4344262295081967
[968.26896812] [999.1035] 0.43089430894308944
[994.12031436] [997.59] 0.43548387096774194
[993.13286308] [1000.604625] 0.432
[995.22348471] [999.877375] 0.4365079365079365
[994.16145412] [1001.2] 0.4330708661417323
[997.72523563] [1012.325988] 0.4296875
[1005.89315159] [1035.208125] 0.4263565891472868
[1030.39965535] [1035.2] 0.4307692307692308
[1051.83838749] [1056.637138] 0.4351145038167939
[1050.88361911] [1052.779286] 0.4393939393939394
[1048.74009679] [1050.87] 0.44360902255639095
[1057.88268336] [1123.788429] 0.44776119402985076
[1116.49351032] [1123.223188] 0.45185185185185184
[1114.61732167] [1130.01] 0.4485294117647059
[1129.02683593] [1174.86625] 0.44525547445255476
[1166.23977414] [1150.605714] 0.4492753623188406
[1172.67110807] [1150.37] 0.4460431654676259
[1142.48159545] [1190.75195] 0.44285714285714284
[1214.4241659] [1187.565286] 0.4397163120567376
[1175.82002934] [1190.89] 0.43661971830985913
[1181.96720634] [1259.410817] 0.43356643356643354
[1249.38092542] [1285.14] 0.4305555555555556
[1284.26882464] [1287.] 0.42758620689655175
[1276.41493142] [1270.9333] 0.4315068493150685
[1258.82818926] [1275.197375] 0.42857142857142855
[1264.23630652] [1279.5] 0.42567567567567566
[1300.44228619] [1157.3933] 0.4228187919463087
[1156.27020765] [1192.469143] 0.42
[1184.19460685] [1192.09] 0.423841059602649
[1186.18270415] [1179.159875] 0.4276315789473684
[1172.95124981] [1227.494625] 0.42483660130718953
[1223.55091853] [1227.68] 0.42207792207792205
[1226.30137489] [1245.370786] 0.41935483870967744
[1241.27485527] [1257.399625] 0.4166666666666667
[1257.9148097] [1257.] 0.4140127388535032
[1254.45733684] [1091.171888] 0.4177215189873418
[1114.80377696] [952.2323625] 0.41509433962264153
[944.57583632] [967.69] 0.4125
[958.24463201] [1049.084488] 0.40993788819875776
[1040.16522736] [1118.630043] 0.4074074074074074
[1112.23552473] [1113.] 0.4110429447852761
[1135.24418986] [1038.789] 0.40853658536585363
[1041.84124315] [941.9197143] 0.40606060606060607
[953.38687915] [927.93] 0.4036144578313253
[937.29446692] [956.7863125] 0.40718562874251496
[946.37562826] [1037.22925] 0.40476190476190477
[1027.38562169] [1041.04] 0.40236686390532544
[1038.02693631] [1040.5755] 0.40588235294117647
[1031.50132957] [1037.90455] 0.4093567251461988
[1031.14715271] [1034.74] 0.4127906976744186
[1024.48290252] [1086.929571] 0.41040462427745666
[1076.02270975] [1099.169125] 0.40804597701149425
[1115.51618074] [1079.99] 0.4057142857142857
[1070.42702636] [1141.600363] 0.4034090909090909
[1138.66049242] [1133.079314] 0.4067796610169492
[1123.24724057] [1133.53] 0.4044943820224719
[1129.98588102] [1190.45425] 0.4022346368715084
[1202.15016874] [1181.149838] 0.4
[1170.49892813] [1184.03] 0.39779005524861877
[1172.84167102] [1207.744875] 0.3956043956043956
[1201.2571002] [1226.617038] 0.39344262295081966
[1216.17129682] [1219.09] 0.3967391304347826
[1226.33236371] [1180.023713] 0.3945945945945946
[1202.223375] [1185.260057] 0.3978494623655914
[1178.01421761] [1170.36] 0.40106951871657753
[1176.40251523] [1186.927413] 0.40425531914893614
[1179.80799185] [1205.634875] 0.4021164021164021
[1200.43986789] [1176.97] 0.4052631578947368
[1165.52848639] [1217.930088] 0.4031413612565445
[1214.79844291] [1241.686325] 0.4010416666666667
[1238.55236002] [1236.63] 0.40414507772020725
[1243.91774556] [1261.311225] 0.4072164948453608
[1248.39409683] [1257.988113] 0.41025641025641024
[1246.75162021] [1240.84] 0.413265306122449
[1235.00834157] [1279.414688] 0.41116751269035534
[1298.87233917] [1309.109875] 0.41414141414141414
[1320.53878689] [1288.02] 0.4120603015075377
[1310.29753803] [1331.294429] 0.415
[1352.38315627] [1334.979038] 0.417910447761194
[1352.28492421] [1333.] 0.4158415841584158
[1336.11376274] [1417.172813] 0.4187192118226601
[1409.04096267] [1452.076288] 0.4166666666666667
[1438.03450939] [1447.55] 0.4195121951219512
[1432.54854664] [1508.292125] 0.4174757281553398
[1496.48998322] [1533.335071] 0.41545893719806765
[1564.17923011] [1518.75] 0.41346153846153844
[1510.94786972] [1535.868429] 0.41148325358851673
[1527.70225844] [1640.619225] 0.4095238095238095
[1636.18431976] [1651.1] 0.4075829383886256
[1646.7890085] [1762.88625] 0.4056603773584906
[1806.4695497] [1820.990563] 0.4084507042253521
[1820.70076255] [1829.] 0.40654205607476634
[1831.76205206] [1771.920013] 0.4046511627906977
[1779.76992844] [1776.3165] 0.4074074074074074
[1808.64553111] [1780.] 0.41013824884792627
[1776.74496651] [1739.031975] 0.41284403669724773
[1733.4024018] [1807.485063] 0.410958904109589
[1813.19197521] [1783.98] 0.4090909090909091
[1820.05810391] [1961.520488] 0.4117647058823529
[1967.20750303] [2052.909788] 0.4144144144144144
[2061.24955781] [2008.84] 0.4125560538116592
[2013.61723469] [2090.662313] 0.41517857142857145
[2106.00094988] [2287.710288] 0.4177777777777778
[2314.32085546] [2256.32] 0.415929203539823
[2274.71326984] [2387.206286] 0.4185022026431718
[2417.63185364] [2211.976857] 0.4166666666666667
[2224.39630704] [2279.82] 0.4192139737991266
[2297.06063651] [2192.9808] 0.41739130434782606
[2205.60442681] [2275.9307] 0.4199134199134199
[2289.42033671] [2290.02] 0.4224137931034483
[2304.50357238] [2285.933914] 0.4206008583690987
[2302.40163694] [2399.242671] 0.4230769230769231
[2406.82627956] [2409.93] 0.425531914893617
[2422.94779247] [2525.765158] 0.4279661016949153
[2544.15963358] [2516.173143] 0.42616033755274263
[2536.62111713] [2529.53] 0.42857142857142855
[2521.35937802] [2883.313697] 0.42677824267782427
[2909.06675147] [2664.920863] 0.425
[2687.64379803] [2683.03] 0.42738589211618255
[2701.63297607] [2827.4913] 0.4297520661157025
[2863.95581131] [2845.372857] 0.43209876543209874
[2869.59645913] [2898.63] 0.4344262295081967
[2927.26796438] [2657.675063] 0.4326530612244898
[2670.66846664] [2748.185086] 0.4349593495934959
[2755.21525164] [2706.] 0.4331983805668016
[2734.62319851] [2442.48025] 0.4314516129032258
[2457.99388351] [2464.959814] 0.43373493975903615
[2463.13547044] [2477.94] 0.432
[2494.31011515] [2507.389252] 0.4342629482071713
[2526.15295634] [2617.210263] 0.4365079365079365
[2631.43602241] [2600.] 0.43478260869565216
[2615.38252831] [2671.04325] 0.43700787401574803
[2688.10541962] [2727.288013] 0.4392156862745098
[2742.59912322] [2713.48] 0.4375
[2752.52016193] [2589.164888] 0.4357976653696498
[2598.7865126] [2512.366286] 0.43410852713178294
[2518.80188613] [2502.03] 0.43243243243243246
[2507.2755904] [2517.903114] 0.4346153846153846
[2528.51037782] [2585.349186] 0.4367816091954023
[2584.02825092] [2558.3] 0.4389312977099237
[2569.46598104] [2477.641375] 0.4372623574144487
[2478.04808278] [2501.191343] 0.4393939393939394
[2499.3966864] [2421.26] 0.44150943396226416
[2421.77030966] [2561.225429] 0.44360902255639095
[2622.08828932] [2599.729838] 0.44569288389513106
[2601.94013001] [2598.89] 0.44402985074626866
[2600.70239921] [2609.96775] 0.44609665427509293
[2613.72529601] [2491.201214] 0.4444444444444444
[2486.99679997] [2502.86] 0.44280442804428044
[2497.30237075] [2536.238938] 0.4411764705882353
[2526.64498225] [2366.170143] 0.4432234432234432
[2348.60666486] [2327.09] 0.44525547445255476
[2313.95238191] [2385.748571] 0.44363636363636366
[2375.30627385] [2354.783417] 0.44565217391304346
[2340.52801655] [2338.49] 0.44765342960288806
[2315.44257306] [2058.9956] 0.44964028776978415
[2045.64991633] [1931.2143] 0.45161290322580644
[1911.1134462] [1910.96] 0.45357142857142857
[1893.4715867] [2320.12225] 0.45195729537366547
[2304.40530781] [2264.7657] 0.45390070921985815
[2249.14864269] [2265.21] 0.45229681978798586
[2245.1802225] [2682.195363] 0.4507042253521127
[2667.44307875] [2807.609857] 0.44912280701754387
[2801.11095225] [2825.51] 0.44755244755244755
[2800.11627265] [2751.821029] 0.44947735191637633
[2758.74338457] [2560.997917] 0.4479166666666667
[2602.78086072] [2564.3] 0.44982698961937717
[2539.95222613] [2647.625] 0.4482758620689655
[2691.85809007] [2781.636583] 0.45017182130584193
[2762.81149421] [2784.8] 0.4486301369863014
[2785.54096603] [2745.955417] 0.447098976109215
[2772.13863309] [2866.431667] 0.4489795918367347
[2920.92306671] [2862.9] 0.44745762711864406
[2867.20700755] [2693.633983] 0.44594594594594594
[2735.24870346] [2794.117717] 0.4478114478114478
[2832.50407339] [2790.] 0.4463087248322148
[2835.91126442] [3218.115017] 0.44816053511705684
[3198.96616524] [3252.562533] 0.44666666666666666
[3264.98131874] [3210.2] 0.44518272425249167
[3282.17437112] [3457.374333] 0.4470198675496689
[3523.88481074] [3357.326317] 0.44554455445544555
[3329.94876099] [3340.28] 0.4473684210526316
[3365.67710983] [3632.506667] 0.4491803278688525
[3638.55737478] [3852.802914] 0.45098039215686275
[3951.71053428] [3868.52] 0.4527687296416938
[3864.24939522] [4282.992] 0.4512987012987013
[4304.19709431] [4217.028329] 0.44983818770226536
[4229.58851214] [4179.97] 0.4483870967741935
[4285.40095499] [4328.725717] 0.45016077170418006
[4353.75857266] [4130.440067] 0.44871794871794873
[4152.0952396] [4104.71] 0.4472843450479233
[4206.38473334] [4157.958033] 0.44904458598726116
[4161.02224777] [4043.722] 0.44761904761904764
[4036.18660649] [3986.28] 0.44936708860759494
[3975.9873708] [4174.95] 0.4479495268138801
[4187.69889936] [4340.316717] 0.449685534591195
[4365.58631216] [4331.77] 0.4482758620689655
[4344.08325336] [4360.513317] 0.45
[4382.99421966] [4354.308333] 0.4485981308411215
[4375.86807171] [4339.05] 0.4472049689440994
[4342.54095445] [4607.98545] 0.44891640866873067
[4619.20849806] [4594.98785] 0.44753086419753085
[4613.79810824] [4582.52] 0.4461538461538462
[4622.72285331] [4911.740017] 0.44785276073619634
[4941.1076108] [4580.38748] 0.44648318042813456
[4590.91702104] [4585.57] 0.4481707317073171
[4602.83734461] [4344.098317] 0.44680851063829785
[4358.80959508] [4488.72014] 0.4484848484848485
[4498.47442574] [4385.02] 0.4471299093655589
[4386.21706342] [4654.6585] 0.44879518072289154
[4669.89823891] [4310.750183] 0.44744744744744747
[4328.93644811] [4312.26] 0.4491017964071856
[4436.20432832] [4329.955] 0.4507462686567164
[4337.01828204] [4248.090017] 0.4494047619047619
[4305.16769017] [4198.59] 0.44807121661721067
[4219.01485007] [3961.271267] 0.4467455621301775
[3989.10440567] [3319.63] 0.44542772861356933
[3331.86639002] [3216.43] 0.4441176470588235
[3227.96237404] [3763.62604] 0.44574780058651026
[3782.74071598] [3746.060783] 0.4444444444444444
[3725.46965957] [3678.53] 0.446064139941691
[3687.66733597] [3943.413333] 0.4476744186046512
[3946.52298828] [3977.561667] 0.4492753623188406
[3951.10767809] [3894.48] 0.4508670520231214
[3865.64422719] [3637.50255] 0.45244956772334294
[3615.30056273] [3776.3869] 0.4511494252873563
[3789.77841634] [3777.62] 0.45272206303724927
[3768.41598351] [3942.555] 0.4514285714285714
[3931.72503931] [3910.307383] 0.452991452991453
[3893.67020305] [3881.] 0.45454545454545453
[3864.55783713] [4201.98905] 0.45325779036827196
[4193.07524748] [4193.574667] 0.4548022598870056
[4188.99121414] [4164.27] 0.4563380281690141
[4092.07221272] [4360.722967] 0.4550561797752809
[4379.37789812] [4386.88375] 0.4565826330532213
[4396.88217053] [4394.07] 0.4581005586592179
[4404.18222855] [4225.175] 0.4568245125348189
[4207.99044201] [4338.852] 0.45555555555555555
[4346.43771666] [4318.58] 0.45429362880886426
[4398.28620972] [4376.191667] 0.4558011049723757
[4347.21871407] [4602.280883] 0.45454545454545453
[4596.7446109] [4605.66] 0.4532967032967033
[4616.80436229] [4782.28] 0.4547945205479452
[4761.60104558] [4819.485767] 0.453551912568306
[4809.43383431] [4822.17] 0.45231607629427795
[4834.11647991] [5563.806567] 0.453804347826087
[5564.09309421] [5739.438733] 0.45528455284552843
[5869.93239676] [5825.99] 0.45675675675675675
[5816.18800307] [5711.205867] 0.4582210242587601
[5689.94971123] [5603.71294] 0.4596774193548387
[5592.19135752] [5594.66] 0.46112600536193027
[5544.38907398] [5727.6335] 0.45989304812834225
[5728.67952987] [5979.45984] 0.4613333333333333
[6009.53958932] [5986.44] 0.4627659574468085
[6019.00121849] [5983.18455] 0.46153846153846156
[6008.3994057] [5876.079867] 0.4603174603174603
[5850.05235903] [5900.59] 0.45910290237467016
[5869.42493179] [5669.622533] 0.4605263157894737
[5626.42554669] [5893.138417] 0.45931758530183725
[5870.10288969] [5889.82] 0.4607329842931937
[5862.83045885] [5776.69695] 0.4621409921671018
[5796.43601057] [6155.43402] 0.4635416666666667
[6216.19581379] [6136.49] 0.4623376623376623
[6103.97035017] [6388.645167] 0.46113989637305697
[6522.82669343] [6665.306683] 0.4625322997416021
[6651.10499912] [6751.98] 0.46134020618556704
[6734.72015389] [7197.72006] 0.4601542416452442
[7195.71826412] [7437.543317] 0.45897435897435895
[7442.42418352] [7365.99] 0.4578005115089514
[7380.75954839] [6989.071667] 0.45663265306122447
[6980.59340776] [7092.127233] 0.455470737913486
[7087.87970502] [7128.64] 0.4543147208121827
[7134.91577381] [7158.03706] 0.45569620253164556
[7162.15425427] [6719.39785] 0.45454545454545453
[6738.79762366] [6569.22] 0.4534005037783375
[6558.21531793] [5716.301583] 0.4547738693467337
[5715.86001231] [6550.227533] 0.45363408521303256
[6612.59151787] [6493.63] 0.4525
[6515.49448328] [7301.42992] 0.4538653366583541
[7329.40190931] [7815.0307] 0.4552238805970149
[7869.87169355] [7868.77] 0.456575682382134
[7927.80401031] [7817.140383] 0.45544554455445546
[7794.83453908] [8007.654067] 0.454320987654321
[8068.9242177] [8049.72] 0.45566502463054187
[8093.60257213] [8059.8] 0.457002457002457
[8131.862149] [8268.035] 0.4583333333333333
[8339.75116109] [8236.72] 0.4572127139364303
[8343.06397979] [8250.978333] 0.4585365853658537
[8307.79363078] [8707.407267] 0.45985401459854014
[8717.61811072] [8768.8] 0.46116504854368934
[8863.00550165] [9718.29505] 0.46246973365617433
[9810.19046339] [9952.50882] 0.463768115942029
[10068.24877267] [9919.] 0.46265060240963857
[9999.24726558] [10147.372] 0.4639423076923077
[10235.96757215] [10883.912] 0.46522781774580335
[11001.09240851] [10879.88] 0.46411483253588515
[10963.00621939] [11332.622] 0.46539379474940334
[11522.26214211] [11584.83] 0.4666666666666667
[11757.98358761] [11591.22] 0.4679334916864608
[11780.63178979] [13540.98] 0.46919431279620855
[13829.66058208] [16501.97167] 0.47044917257683216
[17020.4693968] [16860.88] 0.4716981132075472
[17291.19322221] [15142.83415] 0.47058823529411764
[15441.49714239] [14869.805] 0.4694835680751174
[15156.56687566] [15068.95] 0.4707259953161593
[15489.4273026] [17276.39333] 0.4719626168224299
[17693.02945059] [16808.36667] 0.47086247086247085
[17144.07883985] [16252.31] 0.4697674418604651
[16519.40746852] [17771.9] 0.4709976798143852
[18047.75125105] [19498.68333] 0.4722222222222222
[20053.80231433] [19279.9] 0.47113163972286376
[19799.05205621] [18961.85667] 0.4700460829493088
[19617.08735821] [17737.11167] 0.4689655172413793
[18088.2907531] [17382.94] 0.46788990825688076
[17676.95107741] [16047.51] 0.4668192219679634
[16272.36546176] [15190.945] 0.4657534246575342
[15425.59078479] [13776.61] 0.4646924829157175
[13887.14663643] [13949.175] 0.4659090909090909
[14142.32580906] [14119.02833] 0.4671201814058957
[14318.2120385] [13740.94] 0.4660633484162896
[13913.15123029] [15589.32167] 0.4672686230248307
[15845.55117839] [14380.58167] 0.46621621621621623
[14592.18444341] [14214.01] 0.4651685393258427
[14388.13425227] [13215.574] 0.4641255605381166
[13289.17758444] [14165.575] 0.465324384787472
[14243.07304657] [13796.] 0.4642857142857143
[13870.9580965] [15005.85667] 0.46547884187082406
[15174.10041575] [15053.26167] 0.4666666666666667
[15183.05882703] [15039.24] 0.4656319290465632
[15132.75513358] [17174.12] 0.4668141592920354
[17520.06908658] [17319.198] 0.46799116997792495
[17548.18381626] [17155.95] 0.4669603524229075
[17647.45443025] [15265.90667] 0.46593406593406594
[15421.00781356] [14714.25333] 0.4649122807017544
[14861.85178265] [14437.42] 0.4638949671772429
[14574.92525366] [13296.794] 0.462882096069869
[13747.62219012] [13912.882] 0.46405228758169936
[14056.07246348] [13791.19] 0.46304347826086956
[13912.35066568] [13852.92] 0.4642082429501085
[13994.53883121] [14012.196] 0.4653679653679654
[14063.31475942] [13554.14] 0.46436285097192226
[13537.16704529] [11116.94667] 0.46551724137931033
[11078.97049758] [11345.42333] 0.4645161290322581
[11291.52024539] [11174.82] 0.4656652360515021
[11108.35941801] [12950.79333] 0.46466809421841543
[13291.09754016] [11505.228] 0.4636752136752137
[11434.60517436] [11513.42] 0.4626865671641791
[11472.40401221] [11223.064] 0.46382978723404256
[11148.08242852] [11282.25833] 0.46284501061571126
[11253.06686272] [11392.03] 0.461864406779661
[11351.87967149] [10969.815] 0.4630021141649049
[10951.11745031] [11524.77667] 0.4620253164556962
[11707.39981658] [11431.37] 0.4610526315789474
[11591.90451437] [11212.655] 0.46008403361344535
[11157.9030347] [10184.06167] 0.4612159329140461
[10120.34669791] [10082.52] 0.46234309623430964
[10071.27233863] [9083.258333] 0.46346555323590816
[9026.39029907] [8901.901667] 0.46458333333333335
[8978.44101174] [8852.73] 0.46361746361746364
[8874.54467793] [8400.648333] 0.46265560165975106
[8402.86050362] [6838.816667] 0.4616977225672878
[6781.047203] [6925.46] 0.4607438016528926
[6816.97683359] [8099.958333] 0.45979381443298967
[8169.8323079] [8240.536667] 0.4609053497942387
[8249.15579293] [8245.08] 0.4620123203285421
[8241.24279694] [8319.876566] 0.4610655737704918
[8154.55629531] [8343.455] 0.4601226993865031
[8246.88611025] [8068.02] 0.46122448979591835
[8059.35096954] [8597.7675] 0.46028513238289204
[8567.93219085] [9334.633333] 0.45934959349593496
