[611.24680126] [614.77] 1.0
[614.62111105] [635.01] 0.5
[617.37514844] [635.96] 0.3333333333333333
[630.39545115] [634.02] 0.5
[623.86186308] [637.94] 0.4
[622.82215989] [641.42] 0.3333333333333333
[640.40606945] [638.97] 0.42857142857142855
[631.51947512] [636.29] 0.5
[629.92902716] [629.25] 0.5555555555555556
[637.16914174] [627.72] 0.5
[632.30413056] [631.92] 0.5454545454545454
[635.21041013] [655.48] 0.5833333333333334
[649.71960528] [653.25] 0.6153846153846154
[641.9830091] [651.39] 0.6428571428571429
[656.58433387] [655.31] 0.6666666666666666
[653.50814551] [651.45] 0.6875
[653.09322148] [682.22] 0.7058823529411765
[665.04635323] [687.68] 0.6666666666666666
[665.00067498] [685.91] 0.631578947368421
[670.0922135] [698.] 0.6
[678.75118295] [702.] 0.5714285714285714
[681.46714292] [697.01] 0.5909090909090909
[694.85075323] [733.33] 0.6086956521739131
[706.61279974] [686.17] 0.625
[708.77990964] [683.69] 0.6
[708.13460404] [704.79] 0.6153846153846154
[712.16252863] [712.] 0.6296296296296297
[727.31167167] [709.96] 0.6428571428571429
[731.77965261] [708.97] 0.6551724137931034
[727.60456269] [720.93] 0.6666666666666666
[723.03806585] [721.5] 0.6774193548387096
[730.78480163] [715.45] 0.65625
[773.14190941] [703.71] 0.6363636363636364
[701.38964393] [702.28] 0.6470588235294118
[743.78048736] [706.46] 0.6571428571428571
[740.02922005] [710.91] 0.6666666666666666
[704.36390214] [711.73] 0.6486486486486487
[729.329815] [736.96] 0.6578947368421053
[722.33742189] [747.52] 0.6410256410256411
[748.70504997] [748.98] 0.65
[729.75407232] [729.06] 0.6585365853658537
[740.26890295] [738.53] 0.6666666666666666
[743.40182974] [736.97] 0.6511627906976745
[745.37988623] [741.63] 0.6590909090909091
[751.07522061] [737.45] 0.6444444444444445
[749.97618771] [735.64] 0.6304347826086957
[752.12168354] [733.67] 0.6170212765957447
[754.82218167] [727.96] 0.6041666666666666
[752.5368131] [727.31] 0.5918367346938775
[754.29214223] [732.71] 0.6
[750.01190175] [742.69] 0.6078431372549019
[751.72791941] [742.05] 0.6153846153846154
[750.22005941] [772.43] 0.6226415094339622
[760.67657842] [764.33] 0.6296296296296297
[756.32679546] [762.97] 0.6363636363636364
[764.34210475] [754.63] 0.625
[764.40968409] [756.62] 0.631578947368421
[768.29664969] [758.99] 0.6379310344827587
[769.20299238] [769.72] 0.6440677966101694
[772.61835273] [770.02] 0.65
[772.25913926] [769.08] 0.639344262295082
[780.10842448] [777.] 0.6451612903225806
[778.83538344] [777.] 0.6507936507936508
[783.18430753] [777.99] 0.65625
[785.40822725] [774.89] 0.6461538461538462
[789.67871957] [776.75] 0.6515151515151515
[774.73629527] [775.88] 0.6567164179104478
[793.53004985] [788.7] 0.6617647058823529
[791.55037862] [788.4] 0.6666666666666666
[789.8559798] [788.67] 0.6714285714285714
[799.08456077] [793.09] 0.676056338028169
[797.04008499] [824.21] 0.6805555555555556
[801.59027121] [834.97] 0.6712328767123288
[812.24504928] [901.31] 0.6621621621621622
[820.35300201] [891.61] 0.6666666666666666
[832.04969267] [892.6] 0.6578947368421053
[855.96422108] [897.33] 0.6493506493506493
[870.78601384] [930.37] 0.6410256410256411
[892.55312923] [930.34] 0.6329113924050633
[917.91534738] [963.38] 0.625
[944.39636993] [952.15] 0.6296296296296297
[966.54535652] [958.12] 0.6341463414634146
[965.03918545] [997.72] 0.6385542168674698
[970.15375122] [1015.97] 0.6309523809523809
[989.98310199] [1013.42] 0.6235294117647059
[1009.77208888] [1126.76] 0.627906976744186
[1071.32238408] [994.67] 0.632183908045977
[1064.35644784] [999.65] 0.6363636363636364
[1067.50128771] [896.83] 0.6292134831460674
[996.53793421] [908.14] 0.6333333333333333
[945.88998823] [910.49] 0.6373626373626373
[899.21148431] [906.05] 0.6413043478260869
[879.54742842] [785.22] 0.6451612903225806
[796.703731] [780.92] 0.6382978723404256
[760.06357275] [826.29] 0.631578947368421
[759.36252151] [817.91] 0.6354166666666666
[854.12809684] [819.55] 0.6288659793814433
[814.15203982] [830.5] 0.6224489795918368
[798.81954325] [903.84] 0.6161616161616161
[859.58636372] [906.6] 0.61
[931.05394968] [895.798875] 0.6
[922.35604171] [893.6210875] 0.6
[937.2814646] [895.64] 0.61
[899.91514614] [918.603625] 0.61
[924.57294924] [922.0736125] 0.62
[924.98988073] [919.97] 0.63
[919.42867781] [893.045625] 0.62
[912.95933349] [915.95625] 0.62
[881.36284618] [915.05] 0.62
[926.75379202] [920.31225] 0.63
[893.40277372] [915.933] 0.63
[933.28276879] [912.19] 0.62
[931.76475359] [964.706075] 0.62
[928.01699023] [979.703875] 0.61
[953.8392886] [983.42] 0.6
[984.83424157] [1013.027] 0.6
[1022.3799812] [1030.999413] 0.6
[1037.74383686] [1034.07] 0.61
[1048.71893001] [1024.01375] 0.61
[1038.44146015] [1050.11] 0.62
[1031.10680101] [1052.84] 0.62
[1023.26149317] [976.103] 0.62
[932.86217205] [999.1035] 0.61
[1001.00086958] [997.59] 0.61
[978.42443097] [1000.604625] 0.61
[986.34418121] [999.877375] 0.6
[983.69384324] [1001.2] 0.59
[1010.5600598] [1012.325988] 0.59
[1007.53007475] [1035.208125] 0.58
[1033.17376369] [1035.2] 0.58
[1032.77750092] [1056.637138] 0.57
[1048.94831712] [1052.779286] 0.57
[1061.01924714] [1050.87] 0.58
[1055.95886905] [1123.788429] 0.58
[1103.57745451] [1123.223188] 0.57
[1125.58311921] [1130.01] 0.57
[1135.46900405] [1174.86625] 0.58
[1156.97935405] [1150.605714] 0.58
[1160.03946698] [1150.37] 0.59
[1176.99948405] [1190.75195] 0.59
[1153.96987516] [1187.565286] 0.58
[1189.93462579] [1190.89] 0.58
[1194.2150915] [1259.410817] 0.59
[1248.34127811] [1285.14] 0.58
[1285.23890974] [1287.] 0.59
[1291.97743501] [1270.9333] 0.59
[1294.04790609] [1275.197375] 0.6
[1256.55877323] [1279.5] 0.6
[1294.2559306] [1157.3933] 0.6
[1196.12769646] [1192.469143] 0.6
[1154.36499742] [1192.09] 0.59
[1174.65339848] [1179.159875] 0.59
[1185.11410072] [1227.494625] 0.59
[1191.34714057] [1227.68] 0.58
[1212.76020618] [1245.370786] 0.57
[1235.82164628] [1257.399625] 0.57
[1248.20698101] [1257.] 0.56
[1249.05159746] [1091.171888] 0.56
[1159.8894291] [952.2323625] 0.55
[1047.72897616] [967.69] 0.55
[1003.34506791] [1049.084488] 0.56
[1039.69258489] [1118.630043] 0.55
[1089.5708066] [1113.] 0.54
[1154.98272791] [1038.789] 0.53
[1076.89738528] [941.9197143] 0.53
[1022.3275674] [927.93] 0.52
[932.27008229] [956.7863125] 0.52
[964.70930598] [1037.22925] 0.52
[1013.93560232] [1041.04] 0.51
[1042.5824002] [1040.5755] 0.51
[1044.28520999] [1037.90455] 0.51
[1023.61263529] [1034.74] 0.5
[1058.85500849] [1086.929571] 0.51
[1085.52094542] [1099.169125] 0.52
[1102.29280521] [1079.99] 0.51
[1080.15132615] [1141.600363] 0.51
[1149.46026024] [1133.079314] 0.51
[1155.82282366] [1133.53] 0.51
[1150.17965877] [1190.45425] 0.52
[1201.40746833] [1181.149838] 0.52
[1185.75102824] [1184.03] 0.52
[1230.42404628] [1207.744875] 0.52
[1201.24547272] [1226.617038] 0.51
[1240.77245185] [1219.09] 0.52
[1231.02597756] [1180.023713] 0.52
[1193.25984677] [1185.260057] 0.52
[1204.09413322] [1170.36] 0.51
[1169.1074352] [1186.927413] 0.5
[1202.57288422] [1205.634875] 0.51
[1201.91707594] [1176.97] 0.51
[1197.2959878] [1217.930088] 0.51
[1214.8619132] [1241.686325] 0.5
[1257.10872439] [1236.63] 0.49
[1181.41463214] [1261.311225] 0.49
[1207.76702551] [1257.988113] 0.49
[1244.10928494] [1240.84] 0.49
[1242.51328586] [1279.414688] 0.5
[1289.95469276] [1309.109875] 0.51
[1302.70774453] [1288.02] 0.51
[1286.23169223] [1331.294429] 0.52
[1335.30521363] [1334.979038] 0.53
[1322.67685572] [1333.] 0.53
[1330.60226842] [1417.172813] 0.53
[1397.20078801] [1452.076288] 0.52
[1443.06309949] [1447.55] 0.52
[1470.70677179] [1508.292125] 0.52
[1482.72273646] [1533.335071] 0.52
[1545.74338289] [1518.75] 0.51
[1522.86036488] [1535.868429] 0.51
[1548.47776764] [1640.619225] 0.51
[1648.33364593] [1651.1] 0.51
[1644.84114533] [1762.88625] 0.52
[1777.52996928] [1820.990563] 0.52
[1783.35952976] [1829.] 0.52
[1836.53662343] [1771.920013] 0.52
[1705.6747245] [1776.3165] 0.51
[1689.25415147] [1780.] 0.5
[1733.24160292] [1739.031975] 0.5
[1678.71771122] [1807.485063] 0.5
[1777.35776845] [1783.98] 0.5
[1795.11373055] [1961.520488] 0.51
[1981.80021218] [2052.909788] 0.51
[1954.28211348] [2008.84] 0.52
[1982.35794439] [2090.662313] 0.51
[2095.80383948] [2287.710288] 0.52
[2265.92517279] [2256.32] 0.52
[2253.74057117] [2387.206286] 0.53
[2370.99335187] [2211.976857] 0.52
[2242.33547464] [2279.82] 0.53
[2249.93028776] [2192.9808] 0.53
[2215.5647621] [2275.9307] 0.54
[2256.09351056] [2290.02] 0.54
[2230.91805749] [2285.933914] 0.53
[2391.5470557] [2399.242671] 0.53
[2341.18695666] [2409.93] 0.53
[2218.20621096] [2525.765158] 0.52
[2488.07973399] [2516.173143] 0.51
[2586.10207798] [2529.53] 0.51
[2644.08381712] [2883.313697] 0.51
[2800.32915408] [2664.920863] 0.51
[2703.86308715] [2683.03] 0.52
[2721.44866781] [2827.4913] 0.52
[2813.83659165] [2845.372857] 0.52
[2826.96663065] [2898.63] 0.52
[2805.88068977] [2657.675063] 0.52
[2719.19194691] [2748.185086] 0.53
[2767.06442971] [2706.] 0.52
[2796.2699951] [2442.48025] 0.52
[2672.492874] [2464.959814] 0.53
[2587.11138498] [2477.94] 0.53
[2618.65169124] [2507.389252] 0.54
[2614.65483233] [2617.210263] 0.54
[2650.97988735] [2600.] 0.53
[2475.9087602] [2671.04325] 0.53
[2556.32643301] [2727.288013] 0.53
[2686.67277388] [2713.48] 0.54
[2679.94656183] [2589.164888] 0.55
[2605.83591914] [2512.366286] 0.54
[2523.80410535] [2502.03] 0.54
[2572.17503602] [2517.903114] 0.54
[2560.64679201] [2585.349186] 0.54
[2660.82471662] [2558.3] 0.54
[2623.02848439] [2477.641375] 0.54
[2434.08605336] [2501.191343] 0.54
[2511.07362584] [2421.26] 0.54
[2448.66748672] [2561.225429] 0.55
[2583.66986189] [2599.729838] 0.55
[2588.00350992] [2598.89] 0.55
[2596.73648115] [2609.96775] 0.55
[2622.05055508] [2491.201214] 0.55
[2469.73623963] [2502.86] 0.55
[2595.51887007] [2536.238938] 0.56
[2561.04351893] [2366.170143] 0.55
[2324.57911071] [2327.09] 0.55
[2378.50886592] [2385.748571] 0.56
[2375.71419373] [2354.783417] 0.57
[2339.52522659] [2338.49] 0.58
[2329.95636027] [2058.9956] 0.59
[1924.96554997] [1931.2143] 0.59
[1885.43772588] [1910.96] 0.6
[1971.50106575] [2320.12225] 0.6
[2336.72793191] [2264.7657] 0.59
[2190.43687848] [2265.21] 0.6
[2239.78695706] [2682.195363] 0.59
[2679.17966777] [2807.609857] 0.6
[2869.7510988] [2825.51] 0.6
[2868.91407723] [2751.821029] 0.6
[2801.77983514] [2560.997917] 0.6
[2573.01171826] [2564.3] 0.59
[2630.15535513] [2647.625] 0.59
[2693.24392562] [2781.636583] 0.59
[2849.89609929] [2784.8] 0.6
[2785.15614822] [2745.955417] 0.61
[2796.74843564] [2866.431667] 0.62
[2906.27119285] [2862.9] 0.63
[2831.21271124] [2693.633983] 0.63
[2722.41095052] [2794.117717] 0.63
[2806.14645306] [2790.] 0.63
[2811.41588206] [3218.115017] 0.64
[3223.98264967] [3252.562533] 0.64
[3333.48229658] [3210.2] 0.63
[3269.89852549] [3457.374333] 0.64
[3492.75910559] [3357.326317] 0.63
[3457.0856527] [3340.28] 0.64
[3415.64302997] [3632.506667] 0.64
[3556.73200593] [3852.802914] 0.63
[3647.19068542] [3868.52] 0.63
[3594.63538271] [4282.992] 0.63
[3727.07620709] [4217.028329] 0.63
[4246.13505647] [4179.97] 0.62
[4219.4188137] [4328.725717] 0.62
[4186.70415448] [4130.440067] 0.62
[4202.63053613] [4104.71] 0.61
[4199.74080036] [4157.958033] 0.62
[4148.174702] [4043.722] 0.62
[4224.19370514] [3986.28] 0.62
[4235.00106076] [4174.95] 0.63
[4100.82432547] [4340.316717] 0.62
[4402.78669804] [4331.77] 0.63
[4308.2160368] [4360.513317] 0.62
[4527.03321705] [4354.308333] 0.62
[4531.30482048] [4339.05] 0.61
[4448.59547574] [4607.98545] 0.61
[4779.69226457] [4594.98785] 0.62
[4656.88939161] [4582.52] 0.62
[4777.90063711] [4911.740017] 0.63
[4973.24231967] [4580.38748] 0.62
[4543.47795698] [4585.57] 0.62
[4545.10867164] [4344.098317] 0.62
[4407.68231719] [4488.72014] 0.62
[4459.56222534] [4385.02] 0.62
[4447.65898118] [4654.6585] 0.63
[4665.02088326] [4310.750183] 0.63
[4291.20562317] [4312.26] 0.62
[4282.16064025] [4329.955] 0.63
[4323.97604385] [4248.090017] 0.63
[4272.36919268] [4198.59] 0.63
[4254.26200008] [3961.271267] 0.62
[3944.43836208] [3319.63] 0.62
[3323.51003989] [3216.43] 0.62
[3387.43644648] [3763.62604] 0.62
[3866.30748706] [3746.060783] 0.61
[3215.79228697] [3678.53] 0.61
[3607.64118903] [3943.413333] 0.61
[4053.52447313] [3977.561667] 0.61
[4178.63042515] [3894.48] 0.6
[3817.66912402] [3637.50255] 0.61
[3617.70515061] [3776.3869] 0.61
[4086.41360488] [3777.62] 0.6
[3869.25774508] [3942.555] 0.6
[3888.95844511] [3910.307383] 0.6
[3834.10914904] [3881.] 0.6
[4112.91024639] [4201.98905] 0.61
[4336.01604943] [4193.574667] 0.62
[3925.11803802] [4164.27] 0.63
[4217.92910807] [4360.722967] 0.63
[4284.16206495] [4386.88375] 0.62
[4311.46820936] [4394.07] 0.62
[4364.03137244] [4225.175] 0.63
[4184.54916772] [4338.852] 0.62
[4424.86634136] [4318.58] 0.62
[4323.918242] [4376.191667] 0.63
[4361.75542365] [4602.280883] 0.63
[4559.9746538] [4605.66] 0.63
[4584.87616231] [4782.28] 0.64
[4719.20373738] [4819.485767] 0.63
[4744.01624289] [4822.17] 0.62
[4939.70158261] [5563.806567] 0.62
[5231.43495857] [5739.438733] 0.62
[5838.60525227] [5825.99] 0.62
[5867.88437598] [5711.205867] 0.61
[5788.5490855] [5603.71294] 0.6
[5733.79436886] [5594.66] 0.61
[5593.93060646] [5727.6335] 0.61
[5736.68388981] [5979.45984] 0.61
[5840.81056578] [5986.44] 0.6
[6036.05615179] [5983.18455] 0.6
[5886.04889369] [5876.079867] 0.6
[5882.21552107] [5900.59] 0.6
[6029.03431035] [5669.622533] 0.59
[5773.50427986] [5893.138417] 0.59
[6033.00006511] [5889.82] 0.6
[6066.95133263] [5776.69695] 0.59
[5936.74338518] [6155.43402] 0.6
[6289.4603852] [6136.49] 0.6
[6370.97332945] [6388.645167] 0.6
[6583.55052278] [6665.306683] 0.61
[6856.23122743] [6751.98] 0.62
[7120.37499944] [7197.72006] 0.63
[7383.13886765] [7437.543317] 0.63
[7401.87436154] [7365.99] 0.63
[7668.04729952] [6989.071667] 0.62
[7072.71300213] [7092.127233] 0.62
[7007.50753552] [7128.64] 0.61
[7097.33498507] [7158.03706] 0.61
[7145.49627297] [6719.39785] 0.6
[7029.66428529] [6569.22] 0.59
[6817.92369162] [5716.301583] 0.58
[6069.73418853] [6550.227533] 0.58
[6911.07584408] [6493.63] 0.57
[6748.22877419] [7301.42992] 0.58
[7556.61703391] [7815.0307] 0.58
[7909.8893859] [7868.77] 0.59
[7732.61034279] [7817.140383] 0.59
[7913.80431427] [8007.654067] 0.59
[7515.7875148] [8049.72] 0.59
[7549.28991809] [8059.8] 0.59
[7951.33238251] [8268.035] 0.59
[7825.09904733] [8236.72] 0.58
[7971.219944] [8250.978333] 0.58
[7961.74283] [8707.407267] 0.57
[8243.80882775] [8768.8] 0.56
[8768.88559828] [9718.29505] 0.57
[9554.81229095] [9952.50882] 0.56
[9856.06673764] [9919.] 0.56
[9866.10072999] [10147.372] 0.57
[10442.91604534] [10883.912] 0.57
[10770.98525638] [10879.88] 0.58
[11001.41235169] [11332.622] 0.58
[11237.95810492] [11584.83] 0.59
[11574.62472652] [11591.22] 0.59
[11647.84063072] [13540.98] 0.6
[12551.30435839] [16501.97167] 0.59
[14931.43581221] [16860.88] 0.58
[16768.27956529] [15142.83415] 0.57
[13688.19893852] [14869.805] 0.57
[14289.83477714] [15068.95] 0.57
[16654.40840298] [17276.39333] 0.58
[16699.5897084] [16808.36667] 0.58
[16808.10814227] [16252.31] 0.57
[20567.18343029] [17771.9] 0.57
[19154.67351125] [19498.68333] 0.57
[20091.38247067] [19279.9] 0.57
[19608.12361331] [18961.85667] 0.57
[20021.15063818] [17737.11167] 0.56
[18862.35277697] [17382.94] 0.56
[18877.99797457] [16047.51] 0.56
[19295.01885221] [15190.945] 0.56
[16541.27934875] [13776.61] 0.55
[13875.12532224] [13949.175] 0.55
[13034.10524363] [14119.02833] 0.54
[14059.50244529] [13740.94] 0.54
[14066.28082899] [15589.32167] 0.54
[15353.42122588] [14380.58167] 0.55
[15307.45021015] [14214.01] 0.54
[14946.40908556] [13215.574] 0.54
[14296.34356678] [14165.575] 0.54
[14242.45579098] [13796.] 0.54
[14416.50190448] [15005.85667] 0.55
[15662.26195037] [15053.26167] 0.54
[14936.5073729] [15039.24] 0.54
[14211.52399506] [17174.12] 0.53
[16534.00851498] [17319.198] 0.52
[16972.60872907] [17155.95] 0.52
[17179.46204316] [15265.90667] 0.51
[15010.60245675] [14714.25333] 0.51
[15258.32227371] [14437.42] 0.51
[16212.68717145] [13296.794] 0.51
[14704.24644834] [13912.882] 0.51
[15705.4310397] [13791.19] 0.51
[15737.72428968] [13852.92] 0.5
[14746.60669265] [14012.196] 0.5
[12984.25764814] [13554.14] 0.51
[14312.59609431] [11116.94667] 0.51
[12664.60257196] [11345.42333] 0.51
[11799.60797743] [11174.82] 0.51
[11897.06724215] [12950.79333] 0.52
[12952.37944333] [11505.228] 0.51
[12696.64039759] [11513.42] 0.51
[14094.03053641] [11223.064] 0.5
[10569.39233361] [11282.25833] 0.51
[10026.93234914] [11392.03] 0.51
[13470.0734807] [10969.815] 0.5
[12481.38043014] [11524.77667] 0.5
[12188.44574732] [11431.37] 0.49
[10887.82384313] [11212.655] 0.5
[11800.01594699] [10184.06167] 0.49
[11368.88686217] [10082.52] 0.48
[10651.29046554] [9083.258333] 0.47
[9825.16506789] [8901.901667] 0.47
[11034.06327309] [8852.73] 0.46
[11220.15070849] [8400.648333] 0.45
[9682.56299283] [6838.816667] 0.45
[6959.38350121] [6925.46] 0.45
[6687.39904251] [8099.958333] 0.44
[7240.48959974] [8240.536667] 0.43
[8569.62952815] [8245.08] 0.42
[8607.70503401] [8319.876566] 0.41
[9169.36314821] [8343.455] 0.4
[8625.13712522] [8068.02] 0.39
[8424.56202651] [8597.7675] 0.39
[8608.78776459] [9334.633333] 0.39
[8800.45119313] [9471.64] 0.38
[9113.19452105] [10127.16167] 0.38
[9876.30490246] [10841.99167] 0.37
[9897.54867358] [11085.83] 0.37
[10817.76058574] [11110.965] 0.37
[11272.19379686] [11390.39167] 0.38
[11379.86329465] [11245.98] 0.37
[11742.3943009] [9931.071667] 0.37
[9950.11566921] [10162.11667] 0.36
[9984.11810811] [10171.3] 0.36
[9960.59948299] [9696.593333] 0.36
[9634.28659688] [10348.60333] 0.35
[9770.458393] [10319.46] 0.35
[10103.35726691] [10370.165] 0.35
[10424.75930004] [11009.38167] 0.36
[11101.73731547] [10931.12] 0.37
[11513.35082268] [11326.94833] 0.38
[11621.81927663] [11430.18167] 0.39
[11597.74043781] [11516.83] 0.4
[11125.82559932] [10763.19833] 0.41
[10847.75558625] [10118.058] 0.4
[10296.67968895] [9920.46] 0.4
[10087.37469015] [9089.278333] 0.4
[9503.28400489] [8746.002] 0.39
[8788.40739646] [8777.37] 0.39
[8748.0431188] [9182.843333] 0.38
[8988.38259582] [9154.7] 0.37
[9568.23967991] [9153.54] 0.36
[8708.10144162] [8358.121667] 0.36
[7023.85235325] [8530.402] 0.35
[7716.1124133] [8297.89] 0.36
[8407.58104624] [8171.415] 0.36
[8421.06988117] [8412.033333] 0.37
[8333.74983901] [8605.64] 0.37
[8417.27364674] [8947.753333] 0.37
[8917.97256393] [8690.408333] 0.36
[9130.95015928] [8725.37] 0.36
[8635.86850865] [8662.378333] 0.37
[8376.01701636] [8617.296667] 0.37
[8525.82256306] [8457.96] 0.37
[7915.39348825] [7876.195] 0.38
[7474.93133797] [7960.38] 0.38
[7908.6495183] [7950.61] 0.38
[7981.22385638] [6882.531667] 0.38
[7340.63245858] [6935.48] 0.38
[6812.48875085] [6937.56] 0.39
[6844.59456913] [7035.848333] 0.39
[6367.38569228] [7410.435] 0.38
[6512.52345084] [7426.48] 0.38
[7033.59032824] [6826.51] 0.39
[6926.67684762] [6603.876667] 0.39
[6633.540392] [6634.68] 0.39
[6661.42754604] [7017.656667] 0.39
[6815.356575] [6699.273333] 0.4
[6788.25969374] [6784.41] 0.4
[6930.00333805] [6926.266667] 0.41
[6522.58815502] [7847.845] 0.4
[7487.07981107] [7941.46] 0.4
[7411.22849667] [8036.511051] 0.39
[7369.04311429] [8340.748333] 0.39
[7710.7420079] [8368.1] 0.39
[8256.77365553] [7895.416926] 0.39
[7718.17592983] [8164.937426] 0.39
[7973.65246598] [8175.96] 0.38
[8108.02835241] [8852.718333] 0.38
[8682.03678862] [8807.205] 0.38
[8804.51648652] [8930.6] 0.38
[8892.6546925] [8933.861667] 0.38
[8916.13468605] [9555.542] 0.38
[9552.8618713] [9658.11] 0.37
[9982.17557847] [9258.398333] 0.36
[9638.35362734] [9010.32] 0.36
[9091.51361162] [8928.55] 0.36
[9087.59155417] [9334.281667] 0.36
[9455.47665075] [9259.57] 0.36
[9314.36578073] [9239.55] 0.37
[9416.22105214] [9221.426] 0.37
[9328.36619947] [9639.268333] 0.37
[9684.05736759] [9753.35] 0.37
[9596.38102349] [9803.306667] 0.37
[9507.85438105] [9630.136277] 0.38
[9692.38718037] [9631.44] 0.38
[9555.11932013] [9228.608333] 0.39
[9181.77476067] [9322.041667] 0.38
[9220.75521676] [9310.37] 0.38
[9080.11072763] [8468.788] 0.39
[8753.48327252] [8484.346667] 0.39
[8225.73124701] [8463.52] 0.4
[8539.29495585] [8652.038333] 0.41
[8669.42148283] [8511.458] 0.42
[8651.60333164] [8471.06] 0.42
[8504.43756696] [8106.118333] 0.42
[8202.957573] [8240.055] 0.43
[8261.37769875] [8239.08] 0.44
[8061.19571441] [8507.406667] 0.44
[8192.48165938] [8385.556187] 0.45
[8290.61109562] [8396.63] 0.46
[8455.75651763] [7555.74] 0.47
[7969.60360606] [7566.193333] 0.46
[7727.63784565] [7576.78] 0.47
[7570.38050535] [7342.908333] 0.48
[7644.85292589] [7361.831667] 0.48
[7355.99406471] [7344.56] 0.49
[7324.08782998] [7459.876667] 0.5
[7580.39501891] [7385.395] 0.51
[7262.45629611] [7386.72] 0.51
[7184.4067527] [7535.146667] 0.51
[7235.64583878] [7645.146667] 0.51
[7548.07276485] [7637.14] 0.51
[7394.76207829] [7500.273333] 0.51
[7571.79402786] [7615.722142] 0.51
[7457.09222942] [7619.43] 0.51
[7777.45255524] [7676.271667] 0.51
[7590.78114786] [7620.153333] 0.51
[7564.9407552] [7615.54] 0.51
[7715.5429718] [6776.888333] 0.5
[7160.08059176] [6875.678333] 0.49
[7132.11904501] [6879.31] 0.48
[7102.82307581] [6315.7] 0.47
[6536.71462808] [6647.013333] 0.46
[6634.66308177] [6637.41] 0.47
[6338.37225407] [6509.426667] 0.48
[6487.58933224] [6464.411667] 0.49
[6484.10444271] [6445.79] 0.5
[6274.74369557] [6737.] 0.49
[6464.90867329] [6714.718333] 0.5
[6528.64234086] [6760.83] 0.51
[6592.81664674] [6332.573333] 0.52
[6504.36175686] [6141.605833] 0.51
[6047.18473625] [6170.46] 0.52
[6252.78578945] [6211.4475] 0.52
[6155.98178091] [6218.595] 0.53
[6117.03023545] [6097.46] 0.53
[5912.61849161] [6107.896154] 0.53
[6127.47646567] [5908.7025] 0.53
[5891.57211281] [6223.28] 0.53
[6049.32105641] [6374.754167] 0.52
[6020.17239533] [6466.069167] 0.51
[6138.69546445] [6626.44] 0.5
[6430.15325318] [6593.289167] 0.49
[6491.70994419] [6603.376667] 0.48
[6484.80499448] [6555.51] 0.48
[6561.96769331] [6594.281667] 0.49
[6787.5856231] [6753.559167] 0.5
[6403.96759959] [6724.04] 0.5
[6353.48363436] [6510.791667] 0.5
[6404.0055601] [6377.363333] 0.51
[6169.3015429] [6403.18] 0.51
[6112.29429794] [6244.3575] 0.52
[6121.84847457] [6241.] 0.51
[6018.89129736] [6248.84] 0.5
[6097.08796203] [6514.390833] 0.49
[6287.73896456] [6869.910833] 0.49
[6629.14747917] [7321.62] 0.48
[7079.05201574] [7396.401667] 0.47
[7204.75796022] [7428.045] 0.46
[7162.95439085] [7334.99] 0.46
[6944.54252716] [7451.289167] 0.46
[6984.30903051] [7689.884167] 0.46
[7186.62458467] [7715.1] 0.46
[7316.48427688] [8251.165] 0.46
[7709.26900166] [8187.324167] 0.45
[7872.9756663] [7939.81] 0.46
[7618.14708904] [8182.251667] 0.46
[7872.35028393] [8206.341667] 0.46
[7840.21618456] [8220.91] 0.46
[7879.26806979] [7916.800833] 0.46
[7862.34951035] [7570.869167] 0.46
[7382.89841682] [7607.7] 0.46
[7470.27949128] [7394.499167] 0.47
[7415.19980061] [7247.769167] 0.47
[7304.66120429] [7011.28] 0.47
[6988.75831417] [6988.079167] 0.47
[6891.56503284] [6993.513333] 0.48
[7032.37495266] [6718.23] 0.47
[6832.07772709] [6396.7725] 0.47
[6607.17841226] [6396.494667] 0.47
[6324.30099367] [6138.96] 0.48
[6102.98827312] [6311.131667] 0.48
[6179.85154692] [6347.07] 0.49
[6146.46703492] [6252.13] 0.49
[6655.63420242] [6362.676923] 0.49
[6557.41222918] [6342.629231] 0.49
[6345.01830963] [6312.75] 0.5
[6371.84166837] [6436.720833] 0.51
[6399.28755251] [6404.063333] 0.51
[6314.47114052] [6486.58] 0.52
[6520.34766205] [6401.246154] 0.52
[6537.5981891] [6575.229167] 0.52
[6455.98272386] [6354.57] 0.52
[6513.78444937] [6543.645714] 0.53
[6527.87264005] [6719.429231] 0.53
[6612.93369572] [6738.27] 0.53
[6543.61416618] [6719.266154] 0.52
[6670.1193915] [7000.04] 0.53
[6728.63379587] [7078.19] 0.52
[7130.63568251] [6932.6625] 0.51
[7180.08050823] [6981.946154] 0.5
[7352.17242611] [7018.78] 0.5
[7228.7123565] [7247.935385] 0.5
[7707.30092173] [7260.949231] 0.49
[7783.35297802] [7265.08] 0.49
[7846.70110612] [7113.069231] 0.48
[7400.94505848] [6433.271667] 0.47
[6674.34882628] [6501.19] 0.46
[6570.00938293] [6366.1075] 0.46
[6929.28142651] [6286.425833] 0.46
[6424.72382842] [6240.98] 0.46
[6410.54752427] [6296.320833] 0.46
[6209.74131712] [6273.1375] 0.46
[6247.95276207] [6326.04] 0.45
[6154.23469764] [6499.0625] 0.45
[6130.72645066] [6518.655] 0.44
[6093.39184932] [6522.39] 0.44
[6186.70417652] [6400.600833] 0.44
[6459.81032792] [6296.631667] 0.44
[6222.19234643] [6342.39] 0.44
[5969.31179475] [6418.562667] 0.44
[6129.14402216] [6669.990833] 0.44
[6366.54965958] [6756.12] 0.44
[6625.28563865] [6710.445] 0.43
[6710.34339716] [6639.304167] 0.43
[6685.26173611] [6583.45] 0.42
[6643.82067453] [6468.631667] 0.42
[6605.73644071] [6535.476667] 0.42
[6538.65546371] [6686.08] 0.41
[6779.62043035] [6550.474167] 0.4
[6660.70545048] [6593.135] 0.39
[6597.26872164] [6611.02] 0.4
[6748.14084817] [6562.641667] 0.39
[6871.70960724] [6470.4025] 0.38
[6935.03121993] [6483.73] 0.37
[6868.03556194] [6568.549167] 0.36
[6809.39146009] [6581.486667] 0.35
[6906.87559872] [6573.62] 0.35
[6937.37245602] [6618.567692] 0.35
[7047.16653076] [6621.711667] 0.35
[6997.52660236] [6626.85] 0.35
[6832.55048564] [6248.635833] 0.35
[6582.30498807] [6260.530833] 0.35
[6444.0928964] [6247.] 0.36
[6304.20473566] [6299.399167] 0.37
[6321.97093141] [6452.571667] 0.36
[6482.70258702] [6599.17] 0.35
[6509.86430781] [6596.276154] 0.36
[6538.00432018] [6568.040769] 0.36
[6414.74046308] [6509.61] 0.36
[6398.31913831] [6488.825833] 0.37
[6523.63991679] [6531.601667] 0.37
[6242.53012097] [6504.78] 0.37
[6300.64323884] [6481.426] 0.38
[6388.96981857] [6508.31] 0.38
[6584.10746439] [6489.77] 0.39
[6412.17236411] [6473.753333] 0.4
[6479.95536027] [6465.9175] 0.41
[6560.88836849] [6457.21] 0.41
[6624.39552509] [6382.668333] 0.41
[6661.75927998] [6309.452857] 0.41
[6546.06754082] [6301.61] 0.41
[6386.05583834] [6342.280833] 0.42
[6342.21704101] [6387.674167] 0.43
[6360.87435753] [6390.42] 0.44
[6505.99503303] [6391.873333] 0.44
[6431.84437021] [6436.965] 0.45
[6498.29303761] [6437.76] 0.46
[6492.71882146] [6538.79] 0.47
[6491.42340845] [6486.251667] 0.47
[6380.48686793] [6444.97] 0.47
[6358.05800972] [6399.033333] 0.48
[6310.19906931] [6378.268333] 0.47
[6449.53089877] [6408.53] 0.48
[6479.16633676] [6372.063333] 0.49
[6436.90281588] [6176.155] 0.48
[6306.85756953] [5756.77] 0.47
[5976.80108131] [5596.1925] 0.47
[5805.89050529] [5558.243333] 0.46
[5746.67418373] [5572.44] 0.46
[5708.0914527] [5303.9425] 0.45
[5551.49607382] [4671.97] 0.44
[5127.7990538] [4491.98] 0.43
[5010.14691312] [4548.7975] 0.42
[4952.92440643] [4309.3375] 0.41
[4610.73429317] [4352.98] 0.4
[4418.71246725] [3823.511667] 0.4
[3871.93811617] [3920.536667] 0.4
[4218.20977973] [3793.35] 0.39
[4061.54083858] [4103.453846] 0.39
[4226.74183476] [4263.783333] 0.39
[4362.80156386] [4278.77] 0.38
[4550.1796295] [4116.7775] 0.37
[4334.8110972] [4167.546667] 0.36
[4655.02257704] [4140.6] 0.35
[4312.84046894] [3961.493333] 0.34
[4206.87892682] [3858.349167] 0.34
[4267.19159125] [3744.98] 0.33
[4090.70867573] [3405.643333] 0.33
[3611.37633139] [3435.34] 0.34
[3521.69933469] [3453.66] 0.35
[3402.93432794] [3523.96] 0.36
[3378.69117789] [3426.19] 0.36
[3295.29452528] [3407.28] 0.37
[3183.6396495] [3406.7625] 0.38
[3371.67120731] [3278.374167] 0.39
[3199.89409598] [3242.42] 0.4
[3200.55583597] [3271.238333] 0.41
[3179.91475666] [3392.405] 0.4
[3353.11118705] [3556.54] 0.4
[3645.84772022] [3808.0425] 0.41
[3713.29743308] [3982.850833] 0.41
[3799.4371735] [4135.19] 0.4
[3976.18635361] [3910.973333] 0.41
[3853.75080618] [4027.478333] 0.41
[3934.25410626] [3995.17] 0.41
[3914.93374158] [3813.88] 0.42
[3882.42924932] [3825.379167] 0.41
[3815.54260819] [3848.21] 0.41
[3732.58066835] [3743.905] 0.42
[3712.03609299] [3912.285833] 0.42
[3766.1712367] [3770.36] 0.43
[3783.70494009] [3791.545833] 0.44
[3844.23371056] [3752.271667] 0.45
[3793.22051807] [3855.88] 0.44
[3837.71938327] [3865.7975] 0.44
[3710.45687094] [3822.626667] 0.44
[3665.41342276] [3856.62] 0.44
[3690.28716852] [3920.456667] 0.44
[3865.39689224] [4036.093333] 0.44
[4006.70509232] [4032.25] 0.45
[3981.49598534] [4034.138333] 0.45
[3709.21759842] [3812.585833] 0.46
[3646.74099053] [3646.25] 0.47
[3454.47416663] [3646.345833] 0.48
[3660.91225396] [3599.841667] 0.49
[3580.36502209] [3531.96] 0.5
[3596.36940846] [3656.785] 0.5
[3678.90976905] [3621.270833] 0.51
[3606.67428711] [3621.43] 0.52
[3600.81962182] [3632.395] 0.53
[3688.61355297] [3690.523333] 0.54
[3654.59583781] [3703.98] 0.54
[3657.25032675] [3548.4275] 0.54
[3588.93295309] [3540.02] 0.54
[3491.25136801] [3587.35] 0.54
[3449.56332597] [3566.4] 0.54
[3462.6233217] [3586.25] 0.53
[3492.31177638] [3577.79] 0.52
[3431.08481505] [3576.3] 0.51
[3395.60936926] [3554.5] 0.5
[3460.88840038] [3448.58] 0.5
[3382.22530636] [3421.6] 0.51
[3423.91290821] [3470.] 0.5
[3340.719461] [3444.81] 0.51
[3421.89474624] [3475.33] 0.5
[3418.0573292] [3506.22] 0.49
[3403.93761012] [3456.02] 0.48
[3414.43477548] [3452.35] 0.49
[3511.84833667] [3467.34] 0.5
[3443.7347176] [3405.7] 0.5
[3389.56618962] [3394.76] 0.51
[3342.94542887] [3661.08] 0.5
[3536.41524679] [3664.38] 0.5
[3625.7464544] [3686.29] 0.5
[3597.26628933] [3629.47] 0.5
[3507.31068071] [3632.42] 0.5
[3548.62245642] [3614.5] 0.5
[3555.99596811] [3600.31] 0.5
[3547.54340603] [3608.2] 0.5
[3487.1806623] [3619.55] 0.51
[3449.74200161] [3670.74] 0.5
[3447.45272011] [3910.8] 0.5
[3670.79577647] [3926.53] 0.5
[3691.45197032] [3987.18] 0.49
[3812.78156884] [3944.88] 0.49
[3772.85629108] [3983.48] 0.49
[3811.90657719] [4139.6] 0.49
[3926.29495099] [3766.89] 0.49
[3634.6090364] [3848.33] 0.49
[3815.22014897] [3831.45] 0.5
[3839.4753206] [3833.23] 0.51
[3733.41337415] [3850.08] 0.51
[3792.41203296] [3834.62] 0.51
[3837.51383968] [3831.44] 0.52
[3709.34762236] [3814.58] 0.52
[3761.07138133] [3730.98] 0.52
[3722.88746096] [3872.25] 0.51
[3739.82722475] [3876.85] 0.51
[3873.62429849] [3886.82] 0.51
[3823.70468409] [3875.96] 0.5
[3908.22427382] [3950.56] 0.51
[3902.28616528] [3928.17] 0.52
[3953.81678306] [3881.09] 0.53
[3880.32659609] [3892.51] 0.54
[3855.1979192] [3877.77] 0.55
[3831.63876002] [3885.21] 0.55
[3896.13052599] [3936.5] 0.56
[3929.45334359] [4015.95] 0.57
[3989.82451047] [3994.92] 0.57
[4018.42310622] [3998.77] 0.57
[3990.64414767] [4029.11] 0.57
[4150.08169742] [4056.4] 0.57
[4131.68042057] [3992.34] 0.56
[4094.90484751] [3999.06] 0.55
[4138.32928324] [4011.92] 0.54
[4206.28031411] [3994.11] 0.53
[4085.22728749] [3935.89] 0.52
[4165.45530053] [3947.74] 0.52
[4121.86118053] [4048.51] 0.52
[4179.12516483] [4037.37] 0.51
[4226.87181742] [4115.55] 0.51
[4191.65924907] [4114.44] 0.51
[4210.95409518] [4114.16] 0.5
[4206.26730795] [4152.53] 0.51
[4170.49595629] [4882.88] 0.52
[4779.05810598] [4959.81] 0.51
[4805.37502901] [4911.24] 0.51
[4814.02239265] [5028.77] 0.51
[4813.00220658] [5053.52] 0.5
[5016.90372703] [5189.39] 0.51
[5061.13720893] [5268.71] 0.51
[5203.66620638] [5175.81] 0.51
[5141.00793715] [5310.18] 0.51
[5340.70610082] [5035.02] 0.51
[4866.44215332] [5072.85] 0.51
[5046.22242079] [5064.62] 0.5
[4946.04911589] [5152.51] 0.5
[5080.42031251] [5036.18] 0.5
[5148.76922352] [5196.65] 0.51
[5252.71914616] [5220.37] 0.51
[5210.16438228] [5276.31] 0.5
[5115.917062] [5277.04] 0.49
[5152.16420296] [5309.28] 0.48
[5122.66989751] [5281.83] 0.47
[5253.60512931] [5377.19] 0.47
[5486.80299146] [5518.16] 0.47
[5565.79057042] [5434.19] 0.48
[5470.00554601] [5195.61] 0.47
[5076.26281929] [5292.83] 0.46
[5205.02220672] [5280.19] 0.46
[5240.19903605] [5301.29] 0.46
[5198.53305818] [5260.65] 0.47
[5197.17291979] [5269.79] 0.47
[5262.61753014] [5326.67] 0.47
[5227.48783796] [5390.16] 0.48
[5318.48858294] [5657.14] 0.49
[5597.6000074] [5771.08] 0.5
[5781.07454495] [5717.66] 0.51
[5708.22163711] [5684.47] 0.52
[5519.82296087] [5755.72] 0.52
[5540.53185927] [5936.72] 0.51
[5702.11405296] [6146.91] 0.51
[6022.05992794] [6348.02] 0.52
[6277.58203566] [7248.31] 0.52
[7077.71110614] [6978.63] 0.52
[7052.32892234] [7823.11] 0.53
[7588.68706728] [7992.69] 0.53
[8082.54462573] [8206.9] 0.53
[8373.1782096] [7885.96] 0.52
[8226.43945228] [7362.22] 0.52
[7497.20433411] [7265.05] 0.51
[7214.93937592] [8193.7] 0.52
[8173.37397242] [8007.03] 0.51
[8121.0053372] [7952.5] 0.51
[7729.33630618] [7625.93] 0.51
[7672.93654439] [7880.29] 0.51
[7580.75161226] [8003.26] 0.5
[7772.48396847] [8071.45] 0.49
[8114.19644276] [8744.42] 0.49
[8491.52459129] [8770.06] 0.48
[8513.45124079] [8719.88] 0.48
[8604.22437645] [8662.98] 0.49
[8327.02868402] [8272.46] 0.49
[8344.91861531] [8553.81] 0.5
[8646.714749] [8554.8] 0.51
[8790.39436828] [8739.03] 0.52
[8920.83442622] [8134.92] 0.52
[8649.72207779] [7675.8] 0.52
[8115.68554089] [7786.04] 0.52
[7907.4536866] [7803.23] 0.51
[8067.78699356] [7998.29] 0.51
[7735.8227951] [7931.34] 0.52
[8058.74705506] [7640.61] 0.52
[7753.61636063] [8020.38] 0.52
[7741.41761408] [7917.58] 0.53
[7957.03561528] [8173.06] 0.53
[8493.60696791] [8237.88] 0.54
[8708.28087406] [8693.6] 0.55
[8680.775404] [8859.47] 0.55
[9133.35528351] [8978.99] 0.56
[9438.49586811] [9327.48] 0.56
[9980.72867265] [9076.18] 0.55
[9643.38568295] [9281.7] 0.55
[9927.09304773] [9531.35] 0.55
[9990.40058472] [10209.38] 0.55
[10352.14339504] [10668.63] 0.56
[11088.4452516] [10814.48] 0.56
[10831.64738866] [11017.5] 0.56
[10985.48944395] [11766.4] 0.56
[11712.32391794] [12932.55] 0.56
[12343.79891092] [11132.85] 0.56
[11614.46391323] [12374.35] 0.56
[12389.63905919] [11890.38] 0.56
[12321.19720732] [10737.73] 0.56
[11709.16004897] [10578.72] 0.56
[11825.81760197] [10805.4] 0.57
[11052.18345548] [11984.76] 0.58
[11895.56569371] [11160.49] 0.58
[11499.11037021] [10955.16] 0.58
[11273.71973877] [11232.04] 0.59
[11815.63199113] [11477.01] 0.6
[11549.09772322] [12313.08] 0.61
[12128.21416339] [12586.78] 0.61
[12091.6520541] [12099.9] 0.61
[12735.79808889] [11352.87] 0.6
[11425.14435103] [11803.97] 0.61
[11911.02119117] [11389.1] 0.61
[11979.96422082] [10186.96] 0.61
[10914.40810687] [10873.5] 0.62
[10864.36957184] [9397.72] 0.61
[10230.16700878] [9674.28] 0.61
[10729.62583297] [10638.56] 0.61
[10784.97815043] [10535.75] 0.6
[9951.35483225] [10764.9] 0.6
[10610.47404684] [10587.41] 0.61
[11073.0380115] [10323.62] 0.61
[10825.2070933] [9844.3] 0.61
[10333.69207945] [9772.17] 0.61
[10424.62947981] [9875.17] 0.6
[9508.38434058] [9848.65] 0.6
[9917.42969525] [9473.99] 0.61
[8662.27390209] [9530.] 0.62
[10319.37560991] [9501.33] 0.62
[10082.09752367] [9589.13] 0.62
[9953.35635952] [10084.7] 0.62
[9659.40523634] [10407.17] 0.61
[10276.27237301] [10529.55] 0.6
[11222.38367452] [10814.57] 0.61
[10691.49262444] [10980.23] 0.61
[11084.03473739] [11787.99] 0.61
[11549.30199587] [11465.67] 0.61
[12119.25155627] [11960.82] 0.61
[11811.45494856] [11996.41] 0.61
[11745.45465192] [11856.64] 0.61
[11470.95207392] [11282.22] 0.61
[11187.77068529] [11566.84] 0.6
[12926.06557518] [11386.26] 0.59
[11887.46651349] [10858.12] 0.58
[12554.99005681] [10016.96] 0.57
[10692.21671998] [10302.17] 0.58
[10919.94482611] [10359.44] 0.58
[10598.12696767] [10214.52] 0.57
[10632.87351498] [10317.6] 0.57
[10506.06200981] [10917.26] 0.57
[10900.62860492] [10760.56] 0.57
[11409.70023792] [10129.4] 0.56
[10946.48989453] [10111.98] 0.56
[10078.69843969] [10405.81] 0.55
[10392.4599969] [10143.8] 0.56
[10343.89889865] [10135.06] 0.56
[11231.51553187] [10360.28] 0.57
[11034.42448868] [10171.95] 0.56
[9743.05944215] [9717.82] 0.57
[10268.6851907] [9484.55] 0.56
[9961.93566147] [9577.99] 0.55
[10255.10543963] [9600.9] 0.54
[9886.46554905] [9769.79] 0.55
[9495.36592357] [10386.64] 0.55
[10811.53287436] [10621.29] 0.55
[10707.31292472] [10584.16] 0.55
[10932.55440031] [10577.8] 0.55
[10877.77239514] [10317.47] 0.54
[10626.80718051] [10487.21] 0.54
[10458.79138093] [10406.31] 0.54
[10369.28106974] [10313.66] 0.54
[10487.90361107] [10101.03] 0.53
[10005.88088515] [10159.32] 0.54
[10268.58819979] [10420.16] 0.54
[10317.42501051] [10363.9] 0.55
[10460.03676179] [10361.33] 0.55
[10504.37475993] [10310.43] 0.54
[10510.30546979] [10265.63] 0.53
[10294.84116392] [10190.36] 0.54
[10085.80922796] [10157.59] 0.53
[10382.70644528] [10275.88] 0.53
[10416.39117748] [10173.11] 0.53
[10128.09824195] [9979.49] 0.52
[10434.38630218] [10033.05] 0.52
[10448.31166383] [9683.38] 0.51
[9992.10304587] [8553.61] 0.5
[9438.43849444] [8432.23] 0.49
[8792.64533153] [8055.64] 0.49
[9770.39181474] [8193.9] 0.49
[9679.78335374] [8225.] 0.48
[8897.10257941] [8056.74] 0.47
[7943.65852801] [8307.74] 0.46
[8504.92396822] [8322.92] 0.46
[8333.58271886] [8382.03] 0.46
[8177.4748863] [8236.17] 0.46
[8184.01115861] [8155.48] 0.46
[8061.33259733] [8147.69] 0.46
[8213.30866242] [7869.74] 0.45
[7914.34413103] [8212.02] 0.46
[8237.91551415] [8190.] 0.47
[8163.48172536] [8587.92] 0.48
[8877.53694231] [8586.9] 0.48
[8821.83905975] [8269.73] 0.47
[8639.39120854] [8308.01] 0.48
[8377.95485451] [8283.76] 0.49
[8529.72505704] [8353.54] 0.49
[8668.66003074] [8162.16] 0.48
[8555.49929741] [8002.51] 0.47
[8276.94469681] [8076.78] 0.48
[8190.5408014] [7954.15] 0.47
[8227.43073864] [7960.04] 0.47
[8251.53276663] [8231.06] 0.47
[8310.86751227] [8222.52] 0.48
[8338.23140891] [8026.76] 0.48
[7832.96758098] [7469.56] 0.48
[7689.33660511] [7431.88] 0.48
[7311.06047559] [8666.79] 0.47
[8232.47532758] [9259.8] 0.46
[8804.46538104] [9551.54] 0.46
[10211.58044777] [9218.76] 0.46
[9985.34721775] [9433.35] 0.46
[9179.3375287] [9164.62] 0.47
[9143.14391486] [9147.98] 0.48
[8912.42555937] [9252.99] 0.48
[8986.41800015] [9301.18] 0.48
[8910.32175719] [9206.16] 0.47
[8710.08065666] [9418.05] 0.46
[9116.2241617] [9310.19] 0.46
[9160.99967004] [9343.34] 0.46
[9035.9749417] [9204.24] 0.47
[9048.29514605] [8766.04] 0.47
[8809.75981361] [8809.41] 0.48
[8601.89004034] [9037.12] 0.48
[8723.1021541] [8717.81] 0.48
[8942.52528059] [8801.52] 0.48
[9047.66711287] [8762.42] 0.47
[8827.18734671] [8632.32] 0.47
[8632.90019975] [8457.69] 0.47
[8299.52737381] [8482.7] 0.47
[8375.16673816] [8503.93] 0.47
[8297.74239544] [8175.99] 0.47
[8218.17438949] [8120.8] 0.48
[7759.14280693] [8081.81] 0.49
[8080.77748341] [7617.07] 0.49
[7372.97241561] [7286.35] 0.5
[7249.60211891] [7324.03] 0.49
[7693.45155507] [6907.4] 0.49
[6771.76108762] [7130.25] 0.49
[7122.16378682] [7163.63] 0.48
[7048.28872268] [7523.83] 0.47
[7631.88728923] [7431.] 0.47
[7615.76359891] [7757.47] 0.48
[7589.54302019] [7557.72] 0.49
[7483.73122438] [7402.69] 0.5
[7413.38842224] [7309.59] 0.5
[7372.49381946] [7296.77] 0.51
[7371.98004878] [7192.85] 0.51
[7352.5179627] [7395.97] 0.52
[7380.94017295] [7547.19] 0.51
[7583.81561786] [7504.83] 0.51
[7585.02360169] [7522.39] 0.51
[7293.50389902] [7337.42] 0.52
[7500.09001308] [7220.76] 0.51
[7487.36878055] [7202.31] 0.51
[7239.61384695] [7189.16] 0.51
[7171.85044125] [7251.87] 0.52
[7346.84966754] [7067.74] 0.53
[7318.74737259] [7111.14] 0.53
[7153.7051035] [6879.54] 0.53
[6969.8809187] [6612.12] 0.53
[6458.08509463] [7284.29] 0.52
[6657.17415561] [7150.86] 0.53
[6832.23378903] [7190.17] 0.53
[7272.16729544] [7143.2] 0.54
[6929.25411959] [7514.41] 0.53
[7512.56631827] [7322.08] 0.53
[7868.97595342] [7250.69] 0.53
[7693.09752581] [7192.72] 0.53
[6835.2996335] [7194.4] 0.52
[6964.47596335] [7243.93] 0.52
[6838.5921297] [7301.07] 0.51
[7100.0045969] [7385.36] 0.5
[7351.53366081] [7219.6] 0.5
[7143.24313713] [7168.31] 0.5
[7080.18730129] [7175.68] 0.51
[7160.05557005] [6944.33] 0.52
[7098.32367067] [7326.35] 0.52
[7193.82157042] [7347.89] 0.52
[7342.01257152] [7351.57] 0.52
[7497.69667599] [7759.24] 0.53
[7553.73092124] [8165.47] 0.53
[8423.78644236] [8042.65] 0.53
[8494.27727604] [7817.92] 0.52
[8097.25173992] [8184.66] 0.52
[8107.44654823] [8021.49] 0.52
[8046.41329025] [8173.97] 0.52
[7906.99024164] [8105.24] 0.52
[8053.23200743] [8842.42] 0.52
[8384.04889622] [8813.89] 0.51
[8328.0191985] [8722.03] 0.5
[8621.02644438] [8900.34] 0.5
[8561.34162666] [8910.85] 0.49
[8646.23522026] [8703.36] 0.5
[8810.74519721] [8626.47] 0.49
[8416.53462579] [8722.26] 0.48
[8411.48354158] [8658.94] 0.48
[8371.27641864] [8388.11] 0.49
[8237.06230075] [8428.17] 0.5
[8149.91100748] [8327.36] 0.5
[8163.61805417] [8588.42] 0.5
[8338.48142332] [8895.78] 0.5
[8532.29943577] [9385.69] 0.49
[9010.24044959] [9279.81] 0.49
[9369.56522133] [9502.37] 0.5
[9495.09121359] [9333.77] 0.5
[8859.31748087] [9378.09] 0.5
[9387.75999737] [9314.56] 0.51
[9366.79123954] [9162.14] 0.51
[9535.03790333] [9162.14] 0.51
[9334.16925574] [9614.9] 0.52
[9454.57267005] [9755.66] 0.51
[10188.76038857] [9807.54] 0.51
[10125.54738798] [9907.12] 0.51
[10577.58080586] [10162.41] 0.52
[10351.06639844] [9854.79] 0.52
[9907.35785019] [10275.38] 0.53
[9860.86536503] [10354.3] 0.53
[10193.68437829] [10242.43] 0.53
[10117.53658641] [10368.53] 0.54
[10167.1004767] [9904.17] 0.54
[9792.96963939] [9937.67] 0.53
[10081.99807278] [9703.93] 0.52
[10218.7951877] [10180.65] 0.53
[10086.60028998] [9604.72] 0.52
[10028.93736982] [9606.86] 0.53
[9722.11471349] [9696.58] 0.54
[9682.40746082] [9669.63] 0.54
[9534.17222933] [9989.39] 0.54
[9761.62639736] [9663.75] 0.54
[10044.38072894] [9309.15] 0.53
[9312.71759469] [8785.52] 0.53
[8545.02910801] [8804.72] 0.53
[8627.05410498] [8712.35] 0.53
[8465.49917046] [8534.17] 0.54
[8456.18478158] [8912.82] 0.53
[8801.21415154] [8912.82] 0.54
[8861.16190105] [8754.34] 0.55
[8481.93297259] [8758.9] 0.56
[8385.17791722] [9067.39] 0.56
[8498.96244108] [9155.89] 0.56
[9315.40417612] [8898.63] 0.56
[9730.07438179] [8039.38] 0.55
[8411.76335298] [7931.94] 0.54
[8137.92288807] [7885.46] 0.53
[8339.4785951] [7936.65] 0.52
[8558.76818973] [4830.21] 0.51
[7773.51815004] [5609.03] 0.51
[6506.33641462] [5166.26] 0.5
[1415.95349682] [5348.44] 0.5
[5454.47394371] [5026.35] 0.5
[4875.93696003] [5357.61] 0.5
[6256.69962288] [5410.23] 0.49
[5454.19748033] [6195.2] 0.49
[5855.53954494] [6226.44] 0.49
[6186.08391861] [6189.85] 0.49
[5661.68080604] [5822.62] 0.49
[6131.54565836] [6502.16] 0.49
[6012.26434138] [6768.49] 0.49
[5688.95771217] [6698.46] 0.49
[5873.06984163] [6763.75] 0.48
[6346.73350196] [6369.09] 0.49
[6264.56753852] [6260.95] 0.49
[6222.30305568] [5885.41] 0.49
[6033.31432506] [6405.29] 0.49
[6002.06714701] [6428.28] 0.49
[5957.54678171] [6652.87] 0.49
[6232.60452566] [6809.11] 0.49
[6504.66368275] [6741.67] 0.5
[6699.42610706] [6871.69] 0.5
[6376.68273651] [6777.44] 0.51
[6500.65809537] [7343.2] 0.51
[6573.62816316] [7205.55] 0.52
[6709.8032114] [7365.03] 0.52
[6939.51436694] [7293.69] 0.51
[6523.47934299] [6873.24] 0.51
[7281.28993726] [6891.6] 0.5
[6609.05974664] [6915.37] 0.5
[6954.50261416] [6857.66] 0.5
[7165.62922909] [6871.95] 0.49
[7328.30600959] [6623.8] 0.48
[6971.56929962] [7112.27] 0.49
[6867.00650446] [7034.89] 0.5
[6945.32625812] [7259.36] 0.5
[7155.15959874] [7130.04] 0.5
[7128.57641628] [6840.24] 0.5
[6785.42087929] [6852.52] 0.49
[7216.09569249] [7130.99] 0.49
[7237.3068519] [7477.6] 0.5
[7115.00681216] [7507.08] 0.5
[7234.56455051] [7549.52] 0.5
[7343.69676278] [7699.27] 0.49
[7562.76518507] [7790.66] 0.5
[7747.52190872] [7765.33] 0.5
[7702.17353274] [8777.63] 0.51
[8167.9301702] [8628.77] 0.51
[8570.84558566] [8824.66] 0.51
[8410.72249078] [8973.82] 0.5
[8587.05757175] [8903.95] 0.49
[8823.77634917] [8885.93] 0.49
[8918.41008924] [9030.96] 0.5
[8910.40686537] [9170.79] 0.51
[8378.42573064] [10002.48] 0.51
[9242.32772256] [9821.8] 0.5
[8972.74284949] [9527.39] 0.5
[8921.06967441] [8754.46] 0.5
[9470.06107607] [8617.25] 0.5
[9078.92525808] [8814.53] 0.5
[9317.51298791] [9305.93] 0.51
[9549.04827117] [9790.31] 0.52
[9420.22414743] [9303.59] 0.52
[9120.32649078] [9385.7] 0.52
[9226.49316031] [9669.4] 0.51
[9037.45867534] [9719.37] 0.5
[9145.16112775] [9785.74] 0.49
[9221.06227034] [9510.67] 0.5
[9894.37417939] [9057.57] 0.49
[9730.59046526] [9167.26] 0.5
[8903.29320118] [9178.32] 0.49
[9112.79577319] [8730.73] 0.49
[9079.10265126] [8899.66] 0.49
[8904.41781049] [8842.85] 0.5
[9046.3226433] [9197.54] 0.51
[8791.52112748] [9569.21] 0.5
[9604.0115606] [9425.98] 0.5
[9998.11690069] [9698.1] 0.5
[9961.37480006] [9450.84] 0.49
[9628.30011192] [10204.23] 0.49
[10133.22960986] [9525.57] 0.48
[10119.40501511] [9658.04] 0.48
[10183.7887545] [9794.56] 0.49
[10319.04372012] [9623.75] 0.48
[9819.40491396] [9670.43] 0.48
[10157.12507274] [9753.85] 0.48
[10006.47550741] [9782.59] 0.48
[10388.29906929] [9775.15] 0.49
[10324.73034888] [9892.13] 0.49
[10026.28829061] [9286.42] 0.48
[10197.57705582] [9459.97] 0.48
[9563.43175415] [9473.5] 0.48
[9926.16824943] [9330.07] 0.48
[9593.0037336] [9426.7] 0.49
[9644.5438762] [9526.] 0.5
[9800.00802711] [9454.81] 0.5
[8889.17688295] [9380.03] 0.51
[9301.2997946] [9300.15] 0.52
[9287.5332465] [9357.43] 0.53
[9768.7716532] [9284.78] 0.52
[9511.89921545] [9691.9] 0.53
[9945.65306303] [9621.49] 0.53
[10061.34949891] [9276.58] 0.53
[9423.55135412] [9240.85] 0.54
[9271.62846381] [9154.45] 0.55
[8989.20300834] [9004.23] 0.56
[8730.60901095] [9127.47] 0.57
[8663.16790601] [9185.35] 0.57
[8512.04311031] [9133.97] 0.57
[8976.45379467] [9236.38] 0.57
[9205.24948818] [9087.98] 0.58
[9132.50159325] [9072.42] 0.58
[9104.19456757] [9131.31] 0.59
[9210.93326658] [9089.09] 0.58
[8901.20952052] [9348.91] 0.57
[8991.75803026] [9256.23] 0.57
[8977.31577996] [9440.07] 0.56
[9302.40503424] [9238.04] 0.57
[9200.36594236] [9287.4] 0.57
[9140.22232258] [9235.96] 0.58
[9224.80246485] [9295.9] 0.58
[9227.84819992] [9238.13] 0.59
[9216.75313123] [9254.52] 0.58
[9282.86688607] [9193.51] 0.58
[9194.03333567] [9131.] 0.58
[9071.41586923] [9154.19] 0.59
[9075.54073609] [9174.71] 0.6
[9168.52979801] [9214.66] 0.59
[9136.38906508] [9163.87] 0.6
[9242.51368737] [9392.66] 0.61
[9286.27160252] [9537.4] 0.61
[9246.19488671] [9613.11] 0.61
[9336.30378535] [9551.28] 0.62
[9345.75259456] [9707.5] 0.61
[9130.01455336] [9938.83] 0.6
[9412.0414871] [11042.4] 0.6
[10317.05210596] [10934.94] 0.6
[11276.85305065] [11102.67] 0.6
[11736.08134697] [11114.93] 0.61
[11376.45496826] [11343.88] 0.61
[11676.44969515] [11823.69] 0.61
[11852.97347343] [11077.77] 0.61
[11493.21430714] [11242.57] 0.62
[11480.83663028] [11194.25] 0.63
[11583.23401135] [11750.28] 0.63
[11737.50624088] [11772.94] 0.63
[11644.53359216] [11605.6] 0.63
[11914.18809995] [11767.6] 0.64
[12020.63892297] [11684.06] 0.63
[11980.33954506] [11893.03] 0.64
[11647.56623522] [11392.43] 0.65
[11787.42037084] [11573.11] 0.65
[11544.30919983] [11777.43] 0.64
[11202.18039744] [11774.38] 0.63
[11806.39805975] [11873.98] 0.64
[11726.33496739] [11914.01] 0.64
[11591.65262611] [12293.72] 0.63
[11731.97053341] [11969.53] 0.63
[12261.07701641] [11734.] 0.63
[12208.92389628] [11865.82] 0.63
[12105.80423266] [11522.8] 0.62
[12115.83547478] [11683.44] 0.62
[12252.21039146] [11653.02] 0.62
[11722.4267136] [11763.93] 0.63
[11829.83153598] [11337.4] 0.63
[11331.40185498] [11467.37] 0.63
[11278.52262234] [11302.01] 0.64
[11393.32336017] [11534.75] 0.64
[11530.24363373] [11481.64] 0.65
[11806.33933289] [11707.78] 0.65
[11344.46076867] [11659.57] 0.65
[11512.05961652] [11923.25] 0.64
[11756.81120541] [11397.44] 0.64
[11614.86405586] [10187.51] 0.63
[11150.01614575] [10467.89] 0.63
[10428.15009688] [10159.62] 0.64
[9933.87829777] [10254.93] 0.64
[10526.00159213] [10367.74] 0.64
[10462.93708494] [10121.52] 0.64
[10070.64742341] [10227.83] 0.63
[10095.00817751] [10352.66] 0.63
[10130.12649022] [10395.44] 0.63
[10492.33659422] [10446.44] 0.62
[10684.77204556] [10330.77] 0.62
[10624.51162849] [10674.64] 0.62
[10543.48006646] [10785.62] 0.61
[10922.35275143] [10948.43] 0.61
[11179.29412142] [10943.89] 0.6
[11288.33963155] [10931.79] 0.59
[11005.86042324] [11081.43] 0.6
[11030.49973515] [10919.65] 0.6
[10696.49357414] [10430.46] 0.61
[10276.3645031] [10532.22] 0.62
[9883.55810213] [10234.48] 0.62
[9921.27085005] [10732.43] 0.61
[10622.26511407] [10692.84] 0.61
[10865.57835886] [10732.4] 0.61
[10912.19860203] [10774.24] 0.6
[11259.44749841] [10692.33] 0.59
[10952.34807093] [10840.8] 0.59
[10906.87843446] [10777.92] 0.58
[10723.18080526] [10619.24] 0.59
[11211.49599239] [10575.06] 0.59
[10997.90076167] [10551.77] 0.58
[10776.36016162] [10673.46] 0.57
[10707.59705848] [10788.56] 0.56
[10532.4466537] [10603.74] 0.56
[10643.30420287] [10670.8] 0.55
[10640.67454573] [10923.3] 0.54
[10874.59793047] [11063.19] 0.53
[10851.62638897] [11302.67] 0.52
[10923.53924677] [11376.61] 0.51
[10446.97066688] [11540.04] 0.5
[11592.67469912] [11428.24] 0.51
[11722.36631676] [11431.32] 0.52
[11414.17634863] [11503.73] 0.52
[12106.58455655] [11327.57] 0.52
[11957.63606946] [11366.51] 0.52
[11733.86476742] [11508.2] 0.53
[11831.00133757] [11758.16] 0.53
[11624.65111147] [11925.46] 0.52
[11989.64163105] [12831.56] 0.52
[12355.29638487] [12990.25] 0.52
[12979.68936588] [12944.52] 0.53
[13330.72276099] [13128.46] 0.53
[13496.89187419] [13036.77] 0.53
[13139.82409095] [13076.37] 0.53
[12671.9413386] [13651.47] 0.53
[13219.81947192] [13289.] 0.53
[13325.65153204] [13458.66] 0.53
[13198.10081529] [13564.72] 0.53
[13470.17477337] [13810.32] 0.54
[13681.79092031] [13758.88] 0.54
[13594.59621903] [13575.17] 0.55
[14029.30788953] [14023.31] 0.56
[14088.50525201] [14155.59] 0.57
[13980.16391172] [15591.39] 0.57
[14058.18263903] [15595.77] 0.56
[14493.87390708] [14839.84] 0.56
[14601.27776315] [15490.6] 0.56
[14769.92194844] [15328.53] 0.55
[14519.06220857] [15317.04] 0.55
[14335.80462321] [15708.65] 0.54
[14750.03369682] [16295.57] 0.53
[15627.915885] [16339.33] 0.52
[15356.58630968] [16091.07] 0.52
[15627.0267474] [15968.16] 0.51
[15985.58288021] [16725.15] 0.51
[15475.54168276] [17679.72] 0.51
[16554.47009745] [17798.45] 0.5
[18190.28289043] [17820.57] 0.5
[17725.18508504] [18687.45] 0.5
[18325.2421604] [18699.75] 0.51
[17973.65290993] [18422.28] 0.52
[17564.84031381] [18398.91] 0.51
[17816.7622367] [19172.52] 0.51
[19379.77048994] [18739.8] 0.51
[19273.70364034] [17151.44] 0.5
[18837.96536111] [17138.87] 0.5
[17890.26458975] [17732.42] 0.5
[17336.51269655] [18191.6] 0.5
[18233.80681973] [19709.73] 0.5
[18803.27524772] [18792.52] 0.5
[19917.95193507] [19226.97] 0.5
[19788.10418261] [19454.54] 0.51
[19752.58038775] [18670.49] 0.51
[19611.09403913] [19155.06] 0.51
[19675.55226533] [19377.66] 0.51
[20470.76570415] [19181.41] 0.5
[19761.8563292] [18318.87] 0.49
[19116.71114977] [18554.15] 0.5
[18299.01096327] [18247.76] 0.51
[18100.07872648] [18029.36] 0.51
[17976.99206215] [18803.44] 0.51
[18113.58045446] [19164.48] 0.5
[18820.88830372] [19276.59] 0.49
[19334.51318314] [19439.75] 0.5
[19907.50882975] [21379.48] 0.5
[20509.73431969] [22847.46] 0.5
[21301.36690321] [23150.79] 0.5
[23775.35901974] [23869.92] 0.51
[24777.64090998] [23490.58] 0.5
[23872.0599039] [22745.48] 0.5
[23259.94508854] [23824.99] 0.51
[24778.31115173] [23253.37] 0.5
[23625.45713286] [23715.53] 0.51
[23080.84263944] [24693.58] 0.5
[23825.70176085] [26443.21] 0.5
[24804.24446368] [26246.58] 0.5
[24507.96859133] [27036.69] 0.49
[26451.87386553] [27376.37] 0.48
[26342.33667047] [28856.59] 0.47
[27617.49063557] [28982.56] 0.46
[27846.36671036] [29393.75] 0.45
[27848.0574595] [32195.46] 0.45
[29256.05536031] [33000.78] 0.45
[30289.41494903] [32035.03] 0.45
[32745.94802424] [34046.67] 0.46
[33773.25989022] [36860.41] 0.47
[35552.7241846] [39486.04] 0.47
[37387.50577175] [40670.25] 0.47
[37746.92169571] [40240.72] 0.47
[41986.90182284] [38240.09] 0.47
[42408.66540314] [35544.94] 0.47
[38162.39189396] [34011.82] 0.47
[33228.84112783] [37393.13] 0.47
[42227.7558701] [39158.47] 0.47
[41425.76777231] [36828.52] 0.47
[36298.29771341] [36065.2] 0.48
[37735.99402844] [35793.01] 0.49
[36840.18653064] [36632.35] 0.5
[36891.88292631] [36020.13] 0.5
[34870.97852754] [35538.98] 0.51
[34725.21653833] [30797.88] 0.51
[33046.91856007] [33002.38] 0.51
[31750.73124243] [32099.74] 0.51
[34903.55241322] [32276.84] 0.52
[33937.87210174] [32243.26] 0.51
[33714.42679673] [32541.8] 0.51
[32334.12946276] [30419.17] 0.5
[31347.66363616] [33403.17] 0.51
[32893.2335381] [34314.26] 0.5
[34139.77686304] [34318.1] 0.51
[37118.32627638] [33136.46] 0.5
[33997.11666049] [33522.9] 0.5
[32350.44797301] [35529.66] 0.49
[33021.55354997] [37676.25] 0.48
[36896.92586075] [37002.09] 0.49
[37556.83786912] [38278.61] 0.49
[40426.99349812] [39323.26] 0.49
[40452.072397] [38928.1] 0.49
[39907.11114404] [46364.3] 0.49
[42623.30723484] [46589.58] 0.48
[46997.58947599] [44878.17] 0.47
[48412.54205651] [48013.38] 0.47
[52286.82904067] [47471.4] 0.46
[49743.70025391] [47185.19] 0.45
[48456.39101745] [48720.37] 0.46
[48464.48562321] [47951.85] 0.46
[48919.2059664] [49160.1] 0.46
[48236.86021849] [52118.23] 0.46
[48304.49323824] [51608.15] 0.47
[51187.87802004] [55916.5] 0.47
[53438.22574632] [56001.2] 0.47
[59009.3774755] [57487.86] 0.48
[58454.88975359] [54123.4] 0.47
[55569.45341263] [48880.43] 0.47
[58356.22735785] [50624.84] 0.47
[57044.2455314] [46800.42] 0.47
[50529.71423965] [46340.31] 0.47
[48036.06090298] [46155.87] 0.46
[45348.76685151] [45113.92] 0.46
[45199.37597286] [49618.43] 0.45
[50468.15536062] [48356.04] 0.44
[50406.18936086] [50477.7] 0.45
[49234.09792029] [48448.91] 0.46
[49577.88962741] [48861.38] 0.47
[49476.42766386] [48881.59] 0.48
[48329.61786829] [51169.7] 0.48
[49779.65385413] [52299.33] 0.47
[50793.6521823] [54881.52] 0.47
[52498.45445544] [55997.23] 0.46
[57494.96822458] [57764.] 0.46
[60035.69089212] [57253.28] 0.45
[63041.54316126] [61258.73] 0.45
[64005.03125232] [59133.47] 0.45
[58483.06291962] [55754.72] 0.45
[64374.25868788] [56872.38] 0.45
[61076.36332348] [58913.] 0.46
[61544.89238802] [57665.9] 0.46
[61354.00790298] [58075.1] 0.46
[60339.83535329] [58085.8] 0.46
[60584.10799489] [57411.17] 0.45
[59414.00585415] [54204.96] 0.45
[56558.65334073] [54477.46] 0.46
[57071.09686139] [52508.23] 0.46
[52954.75926473] [51415.92] 0.45
[54735.53732392] [55074.47] 0.45
[53535.18911333] [55863.93] 0.45
[53966.64921367] [55783.71] 0.46
[58176.7633392] [57627.67] 0.46
[60404.00313261] [58730.13] 0.47
[59004.95014888] [58735.25] 0.48
[60092.43142575] [58736.92] 0.48
[59391.92510224] [59031.32] 0.49
[60224.420821] [57076.49] 0.48
[60975.31865152] [58206.55] 0.49
[57354.40277407] [59054.1] 0.49
[61887.6251598] [58020.46] 0.49
[59802.94877375] [55947.27] 0.49
[58650.44717307] [58048.59] 0.5
[59204.4163848] [58102.58] 0.51
[60666.32034007] [59774.] 0.52
[65179.65624806] [59964.87] 0.53
[61420.17325195] [59834.74] 0.53
[63042.58742491] [63554.44] 0.54
[63523.00089237] [62969.12] 0.53
[68411.54257707] [63252.63] 0.53
[64503.8137264] [61455.98] 0.52
[63451.40714652] [60087.09] 0.52
[61095.81837709] [56251.48] 0.52
[58239.11380439] [55703.14] 0.51
[57637.49927175] [56507.91] 0.52
[59574.57995943] [53808.8] 0.52
[54400.42930651] [51731.71] 0.52
[57243.64328496] [51153.13] 0.52
[52808.33570388] [50110.53] 0.51
[52595.49561913] [49075.58] 0.51
[51281.67786366] [54056.64] 0.51
[51200.66526335] [55071.46] 0.5
[54623.83390282] [54884.1] 0.5
[60205.69987955] [53584.15] 0.5
[59570.52127916] [57796.62] 0.5
[58397.77518931] [57857.5] 0.5
[59111.90383543] [56610.46] 0.49
[58069.78813046] [57213.33] 0.49
[57721.54628747] [53241.72] 0.48
[58022.05956948] [57473.23] 0.49
[57132.60779883] [56428.16] 0.49
[56628.28278539] [57380.27] 0.5
[56983.82125544] [58928.81] 0.49
[60243.84443269] [58280.73] 0.49
[60255.10402287] [55883.5] 0.48
[57549.43360006] [56750.] 0.49
[58022.9516357] [49007.09] 0.48
[54020.61604137] [49702.27] 0.49
[54321.34777397] [49922.52] 0.49
[52076.95503685] [46736.58] 0.48
[49490.55808995] [46441.64] 0.47
[49472.85428767] [43596.24] 0.46
[42937.79541856] [42912.19] 0.47
[44573.02163596] [36964.27] 0.46
[48360.74495621] [40784.32] 0.47
[46536.43690833] [37280.35] 0.47
[41100.46650469] [37528.3] 0.46
[39826.30754621] [34754.54] 0.46
[34277.90584196] [38728.59] 0.46
[37748.40472258] [38410.5] 0.46
[40071.69010229] [39266.04] 0.46
[42676.85137303] [38445.29] 0.45
[38329.56051201] [35689.62] 0.46
[37142.78345927] [34647.67] 0.45
[36890.33029381] [35684.59] 0.46
[37854.41400147] [37310.54] 0.47
[41289.95560852] [36662.64] 0.46
[38419.32846019] [37585.24] 0.47
[35524.08958204] [39188.59] 0.47
[36366.47954903] [36885.51] 0.47
[33591.63581507] [35530.38] 0.48
[36149.49056148] [35816.17] 0.48
[36512.17250533] [33514.87] 0.48
[36775.32820462] [33450.19] 0.47
[36155.18218933] [37338.36] 0.48
[35949.79569737] [36704.57] 0.49
[37915.24578959] [37313.18] 0.49
[37420.02641283] [35494.9] 0.49
[32720.09457345] [39066.82] 0.48
[31797.86380344] [40525.8] 0.47
[29859.87347288] [40188.56] 0.48
[34688.86536257] [38324.87] 0.49
[42816.41922787] [38068.04] 0.49
[40882.95474604] [35729.82] 0.49
[39803.72849839] [35524.17] 0.48
[39930.21925587] [35592.35] 0.48
[35078.21308248] [31686.55] 0.48
[29302.1955636] [32447.59] 0.48
[31421.06229529] [33674.66] 0.47
[30495.09184452] [34639.38] 0.46
[31513.68184191] [31640.58] 0.46
[32277.47984809] [32160.91] 0.47
[32313.14857026] [34644.45] 0.47
[33319.39612941] [34456.67] 0.47
[31830.11444324] [35847.7] 0.47
[34142.20015719] [35047.36] 0.48
[33798.66151339] [33536.88] 0.48
[33051.64618003] [33856.86] 0.48
[33177.1419079] [34688.98] 0.48
[32918.71747863] [35309.3] 0.47
[33527.52400621] [33747.97] 0.48
[32980.02961338] [34211.01] 0.47
[34392.425541] [33839.04] 0.46
[35111.52476935] [32877.41] 0.45
[35318.2868774] [33818.52] 0.45
[34366.47630913] [33515.57] 0.45
[30550.52727419] [34227.64] 0.44
[32302.54072547] [33158.25] 0.45
[33521.3421517] [32686.56] 0.44
[32865.37622927] [32814.61] 0.45
[31597.73625556] [31738.59] 0.46
[31775.68271997] [31421.25] 0.46
[29221.90496914] [31520.66] 0.45
[30775.17319366] [31783.49] 0.44
[32194.39740631] [30815.94] 0.43
[29896.07357601] [29790.24] 0.43
[31112.27051922] [32118.06] 0.44
[31228.31778537] [32297.89] 0.43
[30350.49732495] [33581.63] 0.43
[33635.78860779] [34279.34] 0.43
[33876.67031842] [35365.2] 0.43
[34632.56105487] [37318.14] 0.43
[34999.23299064] [39405.95] 0.43
[37891.50684572] [40002.53] 0.43
[39430.93503253] [40005.93] 0.42
[37993.75656982] [42214.15] 0.42
[39467.1612495] [41659.06] 0.42
[41434.63661051] [40000.46] 0.42
[40508.29079063] [39193.94] 0.42
[41907.82304467] [38138.] 0.42
[40394.09286546] [39750.14] 0.42
[39346.86757292] [40882.] 0.43
[39797.12455734] [42825.95] 0.42
[40531.68769611] [44634.13] 0.42
[42166.73804945] [43816.14] 0.42
[47024.90665916] [46333.46] 0.42
[46698.49472206] [45608.37] 0.42
[46906.93731472] [45611.46] 0.42
[47269.82484699] [44417.78] 0.42
[46155.58620631] [47833.98] 0.42
[47417.76169341] [47112.19] 0.41
[46720.43308163] [47056.41] 0.41
[47575.97707267] [45982.55] 0.41
[47634.17650486] [44648.57] 0.41
[44678.50773955] [44777.86] 0.42
[42175.68645181] [46734.65] 0.41
[41726.10126609] [49327.75] 0.41
[45303.31850378] [48932.02] 0.41
[48590.01177876] [49335.68] 0.41
[48656.62775219] [49523.5] 0.41
[50605.18193172] [47744.58] 0.41
[50813.64541297] [48972.09] 0.42
[51418.76960669] [46962.8] 0.41
[50655.96671424] [49056.86] 0.42
[50870.03515953] [48897.65] 0.41
[50459.16667215] [48806.78] 0.41
[48432.457456] [47074.77] 0.42
[50198.53015876] [47155.87] 0.42
[48816.69607601] [48862.76] 0.43
[49155.73425993] [49329.01] 0.42
[49119.02280186] [50035.33] 0.41
[48123.61496633] [49947.38] 0.42
[51542.15160919] [51769.06] 0.42
[49627.71826537] [52677.4] 0.42
[52896.99407362] [46809.17] 0.41
[51282.30453242] [46078.38] 0.4
[47625.18628568] [46368.69] 0.4
[611.53360094] [614.77] 1.0
[615.45734967] [635.01] 1.0
[616.17954005] [635.96] 0.6666666666666666
[628.72691866] [634.02] 0.75
[626.16096632] [637.94] 0.6
[624.20918393] [641.42] 0.5
[637.57571788] [638.97] 0.5714285714285714
[632.76287931] [636.29] 0.625
[634.5465768] [629.25] 0.6666666666666666
[635.98699317] [627.72] 0.6
[636.97570808] [631.92] 0.6363636363636364
[639.09704025] [655.48] 0.6666666666666666
[644.91512699] [653.25] 0.6923076923076923
[642.5144045] [651.39] 0.7142857142857143
[652.20893479] [655.31] 0.7333333333333333
[653.72645688] [651.45] 0.75
[657.5301319] [682.22] 0.7647058823529411
[659.84421517] [687.68] 0.7222222222222222
[669.90166143] [685.91] 0.6842105263157895
[667.12549829] [698.] 0.65
[683.28787717] [702.] 0.6190476190476191
[687.62482684] [697.01] 0.6363636363636364
[689.58472388] [733.33] 0.6086956521739131
[709.42456757] [686.17] 0.625
[711.95976239] [683.69] 0.6
[705.21882457] [704.79] 0.6153846153846154
[716.10735725] [712.] 0.6296296296296297
[719.94363959] [709.96] 0.6428571428571429
[726.02318442] [708.97] 0.6551724137931034
[730.36373317] [720.93] 0.6666666666666666
[723.73387832] [721.5] 0.6774193548387096
[722.4131487] [715.45] 0.65625
[762.49502199] [703.71] 0.6363636363636364
[637.03964308] [60.86] 0.16666666666666666
[629.60411397] [67.49] 0.2857142857142857
[631.27559589] [74.62] 0.375
[624.13854402] [82.48] 0.4444444444444444
[615.58806334] [109.24] 0.5
[615.00352781] [115.6] 0.5454545454545454
[618.08164772] [93.5] 0.5833333333333334
[617.60906939] [75.81] 0.6153846153846154
[618.07437779] [87.14] 0.6428571428571429
[604.15369779] [81.66] 0.6666666666666666
[606.15334639] [90.18] 0.6875
[603.59572562] [55.23] 0.7058823529411765
[618.21392952] [47.96] 0.7222222222222222
[623.58553487] [47.76] 0.7368421052631579
[615.72719584] [29.96] 0.75
[626.51400925] [25.31] 0.7619047619047619
