[602.88496937] [614.77]
[604.4769653] [635.01]
[622.98231283] [635.96]
[635.74349645] [634.02]
[633.55860619] [637.94]
[634.09597118] [641.42]
[643.448897] [638.97]
[641.22996603] [636.29]
[643.27107404] [629.25]
[637.85235405] [627.72]
[628.67274342] [631.92]
[631.77917917] [655.48]
[641.27227787] [653.25]
[639.72857622] [651.39]
[634.75032374] [655.31]
[656.67361564] [651.45]
[656.14757817] [682.22]
[657.5886108] [687.68]
[645.41986063] [685.91]
[650.88924436] [698.]
[660.86767411] [702.]
[653.61499901] [697.01]
[669.45501147] [733.33]
[662.67952573] [686.17]
[661.07510176] [683.69]
[673.58769379] [704.79]
[674.11146018] [712.]
[687.57565026] [709.96]
[669.10939215] [708.97]
[677.96352626] [720.93]
[678.45938573] [721.5]
[683.36924668] [715.45]
[789.28695564] [703.71]
[750.42619218] [702.28]
[749.3581611] [706.46]
[765.76961598] [710.91]
[751.43686863] [711.73]
[731.43555379] [736.96]
[764.11371447] [747.52]
[774.02691032] [748.98]
[776.0258967] [729.06]
[783.39813665] [738.53]
[767.11966713] [736.97]
[785.60037138] [741.63]
[773.39278743] [737.45]
[791.68633418] [735.64]
[786.49781498] [733.67]
[797.57055659] [727.96]
[794.10841584] [727.31]
[795.63522577] [732.71]
[808.2315385] [742.69]
[802.34675483] [742.05]
[792.7483297] [772.43]
[788.00776181] [764.33]
[803.50402697] [762.97]
[808.35943127] [754.63]
[804.66559118] [756.62]
[804.37330569] [758.99]
[816.62471621] [769.72]
[818.0307008] [770.02]
[811.41723253] [769.08]
[806.22702534] [777.]
[813.13642395] [777.]
[809.42699842] [777.99]
[812.19716286] [774.89]
[787.41574366] [776.75]
[784.34094986] [775.88]
[805.51240479] [788.7]
[797.22713738] [788.4]
[799.29820578] [788.67]
[804.36797713] [793.09]
[808.83096372] [824.21]
[807.31130566] [834.97]
[813.50276637] [901.31]
[818.3225563] [891.61]
[825.27554687] [892.6]
[815.74259297] [897.33]
[812.24615984] [930.37]
[830.91947722] [930.34]
[841.73055555] [963.38]
[842.67956584] [952.15]
[867.00263091] [958.12]
[880.0776026] [997.72]
[889.35644298] [1015.97]
[903.50056494] [1013.42]
[912.23358376] [1126.76]
[944.32060332] [994.67]
[939.67824579] [999.65]
[959.54905353] [896.83]
[955.8331586] [908.14]
[991.02158654] [910.49]
[983.98333633] [906.05]
[992.50500799] [785.22]
[974.08797397] [780.92]
[982.00242218] [826.29]
[965.47086886] [817.91]
[885.00383931] [819.55]
[915.73598042] [830.5]
[907.57867581] [903.84]
[883.87255816] [906.6]
[903.79974712] [895.798875]
[906.60778168] [893.6210875]
[963.58065622] [895.64]
[945.61588201] [918.603625]
[944.71095257] [922.0736125]
[937.41521591] [919.97]
[959.24930674] [893.045625]
[950.12880956] [915.95625]
[988.70524994] [915.05]
[982.44565293] [920.31225]
[989.45446658] [915.933]
[997.78172856] [912.19]
[1010.11145841] [964.706075]
[1003.2637016] [979.703875]
[1106.7363417] [983.42]
[1000.55849865] [1013.027]
[1013.75002561] [1030.999413]
[958.74922835] [1034.07]
[951.28467414] [1024.01375]
[986.03934602] [1050.11]
[972.93309427] [1052.84]
[920.86759445] [976.103]
[914.9539737] [999.1035]
[946.83261945] [997.59]
[938.14565841] [1000.604625]
[938.11118004] [999.877375]
[947.96010697] [1001.2]
[1003.48760233] [1012.325988]
[984.86477551] [1035.208125]
[997.19535992] [1035.2]
[985.15521562] [1056.637138]
[984.53564987] [1052.779286]
[998.00506403] [1050.87]
[1019.32807053] [1123.788429]
[1013.23994967] [1123.223188]
[993.7410382] [1130.01]
[1005.79567694] [1174.86625]
[1008.93443753] [1150.605714]
[1030.14972166] [1150.37]
[1021.0023797] [1190.75195]
[1018.71874061] [1187.565286]
[1069.00143653] [1190.89]
[1074.62548805] [1259.410817]
[1082.32614768] [1285.14]
[1130.8684737] [1287.]
[1139.28669497] [1270.9333]
[1154.84883183] [1275.197375]
[1137.47853039] [1279.5]
[1167.0244135] [1157.3933]
[1190.49726165] [1192.469143]
[1127.68076231] [1192.09]
[1163.56083397] [1179.159875]
[1143.26504396] [1227.494625]
[1169.47519179] [1227.68]
[1171.31447506] [1245.370786]
[1177.80303278] [1257.399625]
[1190.19571581] [1257.]
[1171.23618906] [1091.171888]
[1168.05732727] [952.2323625]
[1190.53716808] [967.69]
[1201.1200456] [1049.084488]
[1196.89113229] [1118.630043]
[1220.9002631] [1113.]
[1202.28457624] [1038.789]
[1208.3718876] [941.9197143]
[1228.57004851] [927.93]
[1203.68555772] [956.7863125]
[1186.89448008] [1037.22925]
[1202.33978969] [1041.04]
[1175.25920449] [1040.5755]
[1156.70954751] [1037.90455]
[1202.48658632] [1034.74]
[1202.93376949] [1086.929571]
[1190.70069963] [1099.169125]
[1167.95228762] [1079.99]
[1186.54953416] [1141.600363]
[1199.7275539] [1133.079314]
[1142.53929991] [1133.53]
[1125.08139512] [1190.45425]
[1135.45206556] [1181.149838]
[1141.60421841] [1184.03]
[1164.5731841] [1207.744875]
[1152.07836514] [1226.617038]
[1183.96945958] [1219.09]
[1207.8495591] [1180.023713]
[1224.51419467] [1185.260057]
[1179.77608988] [1170.36]
[1145.86490432] [1186.927413]
[1161.94568601] [1205.634875]
[1187.08174985] [1176.97]
[1214.23797582] [1217.930088]
[1211.13539028] [1241.686325]
[1215.36327209] [1236.63]
[1210.50670927] [1261.311225]
[1143.0952643] [1257.988113]
[1218.53326154] [1240.84]
[1232.22015069] [1279.414688]
[1272.66143712] [1309.109875]
[1235.68340625] [1288.02]
[1272.01103135] [1331.294429]
[1301.33263821] [1334.979038]
[1287.90924705] [1333.]
[1305.20397882] [1417.172813]
[1271.30998296] [1452.076288]
[1325.84958121] [1447.55]
[1307.8627706] [1508.292125]
[1348.76942112] [1533.335071]
[1374.38270471] [1518.75]
[1341.92044614] [1535.868429]
[1391.69942726] [1640.619225]
[1457.94792134] [1651.1]
[1480.17146125] [1762.88625]
[1509.99599301] [1820.990563]
[1443.33842594] [1829.]
[1557.8759557] [1771.920013]
[1568.58519266] [1776.3165]
[1603.62532932] [1780.]
[1607.78815644] [1739.031975]
[1601.16607782] [1807.485063]
[1725.85810844] [1783.98]
[1628.40213558] [1961.520488]
[1734.28516561] [2052.909788]
[1805.81626257] [2008.84]
[1862.77725119] [2090.662313]
[1820.9514503] [2287.710288]
[1972.94445499] [2256.32]
[1922.91711717] [2387.206286]
[1891.992494] [2211.976857]
[2240.01476852] [2279.82]
[2282.36558488] [2192.9808]
[2391.14524734] [2275.9307]
[2353.37145804] [2290.02]
[2564.02853237] [2285.933914]
[2311.42726129] [2399.242671]
[2396.54634913] [2409.93]
[2596.47781253] [2525.765158]
[2591.27152115] [2516.173143]
[2624.89745119] [2529.53]
[2678.61059491] [2883.313697]
[2732.02918] [2664.920863]
[2409.1595732] [2683.03]
[2706.34028246] [2827.4913]
[2717.48769665] [2845.372857]
[2911.95425694] [2898.63]
[3020.41489866] [2657.675063]
[2945.57380915] [2748.185086]
[2919.16532085] [2706.]
[2917.55899495] [2442.48025]
[3237.54738151] [2464.959814]
[3049.46486605] [2477.94]
[3023.52826143] [2507.389252]
[2901.74992143] [2617.210263]
[2926.0212505] [2600.]
[2901.12701163] [2671.04325]
[2861.43740959] [2727.288013]
[2897.69418036] [2713.48]
[2660.79419605] [2589.164888]
[2911.71812267] [2512.366286]
[2986.22234176] [2502.03]
[2918.8909551] [2517.903114]
[2985.80066164] [2585.349186]
[2747.08874467] [2558.3]
[2828.37709929] [2477.641375]
[2794.26471598] [2501.191343]
[2603.97961716] [2421.26]
[2662.27817893] [2561.225429]
[2757.54149493] [2599.729838]
[2619.02222362] [2598.89]
[2660.39038113] [2609.96775]
[2553.3295506] [2491.201214]
[2641.93141966] [2502.86]
[2616.67715603] [2536.238938]
[2554.1162698] [2366.170143]
[2590.41791466] [2327.09]
[2607.51199237] [2385.748571]
[2545.17999208] [2354.783417]
[2678.78269511] [2338.49]
[2548.66217177] [2058.9956]
[2496.17582029] [1931.2143]
[2547.39876024] [1910.96]
[2474.6606409] [2320.12225]
[2375.9858489] [2264.7657]
[2364.2389483] [2265.21]
[2331.79684062] [2682.195363]
[2285.63875835] [2807.609857]
[2329.95388298] [2825.51]
[2299.03593518] [2751.821029]
[2335.80977625] [2560.997917]
[2403.7888077] [2564.3]
[2470.55542753] [2647.625]
[2410.98318921] [2781.636583]
[2489.66391702] [2784.8]
[2642.66896183] [2745.955417]
[2637.50169714] [2866.431667]
[2674.70623804] [2862.9]
[2735.41579655] [2693.633983]
[2725.32761597] [2794.117717]
[2747.88216496] [2790.]
[2782.23991498] [3218.115017]
[2853.20546519] [3252.562533]
[2823.38550156] [3210.2]
[2975.63932132] [3457.374333]
[2895.75095852] [3357.326317]
[3024.93893809] [3340.28]
[3029.13967865] [3632.506667]
[3189.00864532] [3852.802914]
[3265.78589356] [3868.52]
[3039.37861502] [4282.992]
[3411.41822733] [4217.028329]
[4026.19236947] [4179.97]
[3621.07061273] [4328.725717]
[4236.0045486] [4130.440067]
[3936.15295324] [4104.71]
[4103.89794952] [4157.958033]
[4359.44122216] [4043.722]
[4046.95859088] [3986.28]
[4239.78439621] [4174.95]
[4869.31633782] [4340.316717]
[4765.37548076] [4331.77]
[4300.66350798] [4360.513317]
[4793.5064661] [4354.308333]
[4408.93907765] [4339.05]
[4111.27938814] [4607.98545]
[4295.40286199] [4594.98785]
[4780.15505494] [4582.52]
[4637.96118818] [4911.740017]
[4635.06276369] [4580.38748]
[4739.87846719] [4585.57]
[4862.6891806] [4344.098317]
[4525.91425097] [4488.72014]
[4986.92490708] [4385.02]
[4614.43982922] [4654.6585]
[4824.10139326] [4310.750183]
[4678.11859582] [4312.26]
[4788.33234472] [4329.955]
[4562.12653719] [4248.090017]
[4595.03446959] [4198.59]
[4562.93632576] [3961.271267]
[4770.26375803] [3319.63]
[4546.2304828] [3216.43]
[4649.5733453] [3763.62604]
[4625.09059013] [3746.060783]
[4355.22863112] [3678.53]
[4226.2557243] [3943.413333]
[4041.26415231] [3977.561667]
[4068.39794805] [3894.48]
[4103.47900278] [3637.50255]
[3988.2353951] [3776.3869]
[4033.01665443] [3777.62]
[3914.05052673] [3942.555]
[3939.79969296] [3910.307383]
[3890.1671294] [3881.]
[3939.10991418] [4201.98905]
[4056.87290997] [4193.574667]
[4140.08710902] [4164.27]
[4108.89293519] [4360.722967]
[4101.18867703] [4386.88375]
[4135.55424666] [4394.07]
[4201.31973426] [4225.175]
[4274.84677814] [4338.852]
[4229.64346151] [4318.58]
[4494.69148461] [4376.191667]
[4436.6232884] [4602.280883]
[4350.28025993] [4605.66]
[4523.14353101] [4782.28]
[4442.25974268] [4819.485767]
[4660.5587478] [4822.17]
[4926.86940189] [5563.806567]
[4520.46631713] [5739.438733]
[4767.39598324] [5825.99]
[4794.73262618] [5711.205867]
[4953.67226895] [5603.71294]
[5338.43807018] [5594.66]
[5539.01178796] [5727.6335]
[5266.66287397] [5979.45984]
[5357.63556438] [5986.44]
[5995.58539264] [5983.18455]
[5806.06751907] [5876.079867]
[5876.23383554] [5900.59]
[6183.79100499] [5669.622533]
[5777.97747135] [5893.138417]
[5725.21388759] [5889.82]
[6156.46778695] [5776.69695]
[5869.8538034] [6155.43402]
[6039.38189578] [6136.49]
[6019.19349319] [6388.645167]
[6120.8557291] [6665.306683]
[6342.18229297] [6751.98]
[6439.26121955] [7197.72006]
[6743.74613118] [7437.543317]
[6564.21759502] [7365.99]
[6366.63061461] [6989.071667]
[6545.44611937] [7092.127233]
[6825.05888942] [7128.64]
[7219.46340702] [7158.03706]
[7120.14628927] [6719.39785]
[7279.01680623] [6569.22]
[7053.48541925] [5716.301583]
[7131.82281682] [6550.227533]
[7539.33670704] [6493.63]
[7398.6295286] [7301.42992]
[7091.7059812] [7815.0307]
[7284.76230172] [7868.77]
[7050.70350515] [7817.140383]
[7420.67079234] [8007.654067]
[7158.85929314] [8049.72]
[7445.92740086] [8059.8]
[7265.13688912] [8268.035]
[7566.28065995] [8236.72]
[7529.76521263] [8250.978333]
[7394.30085693] [8707.407267]
[8201.97494212] [8768.8]
[8255.27256116] [9718.29505]
[8031.22732231] [9952.50882]
[8178.25768027] [9919.]
[8787.42846608] [10147.372]
[9303.62329781] [10883.912]
[8699.60066485] [10879.88]
[9372.77630475] [11332.622]
[9144.18215982] [11584.83]
[10131.07238319] [11591.22]
[10166.79894268] [13540.98]
[10927.68158875] [16501.97167]
[10716.29639782] [16860.88]
[13344.25114056] [15142.83415]
[12989.32841784] [14869.805]
[13544.94515009] [15068.95]
[14618.88422116] [17276.39333]
[15170.65527348] [16808.36667]
[15331.89498908] [16252.31]
[15145.04476877] [17771.9]
[18174.66513448] [19498.68333]
[20683.33641458] [19279.9]
[21349.5121774] [18961.85667]
[21217.92317253] [17737.11167]
[18540.01080108] [17382.94]
[22431.40022422] [16047.51]
[19827.33303837] [15190.945]
[19431.3295377] [13776.61]
[19314.0750614] [13949.175]
[22539.72073917] [14119.02833]
[20392.94097058] [13740.94]
[17556.35783136] [15589.32167]
[18189.28560257] [14380.58167]
[15591.68603591] [14214.01]
[17550.89014209] [13215.574]
[15998.17475914] [14165.575]
[14299.01802215] [13796.]
[14853.68900041] [15005.85667]
[16426.16327075] [15053.26167]
[15908.08264524] [15039.24]
[14853.49441575] [17174.12]
[15316.4103127] [17319.198]
[15303.08600094] [17155.95]
[15199.02109807] [15265.90667]
[15657.40481621] [14714.25333]
[16525.57137504] [14437.42]
[16449.89632279] [13296.794]
[15990.24693379] [13912.882]
[17125.30014225] [13791.19]
[16546.10558856] [13852.92]
[16064.84885035] [14012.196]
[17222.88002937] [13554.14]
[15997.13578653] [11116.94667]
[15359.15957157] [11345.42333]
[15378.76682405] [11174.82]
[14731.40242006] [12950.79333]
[14049.73596789] [11505.228]
[14027.38149736] [11513.42]
[14264.60300452] [11223.064]
[12986.87948596] [11282.25833]
[13034.29940306] [11392.03]
[12398.92582847] [10969.815]
[12781.13474688] [11524.77667]
[12152.73162389] [11431.37]
[12150.66885011] [11212.655]
[12197.6112659] [10184.06167]
[11839.66435992] [10082.52]
[11303.83200551] [9083.258333]
[12344.98995636] [8901.901667]
[10659.38054492] [8852.73]
[11960.15980021] [8400.648333]
[12508.58088314] [6838.816667]
[10516.04060901] [6925.46]
[10173.43550451] [8099.958333]
[8967.36135916] [8240.536667]
[9246.89329689] [8245.08]
[9415.21041498] [8319.876566]
[8449.58571471] [8343.455]
[6675.62109045] [8068.02]
[8453.03717744] [8597.7675]
[7122.32327905] [9334.633333]
[8516.80934762] [9471.64]
[7984.77124314] [10127.16167]
[8370.80288604] [10841.99167]
[8342.52008056] [11085.83]
[9010.97166934] [11110.965]
[8097.50356777] [11390.39167]
[9582.07542735] [11245.98]
[10622.36533723] [9931.071667]
[10269.69353306] [10162.11667]
[10307.30542032] [10171.3]
[10806.22636553] [9696.593333]
[10627.52412152] [10348.60333]
[11511.20973289] [10319.46]
[10927.66038638] [10370.165]
[10622.45942881] [11009.38167]
[11070.13771707] [10931.12]
[10621.07938896] [11326.94833]
[11240.76129635] [11430.18167]
[11322.6913873] [11516.83]
[12132.29100051] [10763.19833]
[12472.81372067] [10118.058]
[11389.20782026] [9920.46]
[11527.44142039] [9089.278333]
[12465.04996694] [8746.002]
[11545.97143425] [8777.37]
[10872.8176286] [9182.843333]
[11496.25582902] [9154.7]
[10613.04862122] [9153.54]
[10495.51249166] [8358.121667]
[10057.92115279] [8530.402]
[10055.38874271] [8297.89]
[9164.71379042] [8171.415]
[9458.05834825] [8412.033333]
[9027.73853431] [8605.64]
[8799.15811217] [8947.753333]
[8363.75092865] [8690.408333]
[8496.17844126] [8725.37]
[8808.62459242] [8662.378333]
[8986.66466236] [8617.296667]
[8740.54824141] [8457.96]
[8416.7246311] [7876.195]
[8534.25761548] [7960.38]
[8578.42234301] [7950.61]
[8428.4711891] [6882.531667]
[8010.64928073] [6935.48]
[9149.04665156] [6937.56]
[8308.3331406] [7035.848333]
[8304.41991753] [7410.435]
[7485.24455155] [7426.48]
[7910.45546949] [6826.51]
[7950.77113749] [6603.876667]
[7244.87962822] [6634.68]
[7026.58005797] [7017.656667]
[7338.79761603] [6699.273333]
[7226.35967212] [6784.41]
[7253.48367187] [6926.266667]
[6888.62588678] [7847.845]
[6722.83389562] [7941.46]
[6071.30846939] [8036.511051]
[6986.40996374] [8340.748333]
[7241.4671485] [8368.1]
[7106.25207055] [7895.416926]
[7652.35951437] [8164.937426]
[6973.40900586] [8175.96]
[7726.89133321] [8852.718333]
[7850.75666223] [8807.205]
[8394.17179332] [8930.6]
[8439.20901812] [8933.861667]
[8617.7371105] [9555.542]
[8809.42829304] [9658.11]
[9116.21969675] [9258.398333]
[9428.70021544] [9010.32]
[9724.2746423] [8928.55]
[9620.21988706] [9334.281667]
[9430.40737317] [9259.57]
[9659.39462371] [9239.55]
[9588.67554702] [9221.426]
[9898.78298776] [9639.268333]
[9640.96526574] [9753.35]
[9393.49428536] [9803.306667]
[10603.72170845] [9630.136277]
