24877328150.763016
0 12 2
12 52 0
52 54 2
54 115 0
115 123 2
123 150 0
150 151 2
151 174 0
174 178 2
178 185 0
185 188 2
188 191 0
191 195 2
195 212 0
212 216 2
216 243 0
243 247 2
247 256 0
256 259 2
259 268 0
268 269 2
269 273 0
273 277 2
277 284 0
284 294 2
294 298 0
298 309 2
309 315 0
315 317 2
317 323 0
323 325 2
325 340 0
340 345 2
345 355 0
355 358 2
358 361 0
361 369 2
369 374 0
374 376 2
376 399 0
399 402 2
402 405 0
405 409 2
409 419 0
419 427 2
427 453 0
453 455 2
455 457 0
457 459 2
459 461 0
461 471 2
471 472 0
472 475 2
475 482 0
482 487 2
487 491 0
491 493 2
493 496 0
496 502 2
502 503 0
503 512 2
512 527 0
527 532 2
532 540 0
540 545 2
545 547 0
547 553 2
553 556 0
556 565 2
565 570 0
570 572 2
572 574 0
574 575 2
575 582 0
582 583 2
583 591 0
591 594 2
594 601 0
601 613 2
613 616 0
616 622 2
622 634 0
634 640 2
640 648 0
648 656 2
656 665 0
665 671 2
671 682 0
682 699 2
699 723 0
723 729 2
729 741 0
741 748 2
748 762 1
762 765 0
765 807 2
807 810 0
810 811 2
811 818 1
818 825 2
825 831 0
831 838 2
838 839 0
839 842 2
842 848 0
848 855 2
855 861 0
861 874 1
874 880 2
880 896 0
896 905 2
905 942 0
942 943 2
943 955 0
955 957 2
957 977 0
977 980 2
980 981 0
981 984 2
984 988 0
988 1000 1
1000 1002 2
1002 1019 0
1019 1020 2
1020 1021 0
1021 1024 2
1024 1026 0
1026 1028 2
1028 1032 0
1032 1037 2
1037 1038 0
1038 1039 2
1039 1043 0
1043 1050 2
1050 1062 0
1062 1068 2
1068 1073 0
1073 1083 2
1083 1088 0
1088 1121 2
1121 1124 0
1124 1139 2
1139 1142 0
1142 1170 2
1170 1175 0
1175 1180 2
1180 1182 0
1182 1193 2
1193 1198 0
1198 1200 2
1200 1207 1
1207 1209 2
1209 1214 0
1214 1216 2
1216 1225 0
1225 1232 2
1232 1252 0
1252 1259 1
1259 1267 2
1267 1273 0
1273 1279 2
1279 1280 0
1280 1283 2
1283 1287 0
1287 1289 2
1289 1291 0
1291 1296 2
1296 1306 0
1306 1313 2
1313 1316 0
1316 1318 2
1318 1335 0
1335 1339 2
1339 1342 0
1342 1343 2
1343 1347 0
1347 1352 2
1352 1360 0
1360 1364 2
1364 1413 1
1413 1421 0
1421 1422 2
1422 1430 0
1430 1431 2
1431 1437 0
1437 1447 2
1447 1452 0
1452 1459 2
1459 1470 0
1470 1474 2
1474 1518 0
1518 1519 2
1519 1536 0
1536 1539 2
1539 1542 0
1542 1553 2
1553 1561 0
1561 1563 2
1563 1581 0
1581 1585 2
1585 1587 0
1587 1594 2
1594 1595 0
1595 1600 2
1600 1625 0
1625 1632 2
1632 1635 0
1635 1636 2
1636 1645 0
1645 1647 2
1647 1649 0
1649 1657 2
1657 1668 0
1668 1670 2
1670 1676 0
1676 1688 2
1688 1694 0
1694 1697 2
1697 1701 0
1701 1712 2
1712 1713 0
1713 1716 2
1716 1719 0
1719 1722 2
1722 1727 0
1727 1732 2
1732 1733 0
1733 1736 2
1736 1738 0
1738 1745 2
1745 1748 0
1748 1749 2
1749 1753 0
1753 1755 2
1755 1758 0
1758 1774 2
1774 1784 0
1784 1788 2
1788 1794 0
1794 1797 2
1797 1798 0
1798 1802 2
1802 1808 0
1808 1811 2
1811 1812 0
1812 1815 2
1815 1822 0
1822 1825 2
