57 [-0.00647665]
58 [0.01904903]
59 [0.03371145]
60 [0.01380321]
61 [0.01833707]
62 [0.02973409]
63 [0.02171829]
64 [0.00873325]
65 [0.00795207]
66 [0.01321063]
67 [0.01321624]
68 [0.00866758]
69 [0.00593372]
70 [0.00651342]
71 [0.00855346]
72 [0.01058559]
73 [0.01033495]
74 [0.00977977]
75 [0.01166169]
76 [0.01169107]
77 [0.00992235]
78 [0.01017338]
79 [0.01034767]
80 [0.01036239]
81 [0.01011326]
82 [0.01132568]
83 [0.01115213]
84 [0.0100716]
85 [0.0100897]
86 [0.01015909]
87 [0.01064461]
88 [0.01000489]
89 [0.01539909]
90 [0.00435188]
91 [0.01344391]
92 [0.00648145]
93 [0.01604451]
94 [0.0135091]
95 [0.01499581]
96 [0.02110691]
97 [0.01938685]
98 [0.02850045]
99 [0.04090795]
100 [0.04137264]
101 [0.04485724]
102 [0.04589941]
103 [0.0485571]
104 [0.02543592]
105 [0.04110799]
106 [0.05532191]
107 [0.04813084]
108 [0.03718162]
109 [0.04553938]
110 [0.04083131]
111 [0.01717482]
112 [-0.00467956]
113 [-0.03614368]
114 [-0.04858902]
115 [-0.0570808]
116 [-0.05251698]
117 [-0.04734778]
118 [-0.05119793]
119 [-0.04679995]
120 [-0.0611053]
121 [-0.05222618]
122 [-0.02596394]
123 [-0.01862133]
124 [-0.00761415]
125 [0.02169014]
126 [0.04169508]
127 [0.05285708]
128 [0.05018806]
129 [0.04865046]
130 [0.00576519]
131 [0.03175517]
132 [0.00901276]
133 [0.02190208]
134 [0.01915164]
135 [0.00347725]
136 [0.0123886]
137 [0.01994039]
138 [0.02524393]
139 [0.0321342]
140 [0.05573045]
141 [0.04639266]
142 [0.06715713]
143 [0.05970756]
144 [0.04986358]
145 [0.02427064]
146 [-0.01627214]
147 [0.01723574]
148 [0.02838371]
149 [-0.01492121]
150 [-0.03027454]
151 [-0.00720323]
152 [0.00163576]
153 [0.00407514]
154 [0.03539993]
155 [0.00408496]
156 [0.02792107]
157 [0.01855959]
158 [0.02772451]
159 [0.03701765]
160 [0.04502497]
161 [0.05882978]
162 [0.05449659]
163 [0.05541857]
164 [0.04801204]
165 [0.0574741]
166 [0.04333838]
167 [0.0585172]
168 [0.05554945]
169 [0.05169499]
170 [0.04887456]
171 [0.02853136]
172 [0.00972113]
173 [-0.00569661]
174 [-0.01371321]
175 [-0.01166279]
176 [-0.02149531]
177 [-0.02733896]
178 [-0.04817597]
179 [-0.02818107]
180 [-0.02865897]
181 [-0.05259562]
182 [-0.04654288]
183 [-0.04950641]
184 [-0.06950188]
185 [-0.06531483]
186 [-0.08727386]
187 [-0.09084811]
188 [-0.05690575]
189 [-0.06046774]
190 [-0.05419391]
191 [-0.03433302]
192 [-0.01753146]
193 [-0.01129224]
194 [-0.00216796]
195 [0.00961701]
196 [0.01784785]
197 [0.03144058]
198 [0.04645399]
199 [0.04921387]
200 [0.04774508]
201 [0.04011848]
202 [0.02926652]
203 [0.02921795]
204 [0.03891463]
205 [0.02252122]
206 [0.03201868]
207 [0.02681513]
208 [0.0207465]
209 [0.0151277]
210 [0.01146435]
211 [0.00073809]
212 [0.00684281]
213 [0.01193273]
214 [0.00969937]
215 [0.01026628]
216 [0.01631791]
217 [0.00640737]
218 [0.01135169]
219 [0.01779707]
220 [0.01935103]
221 [0.03076176]
222 [0.02629502]
223 [0.03032296]
224 [0.02968667]
225 [0.03036227]
226 [0.03417572]
227 [0.05121681]
228 [0.05235792]
229 [0.05381132]
230 [0.05793803]
231 [0.06434382]
232 [0.06677497]
233 [0.09083787]
234 [0.07881565]
235 [0.07241682]
236 [0.08061326]
237 [0.08453659]
238 [0.07517952]
239 [0.07891594]
240 [0.06945072]
241 [0.07775732]
242 [0.07919326]
243 [0.08257381]
244 [0.08628902]
245 [0.11739183]
246 [0.08563448]
247 [0.11035348]
248 [0.09904421]
249 [0.19113043]
250 [0.16836366]
251 [0.19450888]
252 [0.13941969]
253 [0.11304677]
254 [0.08676779]
255 [0.08301364]
256 [0.04006486]
257 [0.04845282]
258 [0.02781044]
259 [0.04930822]
260 [0.11042088]
261 [0.07922322]
262 [0.1273781]
263 [0.10186892]
264 [0.14025952]
265 [0.11859024]
266 [0.13499388]
267 [0.12171993]
268 [0.0692054]
269 [0.13700816]
270 [0.04032214]
271 [0.02551192]
272 [-0.00331545]
273 [-0.09724373]
274 [-0.09524291]
275 [-0.14089456]
276 [-0.10696588]
277 [-0.00837487]
278 [-0.00868721]
279 [0.03122751]
280 [0.08552182]
281 [0.06339812]
282 [0.0019013]
283 [-0.02469767]
284 [-0.02766317]
285 [-0.03638342]
286 [-0.03147957]
287 [-0.03948513]
288 [-0.03080493]
289 [-0.01795662]
290 [0.00627383]
291 [0.01233343]
292 [0.01710941]
293 [0.00877904]
294 [-0.01150595]
295 [-0.01539055]
296 [-0.00814366]
297 [-0.01359255]
298 [-0.03842649]
299 [-0.05290354]
300 [-0.06545059]
301 [-0.057445]
302 [-0.0710896]
303 [-0.05833868]
304 [-0.06156805]
305 [-0.07689231]
306 [-0.0448212]
307 [-0.01451453]
308 [0.06542128]
309 [0.10883567]
310 [0.14111602]
311 [0.15522605]
312 [0.13208155]
313 [0.08488987]
314 [0.03593788]
315 [0.0039148]
316 [-0.00738365]
317 [0.01179673]
318 [0.03315982]
319 [0.03167637]
320 [0.03853083]
321 [0.0529482]
322 [0.04406012]
323 [0.04217848]
324 [0.05739982]
325 [0.04318773]
326 [0.06931618]
327 [0.0885421]
328 [0.11502751]
329 [0.11509357]
330 [0.10929105]
331 [0.13356782]
332 [0.11706726]
333 [0.13615127]
334 [0.15533535]
335 [0.16606408]
336 [0.10299048]
337 [0.05583977]
338 [0.03729234]
339 [0.00403594]
340 [-0.03083495]
341 [-0.03125799]
342 [-0.0029665]
343 [0.02193659]
344 [0.03543717]
345 [0.0458955]
346 [0.06266772]
347 [0.06529265]
348 [0.06833173]
349 [0.06735592]
350 [0.06931246]
351 [0.05349797]
352 [0.04570279]
353 [0.03223753]
354 [-0.00993942]
355 [-0.0335594]
356 [-0.04681533]
357 [-0.06074964]
358 [-0.05766844]
359 [-0.04161776]
360 [-0.02941684]
361 [-0.03433491]
362 [-0.09467357]
363 [-0.13772841]
364 [-0.15052]
365 [-0.13986428]
366 [-0.14646551]
367 [-0.1022026]
368 [-0.056629]
369 [0.00526138]
370 [0.07312176]
371 [0.0698165]
372 [0.03232915]
373 [0.0049958]
374 [0.00832644]
375 [0.00819999]
376 [-0.01294422]
377 [0.0150699]
378 [0.0552948]
379 [0.06540707]
380 [0.06394015]
381 [0.05812706]
382 [0.04598119]
383 [0.05860867]
384 [0.02731736]
385 [0.01672551]
386 [0.00907238]
387 [0.01482964]
388 [0.01971139]
389 [0.03565628]
390 [0.04902594]
391 [0.0661989]
392 [0.09094918]
393 [0.10354166]
394 [0.10860934]
395 [0.11703283]
396 [0.11216322]
397 [0.10897588]
398 [0.06701251]
399 [0.0497751]
400 [0.02972675]
401 [0.02132493]
402 [0.02712674]
403 [0.02085359]
404 [0.0207267]
405 [0.00729538]
406 [-0.00834766]
407 [-0.00404445]
408 [-0.01175278]
409 [-0.00591819]
410 [0.00813966]
411 [0.04536279]
412 [0.09548275]
413 [0.12658565]
414 [0.13360567]
415 [0.11724526]
416 [0.11915591]
417 [0.08154566]
418 [0.01628377]
419 [0.03029488]
420 [0.01629993]
421 [-0.01171424]
422 [-0.06642878]
423 [-0.1219362]
424 [-0.08125187]
425 [-0.10290301]
426 [0.11171518]
427 [0.12770239]
428 [0.17468864]
429 [0.2366056]
430 [0.2217904]
431 [0.16876508]
432 [0.11542018]
433 [0.06687246]
434 [0.06706076]
435 [0.06063689]
436 [0.06733303]
437 [0.11643849]
438 [0.17496377]
439 [0.18618876]
440 [0.19392519]
441 [0.24399282]
442 [0.24999996]
443 [0.19568388]
444 [0.16475098]
445 [0.18581319]
446 [0.17507231]
447 [0.3227328]
448 [0.39827976]
449 [0.43567792]
450 [0.42708942]
451 [0.31399322]
452 [0.28637367]
453 [0.2192072]
454 [0.12950201]
455 [0.06996641]
456 [0.15116245]
457 [0.3650726]
458 [0.1837277]
459 [0.19970821]
460 [0.07367121]
461 [-0.00357085]
462 [-0.09957314]
463 [-0.31419417]
464 [-0.408553]
465 [-0.3534626]
466 [-0.2536286]
467 [-0.32852903]
468 [-0.13799508]
469 [-0.02823403]
470 [-0.00645103]
471 [-0.01575324]
472 [-0.00477358]
473 [0.0088337]
474 [0.0202373]
475 [0.03037352]
476 [0.1411889]
477 [0.19997153]
478 [0.27702045]
479 [0.15044108]
480 [0.12127575]
481 [-0.0939317]
482 [-0.08279341]
483 [-0.16643247]
484 [-0.17479771]
485 [-0.15901116]
486 [-0.1806671]
487 [-0.07802132]
488 [-0.08062141]
489 [-0.11462744]
490 [-0.11382153]
491 [-0.1024356]
492 [-0.11650787]
493 [-0.08016139]
494 [-0.0415251]
495 [-0.03090756]
496 [-0.03255521]
497 [-0.02486516]
498 [-0.02066135]
499 [-0.0131594]
500 [-0.02068455]
501 [-0.01673072]
502 [-0.02783164]
503 [-0.05291238]
504 [-0.06223383]
505 [-0.0680361]
506 [-0.08446741]
507 [-0.0853288]
508 [-0.08009478]
509 [-0.08536015]
510 [-0.04684402]
511 [-0.00259662]
512 [-0.01931453]
513 [0.00513367]
514 [0.01397256]
515 [0.02557097]
516 [0.02887576]
517 [0.03340479]
518 [0.08345924]
519 [0.09184897]
520 [0.08230189]
521 [0.07206014]
522 [0.07330889]
523 [0.06768912]
524 [0.01743696]
525 [0.0031876]
526 [-0.02065595]
527 [-0.01683431]
528 [-0.03740557]
529 [-0.03241992]
530 [-0.00260359]
531 [0.01973885]
532 [0.03207007]
533 [0.02459442]
534 [0.01894863]
535 [0.00728381]
536 [0.01225814]
537 [-0.00566468]
538 [-0.01935515]
539 [-0.05732296]
540 [-0.07220876]
541 [-0.08512726]
542 [-0.0830628]
543 [-0.06113956]
544 [-0.05676843]
545 [-0.04086062]
546 [-0.03205992]
547 [-0.01605578]
548 [-0.02024213]
549 [-0.01328452]
550 [-0.0190387]
551 [-0.00970663]
552 [-0.00244061]
553 [0.01027684]
554 [0.01491011]
555 [0.0216928]
556 [0.01496905]
557 [-0.0050932]
558 [-0.05295976]
559 [-0.05555332]
560 [-0.03892246]
561 [-0.08452962]
562 [-0.07002117]
563 [-0.06430171]
564 [-0.05634753]
565 [-0.05515925]
566 [-0.03455991]
567 [-0.01776741]
568 [-0.01299224]
569 [-0.01265663]
570 [-0.01806354]
571 [-0.02699627]
572 [-0.0337987]
573 [0.02136534]
574 [0.04008413]
575 [0.0512098]
576 [0.05796389]
577 [0.05613279]
578 [0.06027426]
579 [0.04562794]
580 [0.03306515]
581 [0.02612378]
582 [0.02971831]
583 [0.02930533]
584 [0.04117122]
585 [0.0493145]
586 [0.05087138]
587 [0.04478625]
588 [0.0310584]
589 [0.00744406]
590 [0.00795108]
591 [0.00224176]
592 [-0.00206689]
593 [-0.02159136]
594 [0.01306111]
595 [0.0218066]
596 [0.0318743]
597 [0.03078961]
598 [0.02224591]
599 [0.01856844]
600 [0.00476748]
601 [-0.01494705]
602 [-0.04120695]
603 [-0.06271761]
604 [-0.06565101]
605 [-0.05452123]
606 [-0.047019]
607 [-0.04185452]
608 [-0.0380614]
609 [-0.02631779]
610 [-0.01720504]
611 [-0.01124209]
612 [-0.01008312]
613 [-0.01158828]
614 [-0.0150764]
615 [-0.02579923]
616 [-0.04277188]
617 [-0.05727746]
618 [-0.06030506]
619 [-0.05916626]
620 [-0.06300167]
621 [-0.03142893]
622 [-0.00629052]
623 [-0.00616441]
624 [0.00602412]
625 [0.01324901]
626 [0.01170092]
627 [0.01041644]
628 [0.00459772]
629 [-0.00685048]
630 [-0.0088471]
631 [-0.00597649]
632 [-0.02074192]
633 [-0.02638337]
634 [-0.0293317]
635 [-0.05109572]
636 [-0.05335633]
637 [-0.05066166]
638 [-0.05282782]
639 [-0.03024399]
640 [-0.00976189]
641 [-0.00756592]
642 [-0.00749852]
643 [-0.00055204]
644 [0.00115623]
645 [-0.0030865]
646 [-0.01302795]
647 [-0.01694246]
648 [-0.02388768]
649 [-0.02938238]
650 [-0.01396598]
651 [-0.00612286]
652 [-0.02091003]
653 [-0.00106478]
654 [0.00614092]
655 [0.01206544]
656 [0.01872147]
657 [0.02566216]
658 [0.02738083]
659 [0.02811487]
660 [0.01542275]
661 [0.00794237]
662 [0.01030575]
663 [0.0069468]
664 [-0.01088057]
665 [-0.0200934]
666 [-0.01996717]
667 [-0.01877331]
668 [-0.02436414]
669 [-0.00873356]
670 [0.02236201]
671 [0.02917986]
672 [0.07265896]
673 [0.07396726]
674 [0.04080989]
675 [0.02941271]
676 [0.045552]
677 [0.04045052]
678 [0.03700899]
679 [0.04424055]
680 [0.03164113]
681 [0.0204089]
682 [0.01369466]
683 [-0.00953953]
684 [0.01354891]
685 [0.01519761]
686 [-0.03350329]
687 [-0.04825127]
688 [-0.06572362]
689 [-0.06028143]
690 [-0.07088511]
691 [-0.07920672]
692 [-0.05727001]
693 [-0.0662426]
694 [-0.06890338]
695 [-0.0595099]
696 [-0.05323748]
697 [-0.04787712]
698 [-0.03625038]
699 [-0.01420686]
700 [0.00270769]
701 [0.00903843]
702 [0.00957497]
703 [0.00710002]
704 [0.01269602]
705 [0.00886591]
706 [0.01069653]
707 [0.01279663]
708 [0.0137797]
709 [0.01657724]
710 [0.02067187]
711 [0.02482613]
712 [0.02952677]
713 [0.03458665]
714 [0.0338324]
715 [0.03670733]
716 [0.02624509]
717 [0.02344579]
718 [0.02058221]
719 [0.01289827]
720 [-0.00212914]
721 [-0.02870324]
722 [-0.03668274]
723 [-0.06068146]
724 [-0.06177081]
725 [-0.0657831]
726 [-0.03057911]
727 [-0.02685615]
728 [-0.01130297]
729 [0.01301539]
730 [0.01053455]
731 [0.00717985]
732 [0.01091799]
733 [-0.0002105]
734 [0.00400326]
735 [0.00012503]
736 [0.0094612]
737 [0.01421376]
738 [0.01719446]
739 [0.02132435]
740 [0.01440708]
741 [0.00780444]
742 [-0.00104145]
743 [-0.00807407]
744 [-0.00732378]
745 [-0.0036605]
746 [0.00125236]
747 [0.00063994]
748 [-0.00113345]
749 [-0.00207982]
750 [5.1671872e-05]
751 [-0.00083275]
752 [0.00136379]
753 [0.00437099]
754 [0.00330162]
755 [-0.00140667]
756 [-0.0118283]
757 [-0.02031237]
758 [-0.03244118]
759 [-0.02038575]
760 [-0.01448128]
761 [0.00349051]
762 [0.01955896]
763 [0.02222114]
764 [0.01725253]
765 [0.01290297]
766 [0.00185295]
767 [0.00198332]
768 [-0.00308971]
769 [-0.00293543]
770 [-0.00307255]
771 [-0.00348513]
772 [-0.00392848]
773 [-0.00656052]
774 [-0.01214392]
775 [-0.01146661]
776 [-0.00905683]
777 [-0.00952317]
778 [-0.00275791]
779 [0.00500627]
780 [0.00477467]
781 [0.00285593]
782 [0.00646403]
783 [0.00395211]
784 [-0.00011397]
785 [0.00620153]
786 [-0.00502549]
787 [-0.00237958]
788 [0.00363245]
789 [-0.02024732]
790 [-0.06242224]
791 [-0.0629897]
792 [-0.05857785]
793 [-0.07301445]
794 [-0.06634177]
795 [-0.0624689]
796 [-0.0823153]
797 [-0.0644941]
798 [-0.0739242]
799 [-0.06313224]
800 [-0.0618314]
801 [-0.06106647]
802 [-0.07294992]
803 [-0.07048851]
804 [-0.06709911]
805 [-0.04288912]
806 [0.00449015]
807 [0.00724525]
808 [0.00823374]
809 [-7.5170305e-05]
810 [-0.01375901]
811 [-0.02042442]
812 [-0.04439792]
813 [-0.05817649]
814 [-0.05108019]
815 [-0.0453213]
816 [-0.04892823]
817 [-0.02658253]
818 [-0.02746523]
819 [-0.00818269]
820 [0.00098983]
821 [-0.00548258]
822 [0.01644709]
823 [0.01411983]
824 [0.01169841]
825 [0.02742702]
826 [0.04009625]
827 [0.0521524]
828 [0.05453044]
829 [0.0433658]
830 [0.02613582]
831 [0.00483173]
832 [-0.00392622]
833 [-0.01215682]
834 [-0.01048865]
835 [-0.01335499]
836 [-0.01208383]
837 [-0.00372582]
838 [-0.00783329]
839 [0.00092642]
840 [-0.00269861]
841 [-0.00023985]
842 [0.00525813]
843 [0.00629066]
844 [0.00428173]
845 [0.01028004]
846 [0.00224056]
847 [0.00024217]
848 [-0.01428462]
849 [-0.02544071]
850 [-0.04051481]
851 [-0.04721971]
852 [-0.04081263]
853 [-0.02158421]
854 [0.00136833]
855 [0.00117225]
856 [0.00741135]
857 [0.00508964]
858 [0.00073861]
859 [-0.00780531]
860 [-0.00619176]
861 [-0.01038143]
862 [-0.01247692]
863 [-0.00899614]
864 [-0.00188904]
865 [-0.00590808]
866 [-0.01317838]
867 [-0.0122184]
868 [-0.01384959]
869 [-0.01528349]
870 [-0.01561692]
871 [-0.00671942]
872 [-0.00135237]
873 [0.00145571]
874 [-0.00041967]
875 [-0.00193789]
876 [-0.0007392]
877 [0.0135462]
878 [0.02744514]
879 [0.02269577]
880 [0.02540462]
881 [0.02252076]
882 [0.01792726]
883 [0.00898225]
884 [-0.00750916]
885 [-0.00352834]
886 [0.01338492]
887 [0.0343538]
888 [0.03742964]
889 [0.046863]
890 [0.04925231]
891 [0.04993331]
892 [0.03240256]
893 [0.00794639]
894 [-0.00862462]
895 [-0.01578812]
896 [-0.01771247]
897 [-0.01683049]
898 [-0.01577457]
899 [-0.01025145]
900 [-0.00701157]
901 [-0.00793062]
902 [0.00434791]
903 [0.0036982]
904 [0.01001215]
905 [0.01259628]
906 [0.01368159]
907 [0.00793913]
908 [0.0063186]
909 [0.00430485]
910 [-0.00111291]
911 [0.00110303]
912 [0.00501125]
913 [0.00883221]
914 [0.01388241]
915 [0.01416626]
916 [0.02114621]
917 [0.01729686]
918 [0.01039333]
919 [0.00162515]
920 [-0.00151918]
921 [-0.0045098]
922 [-0.0047482]
923 [-0.00302844]
924 [-0.00866566]
925 [-0.01084808]
926 [0.06606046]
927 [0.09576597]
928 [0.0368595]
929 [0.02811358]
930 [0.07478219]
931 [0.11745318]
932 [0.10607187]
933 [0.16311999]
934 [0.11359396]
935 [0.11850042]
936 [0.0620756]
937 [0.04520618]
938 [0.03815202]
939 [0.01522875]
940 [-0.00507075]
941 [-0.00721054]
942 [-0.00660558]
943 [-0.00963329]
944 [-0.00078116]
945 [0.01436771]
946 [0.01707136]
947 [0.02721934]
948 [0.02896135]
949 [0.02730919]
950 [0.02819344]
951 [0.02731411]
952 [0.01656948]
953 [0.00435214]
954 [0.00172631]
955 [-0.00861002]
956 [-0.01139144]
957 [-0.01941092]
958 [-0.00825942]
959 [0.00324638]
960 [0.04384071]
961 [0.05383011]
962 [0.05105246]
963 [0.06426387]
964 [0.04602164]
965 [0.05910823]
966 [0.07904792]
967 [0.09451639]
968 [0.11497195]
969 [0.15390976]
970 [0.15520047]
971 [0.13078232]
972 [0.24135457]
973 [0.20022905]
974 [0.07435503]
975 [0.09232105]
976 [0.04082556]
977 [0.04037204]
978 [0.01271077]
979 [0.01240226]
980 [0.01312404]
981 [0.02680652]
982 [0.04257378]
983 [0.05339868]
984 [0.06378046]
985 [0.09222619]
986 [0.06192367]
987 [0.0700801]
988 [0.03688764]
989 [0.02926756]
990 [0.01573714]
991 [-0.02803625]
992 [-0.03850474]
993 [-0.0462632]
994 [-0.05478189]
995 [-0.06830352]
996 [-0.06521236]
997 [-0.04508703]
998 [-0.04122687]
999 [0.00625294]
1000 [0.02520053]
1001 [0.03418984]
1002 [0.03206484]
1003 [0.04775133]
1004 [0.06078251]
1005 [0.08135207]
1006 [0.08155906]
1007 [0.08404572]
1008 [0.08594114]
1009 [0.08925518]
1010 [0.131329]
1011 [0.15074949]
1012 [0.14709805]
1013 [0.1979518]
1014 [0.19614668]
1015 [0.17598324]
1016 [0.15920624]
1017 [0.15033445]
1018 [0.08720989]
1019 [0.03092716]
1020 [-0.01431937]
1021 [-0.04523909]
1022 [-0.00151646]
1023 [-0.01099442]
1024 [-0.01604819]
1025 [0.00184955]
1026 [0.05727047]
1027 [0.06199653]
1028 [0.06871104]
1029 [0.04500354]
1030 [0.04662509]
1031 [0.02972256]
1032 [-0.02559657]
1033 [-0.11358838]
1034 [-0.13402085]
1035 [-0.14251031]
1036 [-0.10843512]
1037 [-0.07336904]
1038 [-0.04852616]
1039 [-0.02410711]
1040 [-0.00062701]
1041 [0.00035013]
1042 [-0.0093723]
1043 [-0.01921418]
1044 [-0.04401729]
1045 [-0.04256536]
1046 [-0.05562602]
1047 [-0.0511991]
1048 [-0.02266814]
1049 [-0.00862073]
1050 [0.00693145]
1051 [0.02919248]
1052 [0.08894317]
1053 [0.12925905]
1054 [0.09846317]
1055 [0.10496396]
1056 [0.09221462]
1057 [0.0886583]
1058 [0.07294463]
1059 [0.05754022]
1060 [0.01917601]
1061 [-0.00346404]
1062 [-0.02760635]
1063 [-0.0526968]
1064 [-0.06669921]
1065 [-0.069763]
1066 [-0.06128877]
1067 [-0.03621121]
1068 [-0.01629213]
1069 [-0.01615603]
1070 [0.00462417]
1071 [0.00311869]
1072 [-0.00232237]
1073 [-0.00928199]
1074 [-0.01163876]
1075 [-0.02035787]
1076 [-0.01374007]
1077 [-0.01010054]
1078 [-0.01650946]
1079 [-0.03294785]
1080 [-0.02626746]
1081 [-0.01824263]
1082 [-0.01517832]
1083 [0.0118857]
1084 [0.03329996]
1085 [0.03613338]
1086 [0.04949299]
1087 [0.03148208]
1088 [0.01525606]
1089 [0.01074372]
1090 [-0.00290218]
1091 [-0.01780294]
1092 [-0.01219496]
1093 [-0.00358525]
1094 [-0.00201305]
1095 [-0.00444142]
1096 [0.00129315]
1097 [0.00195374]
1098 [0.00073316]
1099 [-0.0053914]
1100 [-0.0062299]
1101 [-0.00993302]
1102 [-0.0154567]
1103 [-0.02000322]
1104 [-0.03937342]
1105 [-0.06857604]
1106 [-0.08360663]
1107 [-0.09131615]
1108 [-0.0760325]
1109 [-0.09051065]
1110 [-0.03693533]
1111 [-0.028047]
1112 [-0.00209957]
1113 [-0.00257394]
1114 [-0.0058145]
1115 [0.00072449]
1116 [0.00529717]
1117 [-0.00111474]
1118 [-0.01102406]
1119 [0.00032873]
1120 [0.0116292]
1121 [0.0092195]
1122 [0.00955064]
1123 [0.0124969]
1124 [0.00502985]
1125 [-0.00705943]
1126 [-0.01568693]
1127 [-0.01747695]
1128 [-0.0158939]
1129 [-0.01486964]
1130 [-0.01330522]
1131 [-0.00387322]
1132 [-0.00184613]
1133 [-0.00751902]
1134 [-0.01766191]
1135 [-0.00879504]
1136 [0.02051176]
1137 [0.04987888]
1138 [0.04972084]
1139 [0.07081276]
1140 [0.05607434]
1141 [0.04315905]
1142 [0.0628252]
1143 [5.4507516e-05]
1144 [-0.01205807]
1145 [-0.00850242]
1146 [0.01236735]
1147 [0.0049053]
1148 [-0.00641568]
1149 [-0.00397469]
1150 [-0.01262376]
1151 [-0.02652456]
1152 [-0.03040526]
1153 [-0.02581184]
1154 [-0.01974358]
1155 [-0.01632515]
1156 [-0.02203958]
1157 [-0.01909908]
1158 [-0.02900844]
1159 [-0.03436879]
1160 [-0.04278795]
1161 [-0.03937589]
1162 [-0.04086757]
1163 [-0.05747134]
1164 [-0.06031923]
1165 [-0.07382203]
1166 [-0.06774643]
1167 [-0.05285764]
1168 [-0.0496939]
1169 [-0.01374883]
1170 [0.00985182]
1171 [0.02321156]
1172 [0.03259562]
1173 [0.0152151]
1174 [0.00349936]
1175 [-0.00486366]
1176 [-0.01346497]
1177 [-0.00543459]
1178 [-0.00688312]
1179 [-0.00127447]
1180 [0.00237597]
1181 [0.00111603]
1182 [-0.00028637]
1183 [-0.01261247]
1184 [-0.01561166]
1185 [-0.01835698]
1186 [-0.01922558]
1187 [-0.01752138]
1188 [-0.02080826]
1189 [-0.02046688]
1190 [-0.01517963]
1191 [0.00133162]
1192 [0.01288001]
1193 [0.00930384]
1194 [0.01724967]
1195 [0.01607884]
1196 [0.00979369]
1197 [0.00977937]
1198 [-0.00053398]
1199 [-0.00343975]
1200 [-0.00160412]
1201 [0.00284133]
1202 [0.00285879]
1203 [0.0044]
1204 [-0.00735661]
1205 [-0.00311097]
1206 [-0.00696133]
1207 [0.00415272]
1208 [0.00545814]
1209 [0.03400031]
1210 [0.03529439]
1211 [0.04272719]
1212 [0.04308946]
1213 [0.0341187]
1214 [0.03403983]
1215 [0.02580028]
1216 [0.02650808]
1217 [0.04091959]
1218 [0.04331895]
1219 [0.06190083]
1220 [0.05089578]
1221 [0.05229895]
1222 [0.01890249]
1223 [0.00407078]
1224 [-0.01591952]
1225 [-0.01753804]
1226 [-0.01828739]
1227 [-0.013532]
1228 [-0.01312209]
1229 [-0.00851474]
1230 [0.03652348]
1231 [0.0556192]
1232 [0.05383282]
1233 [0.06015373]
1234 [0.04425303]
1235 [0.05413705]
1236 [0.02053517]
1237 [-0.00051882]
1238 [-0.00175426]
1239 [0.0054722]
1240 [0.02216202]
1241 [0.03781581]
1242 [0.04592831]
1243 [0.04969556]
1244 [0.05024314]
1245 [0.04620375]
1246 [0.04471496]
1247 [0.02645765]
1248 [0.01954619]
1249 [0.00862088]
1250 [-0.01018318]
1251 [-0.01509632]
1252 [-0.03197031]
1253 [-0.03732761]
1254 [-0.03922388]
1255 [-0.02588242]
1256 [-0.01276336]
1257 [-0.01032891]
1258 [-0.02835109]
1259 [-0.02347868]
1260 [-0.04798949]
1261 [-0.06010275]
1262 [-0.07316886]
1263 [-0.06639039]
1264 [-0.03423489]
1265 [-0.02430182]
1266 [-0.02485695]
1267 [0.00174549]
1268 [0.00824257]
1269 [0.01408847]
1270 [-0.00988183]
1271 [-0.00989299]
1272 [-0.0482284]
1273 [-0.08424766]
1274 [-0.16610031]
1275 [-0.16265804]
1276 [-0.19084229]
1277 [-0.16400966]
1278 [-0.14542608]
1279 [-0.12504247]
1280 [-0.13101302]
1281 [0.00797485]
1282 [0.02909279]
1283 [0.04987516]
1284 [0.05158523]
1285 [0.0638644]
1286 [0.04951132]
1287 [0.04724207]
1288 [0.0393898]
1289 [0.03008037]
1290 [0.01462542]
1291 [-0.00837754]
1292 [-0.00873662]
1293 [-0.01853523]
1294 [-0.01745348]
1295 [0.00208749]
1296 [0.01088676]
1297 [0.02892059]
1298 [0.02502863]
1299 [0.02463064]
1300 [0.02293107]
1301 [0.02334029]
1302 [0.0205747]
1303 [0.01812569]
1304 [0.00785067]
1305 [-0.00021252]
1306 [-0.01669303]
1307 [-0.02004932]
1308 [-0.02239172]
1309 [-0.01778336]
1310 [2.0528212e-05]
1311 [0.01035128]
1312 [0.01240035]
1313 [0.01031033]
1314 [0.01166749]
1315 [0.01010026]
1316 [0.01189835]
1317 [0.00957765]
1318 [0.01604758]
1319 [0.02465434]
1320 [0.02862935]
1321 [0.05019061]
1322 [0.05503716]
1323 [0.05031547]
1324 [0.06303153]
1325 [0.06682503]
1326 [0.08395114]
1327 [0.06494523]
1328 [0.05663502]
1329 [0.0472689]
1330 [0.08159226]
1331 [0.07346574]
1332 [0.05185055]
1333 [0.06609359]
1334 [0.00472779]
1335 [-0.03382564]
1336 [-0.04034536]
1337 [-0.0151453]
1338 [-0.02070204]
1339 [-0.00969489]
1340 [0.01942988]
1341 [0.06597655]
1342 [0.06108824]
1343 [0.03343229]
1344 [-0.00518596]
1345 [-0.01715108]
1346 [-0.03461212]
1347 [-0.05270875]
1348 [-0.05699581]
1349 [-0.05641457]
1350 [-0.03320739]
1351 [-0.01256147]
1352 [0.0157287]
1353 [0.0414754]
1354 [0.04629081]
1355 [0.05586797]
1356 [0.05108409]
1357 [0.03775716]
1358 [0.01790485]
1359 [0.01237807]
1360 [0.0078542]
1361 [0.004574]
1362 [0.00288397]
1363 [0.00160307]
1364 [0.00471053]
1365 [-0.00271651]
1366 [-0.01331276]
1367 [-0.01792857]
1368 [-0.02035672]
1369 [-0.02416947]
1370 [-0.02647345]
1371 [-0.01285965]
1372 [-0.00336179]
1373 [-0.00238571]
1374 [-0.00356131]
1375 [-0.0065643]
1376 [0.0029348]
1377 [0.00255886]
1378 [0.0052983]
1379 [-0.00081147]
1380 [-0.00665409]
1381 [-0.00833941]
1382 [-0.01702982]
1383 [-0.02195116]
1384 [-0.01415413]
1385 [-0.00865564]
1386 [-0.00770026]
1387 [-0.00747515]
1388 [0.00196539]
1389 [4.8049027e-05]
1390 [-0.00216866]
1391 [5.4817967e-05]
1392 [0.00421452]
1393 [0.00431927]
1394 [0.00445054]
1395 [0.00357572]
1396 [0.00128219]
1397 [2.289773e-06]
1398 [0.00059681]
1399 [-0.00209181]
1400 [-0.00419415]
1401 [-0.00540724]
1402 [-0.00469481]
1403 [-0.00419718]
1404 [-0.00196029]
1405 [0.00131105]
1406 [0.01691516]
1407 [0.03127454]
1408 [0.04194523]
1409 [0.0631091]
1410 [0.05772816]
1411 [0.05772046]
1412 [0.04418892]
1413 [0.06206448]
1414 [0.06707712]
1415 [0.07082809]
1416 [0.03960477]
1417 [0.05285687]
1418 [0.05104439]
1419 [0.01827682]
1420 [0.01514555]
1421 [0.01612169]
1422 [0.01537474]
1423 [0.01480987]
1424 [0.01997561]
1425 [0.01548343]
1426 [0.01584626]
1427 [0.01487324]
1428 [-0.00195308]
1429 [-0.00310942]
1430 [0.00202287]
1431 [0.01216507]
1432 [0.02025407]
1433 [0.02261793]
1434 [0.01915596]
1435 [0.00732942]
1436 [-0.00249395]
1437 [-0.00970339]
1438 [-0.01588014]
1439 [-0.01867708]
1440 [-0.01899906]
1441 [-0.02021172]
1442 [-0.01473551]
1443 [-0.01614088]
1444 [-0.00809198]
1445 [-0.00608096]
1446 [0.00785156]
1447 [0.00729436]
1448 [0.00368415]
1449 [-0.01563972]
1450 [-0.05049422]
1451 [-0.06708987]
1452 [-0.08658206]
1453 [-0.0674482]
1454 [-0.07879713]
1455 [-0.0463768]
1456 [-0.0282491]
1457 [-0.00855884]
1458 [0.00675006]
1459 [0.01425641]
1460 [0.01480211]
1461 [0.01805726]
1462 [0.02403939]
1463 [0.02805506]
1464 [0.02756008]
1465 [0.02829389]
1466 [0.01515394]
1467 [0.00281945]
1468 [-0.01213828]
1469 [-0.01378559]
1470 [-0.02135356]
1471 [-0.02271948]
1472 [-0.00509559]
1473 [-0.00674887]
1474 [0.00840433]
1475 [0.01254097]
1476 [0.00499087]
1477 [0.00451085]
1478 [0.00091829]
1479 [-0.00270469]
1480 [-0.00558519]
1481 [-0.00621386]
1482 [-0.00468501]
1483 [-0.00494115]
1484 [0.00728673]
1485 [0.01191243]
1486 [0.02162068]
1487 [0.0245093]
1488 [0.0258005]
1489 [0.03060681]
1490 [0.02160218]
1491 [0.02082521]
1492 [0.01501738]
1493 [0.0152422]
1494 [0.00939718]
1495 [0.00665736]
1496 [0.00883205]
1497 [0.02910573]
1498 [0.04762169]
1499 [0.05935969]
1500 [0.06703801]
1501 [0.06067248]
1502 [0.05737269]
1503 [0.05046167]
1504 [0.0317765]
1505 [0.02365626]
1506 [0.02535694]
1507 [0.02534581]
1508 [0.03058949]
1509 [0.02395608]
1510 [0.02486085]
1511 [0.03283469]
1512 [0.05903196]
1513 [0.05752636]
1514 [0.08104996]
1515 [0.06651293]
1516 [0.07015239]
1517 [0.0534992]
1518 [0.04493265]
1519 [0.04402642]
1520 [0.04524849]
1521 [0.04626776]
1522 [0.03651951]
1523 [0.04356869]
1524 [0.05615624]
1525 [0.06985985]
1526 [0.09116722]
1527 [0.09348015]
1528 [0.09897411]
1529 [0.10213448]
1530 [0.08994812]
1531 [0.05495396]
1532 [0.03559829]
1533 [0.01801348]
1534 [-0.00572501]
1535 [0.01184267]
1536 [0.01078312]
1537 [-0.00160745]
1538 [-0.00294855]
1539 [0.00481934]
1540 [0.03741417]
1541 [0.06306854]
1542 [0.06856488]
1543 [0.02702608]
1544 [0.01933286]
1545 [0.00024607]
1546 [-0.02579439]
1547 [-0.03710932]
1548 [-0.03297168]
1549 [-0.03345868]
1550 [-0.02740468]
1551 [0.01556919]
1552 [0.02404078]
1553 [0.05934555]
1554 [0.11322168]
1555 [0.15547723]
1556 [0.17099166]
1557 [0.1657457]
1558 [0.15195449]
1559 [0.1286414]
1560 [0.0680907]
1561 [0.03789416]
1562 [0.06459861]
1563 [0.06531237]
1564 [0.07224904]
1565 [0.09793008]
1566 [0.12030949]
1567 [0.11806574]
1568 [0.13380647]
1569 [0.13701889]
1570 [0.12612668]
1571 [0.1479952]
1572 [0.18080983]
1573 [0.18176752]
1574 [0.20058456]
1575 [0.21503739]
1576 [0.28036574]
1577 [0.23359841]
1578 [0.21999846]
1579 [0.14922175]
1580 [0.04706832]
1581 [-0.02107888]
1582 [-0.06406961]
1583 [-0.06754895]
1584 [-0.03669997]
1585 [-0.03844867]
1586 [-0.01612267]
1587 [0.0183293]
1588 [-0.04593232]
1589 [-0.11777715]
1590 [-0.08533935]
1591 [-0.10441176]
1592 [-0.09802504]
1593 [-0.08911776]
1594 [-0.10193218]
1595 [-0.06596811]
1596 [-0.02467375]
1597 [0.02604785]
1598 [0.03526783]
1599 [0.03706092]
1600 [0.0472881]
1601 [0.08448882]
1602 [0.09875427]
1603 [0.09301265]
1604 [0.1399889]
1605 [0.12563492]
1606 [0.13156025]
1607 [0.18398783]
1608 [0.18847635]
1609 [0.22028314]
1610 [0.19449463]
1611 [0.19664566]
1612 [0.18138969]
1613 [0.14499143]
1614 [0.06148987]
1615 [0.07214932]
1616 [0.06202917]
1617 [0.09302594]
1618 [0.10385025]
1619 [0.1275982]
1620 [0.14793076]
1621 [0.14630777]
1622 [0.1297605]
1623 [0.01033241]
1624 [-0.05949617]
1625 [-0.09038012]
1626 [-0.12481697]
1627 [-0.14253622]
1628 [-0.13268815]
1629 [-0.02824414]
1630 [0.01087226]
1631 [0.02436081]
1632 [0.03303389]
1633 [0.03582244]
1634 [0.01312644]
1635 [0.03538942]
1636 [0.06338841]
1637 [0.06022475]
1638 [0.09060352]
1639 [0.11048755]
1640 [0.10543056]
1641 [0.11601748]
1642 [0.0968089]
1643 [0.0560637]
1644 [-0.00098411]
1645 [-0.00648762]
1646 [0.03607798]
1647 [-0.00237873]
1648 [-0.00439143]
1649 [-0.00931093]
1650 [-0.02428939]
1651 [-0.06568462]
1652 [-0.07907304]
1653 [-0.07447645]
1654 [-0.03710344]
1655 [-0.00826094]
1656 [0.01292181]
1657 [0.04827064]
1658 [0.07247028]
1659 [0.07673054]
1660 [0.05195718]
1661 [0.03486406]
1662 [0.02001001]
1663 [0.01096936]
1664 [0.00040309]
1665 [-0.0059736]
1666 [-0.00303942]
1667 [-0.00104368]
1668 [-0.00251682]
1669 [0.00917548]
1670 [0.00915136]
1671 [0.02489124]
1672 [0.03167104]
1673 [0.04900336]
1674 [0.02635682]
1675 [0.02727892]
1676 [-0.00534499]
1677 [-0.03333608]
1678 [-0.04983985]
1679 [-0.07647806]
1680 [-0.09480429]
1681 [-0.0993729]
1682 [-0.08941825]
1683 [-0.08231498]
1684 [-0.05281432]
1685 [-0.04057353]
1686 [0.00933048]
1687 [0.02443085]
1688 [0.04060636]
1689 [0.0618559]
1690 [0.05859706]
1691 [0.04013524]
1692 [0.00557393]
1693 [0.01473535]
1694 [0.00509058]
1695 [0.00636134]
1696 [0.00639956]
1697 [0.01041515]
1698 [0.01151192]
1699 [0.00918729]
1700 [-0.01987309]
1701 [-0.04657945]
1702 [-0.06137696]
1703 [-0.07583204]
1704 [-0.09372064]
1705 [-0.09325539]
1706 [-0.09489167]
1707 [-0.09173043]
1708 [-0.08781819]
1709 [-0.08720986]
1710 [-0.08942202]
1711 [-0.07328602]
1712 [-0.06649109]
1713 [-0.04354585]
1714 [-0.01551773]
1715 [-0.01042612]
1716 [-0.00655029]
1717 [-0.00875209]
1718 [-0.00672444]
1719 [-0.01056707]
1720 [-0.01772107]
1721 [-0.01238484]
1722 [0.00417173]
1723 [0.01312234]
1724 [0.01537003]
1725 [0.00035762]
1726 [-0.01258104]
1727 [-0.02133474]
1728 [-0.019633]
1729 [-0.01502648]
1730 [-0.00271627]
1731 [0.00867666]
1732 [0.01936798]
1733 [0.03183509]
1734 [0.04813164]
1735 [0.03332078]
1736 [0.01291014]
1737 [0.00955713]
1738 [-0.00509653]
1739 [-0.03039431]
1740 [-0.04736251]
1741 [-0.05318781]
1742 [-0.05060621]
1743 [-0.03896723]
1744 [-0.0290604]
1745 [-0.01959195]
1746 [-0.00885038]
1747 [0.0036946]
1748 [0.01584227]
1749 [0.01520237]
1750 [0.01465642]
1751 [0.00761209]
1752 [0.00517016]
1753 [-0.00156397]
1754 [0.00381604]
1755 [-0.00142279]
1756 [-0.00480789]
1757 [-0.00625974]
1758 [-0.00910616]
1759 [-0.01035502]
1760 [-0.01165032]
1761 [-0.01351395]
1762 [-0.01170784]
1763 [-0.02412742]
1764 [-0.01607145]
1765 [-0.01715818]
1766 [-0.02182582]
1767 [-0.02367823]
1768 [-0.017786]
1769 [-0.01585083]
1770 [-0.00984247]
1771 [-0.00300583]
1772 [-0.00013991]
1773 [0.02163405]
1774 [0.05285308]
1775 [0.05831687]
1776 [0.07808678]
1777 [0.08800955]
1778 [0.1033773]
1779 [0.1004473]
1780 [0.09992691]
1781 [0.08766932]
1782 [0.02983512]
1783 [0.0009467]
1784 [-0.01347047]
1785 [-0.00829859]
1786 [-0.00589774]
1787 [0.0147544]
1788 [0.0485729]
1789 [0.06906868]
1790 [0.08207738]
1791 [0.07676591]
1792 [0.05458409]
1793 [0.0447805]
1794 [0.02778823]
1795 [0.01649675]
1796 [0.01890006]
1797 [0.02025041]
1798 [0.01144215]
1799 [0.00942391]
1800 [0.00567591]
1801 [0.00983329]
1802 [0.03407578]
1803 [0.04420808]
1804 [0.0369986]
1805 [0.0223226]
1806 [0.01914681]
1807 [0.01779915]
1808 [-0.00808217]
1809 [-0.00972924]
1810 [-0.01014226]
1811 [-0.00933942]
1812 [-0.00347274]
1813 [-0.00060099]
1814 [-0.00139188]
1815 [0.02952024]
