36 [0.02030484]
37 [0.01207619]
38 [0.02330565]
39 [0.01956985]
40 [0.01695252]
41 [0.02802497]
42 [0.02665253]
43 [0.02150707]
44 [0.02740892]
45 [0.03405207]
46 [0.02746099]
47 [0.02411461]
48 [0.02486411]
49 [0.02419204]
50 [0.02138649]
51 [0.02124645]
52 [0.0208224]
53 [0.02012736]
54 [0.02118073]
55 [0.02044158]
56 [0.01838661]
57 [0.0154617]
58 [0.01666368]
59 [0.01497043]
60 [0.01158509]
61 [0.01392746]
62 [0.01532411]
63 [0.01227493]
64 [0.01364409]
65 [0.01106336]
66 [0.00868821]
67 [0.00747268]
68 [0.01601184]
69 [0.00795436]
70 [0.00513109]
71 [0.00390119]
72 [0.01311799]
73 [0.00276947]
74 [0.01285651]
75 [0.01419815]
76 [0.01571337]
77 [0.01025645]
78 [0.01106069]
79 [0.01972333]
80 [0.01491469]
81 [0.01368199]
82 [0.01978664]
83 [0.01062043]
84 [0.01173302]
85 [0.01728581]
86 [0.01215348]
87 [0.01493707]
88 [0.01684049]
89 [0.0130395]
90 [0.01476667]
91 [0.01076289]
92 [0.010277]
93 [0.01123889]
94 [0.00908017]
95 [0.01314953]
96 [0.01617875]
97 [0.02022394]
98 [0.02182952]
99 [0.02476155]
100 [0.02154553]
101 [0.02838245]
102 [0.02704988]
103 [0.01782127]
104 [0.02413704]
105 [0.01557482]
106 [0.01274471]
107 [0.03173437]
108 [0.01952615]
109 [0.01603089]
110 [0.02149695]
111 [0.01909274]
112 [0.01977958]
113 [0.0122542]
114 [-0.00319095]
115 [-0.01570022]
116 [-0.0305261]
117 [-0.0600745]
118 [-0.05850594]
119 [-0.06987002]
120 [-0.07994878]
121 [-0.05304091]
122 [-0.05823932]
123 [-0.02240032]
124 [-0.01726265]
125 [0.00440299]
126 [0.03741049]
127 [0.04362758]
128 [0.04336371]
129 [0.04722694]
130 [0.05134419]
131 [0.05796404]
132 [0.0546087]
133 [0.05191922]
134 [0.05042256]
135 [0.04194241]
136 [0.04099597]
137 [0.03930607]
138 [0.02830993]
139 [0.0285508]
140 [0.03361408]
141 [0.03408042]
142 [0.03895604]
143 [0.05212344]
144 [0.03330604]
145 [0.04698483]
146 [0.04683464]
147 [0.03759136]
148 [0.02825764]
149 [0.03066005]
150 [0.01245881]
151 [-0.01292449]
152 [-0.01568411]
153 [0.00234297]
154 [-0.00700378]
155 [0.01140862]
156 [0.00731337]
157 [0.00090047]
158 [0.02363987]
159 [0.01529398]
160 [0.03177609]
161 [0.03367127]
162 [0.0433153]
163 [0.03836178]
164 [0.03753086]
165 [0.0399013]
166 [0.02840642]
167 [0.02025381]
168 [0.02612593]
169 [0.03272407]
170 [0.03500651]
171 [0.02788786]
172 [0.019936]
173 [0.00866875]
174 [-0.02701698]
175 [-0.0290889]
176 [-0.03532945]
177 [-0.05557841]
178 [-0.04675998]
179 [0.00306533]
180 [0.00022286]
181 [0.0269119]
182 [0.03858405]
183 [0.00394908]
184 [-0.00600003]
185 [-0.0337021]
186 [-0.02045053]
187 [-0.03218082]
188 [-0.0175877]
189 [-0.09957425]
190 [-0.04084562]
191 [-0.01348833]
192 [-0.02024523]
193 [-0.01044101]
194 [-0.00053657]
195 [0.01404566]
196 [0.02097018]
197 [0.03860176]
198 [0.02529545]
199 [0.03364966]
200 [0.04005357]
201 [0.04706029]
202 [0.04316872]
203 [0.03906902]
204 [0.04454369]
205 [0.03764164]
206 [0.03536891]
207 [0.04414252]
208 [0.04844578]
209 [0.02322464]
210 [0.02368762]
211 [0.01391792]
212 [0.0060374]
213 [0.00780745]
214 [-0.00890373]
215 [-0.00611117]
216 [0.00648171]
217 [0.01782286]
218 [0.02483272]
219 [0.02853543]
220 [0.03433842]
221 [0.03450232]
222 [0.02358654]
223 [-0.00751053]
224 [0.00343386]
225 [0.02225957]
226 [0.03171516]
227 [0.03828062]
228 [0.04562991]
229 [0.05535268]
230 [0.05923982]
231 [0.06103774]
232 [0.05862267]
233 [0.04945976]
234 [0.05271652]
235 [0.05616688]
236 [0.06296766]
237 [0.06278561]
238 [0.06952906]
239 [0.07263211]
240 [0.05824068]
241 [0.05780948]
242 [0.05168895]
243 [0.03707162]
244 [0.03581578]
245 [0.0320627]
246 [0.08588947]
247 [0.11263733]
248 [0.12113123]
249 [0.13232821]
250 [0.21837221]
251 [0.12167037]
252 [0.12207073]
253 [0.0682888]
254 [0.10269897]
255 [0.06450281]
256 [0.02238813]
257 [0.00029064]
258 [0.01324532]
259 [0.03843662]
260 [0.0585385]
261 [0.08117242]
262 [0.13492487]
263 [0.11337663]
264 [0.10601531]
265 [0.12988017]
266 [0.10605784]
267 [0.08352163]
268 [0.07543625]
269 [0.06481902]
270 [0.07018879]
271 [0.04968069]
272 [0.05008797]
273 [-0.00961159]
274 [-0.00885596]
275 [-0.05899175]
276 [-0.04436807]
277 [-0.0496545]
278 [-0.03106339]
279 [0.04656413]
280 [0.09153713]
281 [0.04923485]
282 [0.02773878]
283 [0.00534032]
284 [-0.01528747]
285 [-0.02488529]
286 [-0.03923538]
287 [-0.03761492]
288 [-0.03459153]
289 [-0.04220904]
290 [0.00310681]
291 [-0.00725667]
292 [-0.00873486]
293 [0.0244532]
294 [0.00986551]
295 [-0.00141321]
296 [0.00499796]
297 [-0.01216406]
298 [-0.02468392]
299 [-0.01061273]
300 [-0.05319188]
301 [-0.01548962]
302 [-0.05431494]
303 [-0.01956641]
304 [-0.05570428]
305 [-0.01923564]
306 [-0.01411269]
307 [0.00467437]
308 [0.02157571]
309 [-0.00365791]
310 [0.02921717]
311 [0.02472529]
312 [-0.02561121]
313 [0.01452275]
314 [-0.01539823]
315 [0.0247008]
316 [0.03026341]
317 [0.00837986]
318 [-0.00392671]
319 [0.01927842]
320 [0.00039212]
321 [0.03661264]
322 [0.01863208]
323 [0.02702943]
324 [0.03597606]
325 [0.11189134]
326 [0.11528408]
327 [0.11879218]
328 [0.11605125]
329 [0.09998496]
330 [0.12525631]
331 [0.12730674]
332 [0.14411883]
333 [0.14790529]
334 [0.16183484]
335 [0.15982303]
336 [0.06458123]
337 [0.06264706]
338 [-0.01108957]
339 [0.00211385]
340 [0.04861957]
341 [0.04191732]
342 [0.02104767]
343 [0.00575793]
344 [0.04014121]
345 [0.02774212]
346 [0.02308622]
347 [0.03250695]
348 [0.05203053]
349 [0.05791726]
350 [0.05824535]
351 [0.06962541]
352 [0.04516235]
353 [0.06252053]
354 [0.02177936]
355 [0.02296296]
356 [0.00650103]
357 [0.00396462]
358 [-0.00745202]
359 [0.00115858]
360 [-0.02291253]
361 [-0.02378102]
362 [-0.04066852]
363 [-0.09389353]
364 [-0.15044267]
365 [-0.09345721]
366 [-0.07616498]
367 [-0.07218175]
368 [-0.02234308]
369 [-0.00860429]
370 [0.04589609]
371 [0.04493397]
372 [0.02677033]
373 [-0.00741629]
374 [-0.0135473]
375 [0.00524954]
376 [0.00770235]
377 [0.02691727]
378 [0.03366787]
379 [0.04249305]
380 [0.05241164]
381 [0.04405596]
382 [0.03703503]
383 [0.03719213]
384 [0.03334778]
385 [0.00522584]
386 [0.02812837]
387 [0.01518914]
388 [0.00399497]
389 [0.04168467]
390 [0.04515025]
391 [0.06186313]
392 [0.07526026]
393 [0.07606237]
394 [0.10840897]
395 [0.09750596]
396 [0.07870369]
397 [0.09670722]
398 [0.08938551]
399 [0.08698521]
400 [0.06093828]
401 [0.0556527]
402 [0.05150563]
403 [0.03413956]
404 [0.02768243]
405 [0.02649793]
406 [0.02209621]
407 [0.00271338]
408 [0.00076084]
409 [0.00890006]
410 [0.02303211]
411 [0.038703]
412 [0.05333673]
413 [0.07098119]
414 [0.1160332]
415 [0.13873017]
416 [0.11863342]
417 [0.08347096]
418 [0.04822854]
419 [0.02553305]
420 [-0.02764132]
421 [-0.0333438]
422 [-0.08703268]
423 [-0.09704582]
424 [-0.09881787]
425 [-0.04488901]
426 [0.04371726]
427 [0.07769346]
428 [0.1142313]
429 [0.12610187]
430 [0.13643752]
431 [0.13402653]
432 [0.12435906]
433 [0.12098782]
434 [0.0957125]
435 [0.06768595]
436 [0.05111232]
437 [0.07286511]
438 [0.07219549]
439 [0.02805672]
440 [0.11202769]
441 [0.13459305]
442 [0.24483675]
443 [0.1438191]
444 [0.09271563]
445 [0.09734156]
446 [0.16097689]
447 [0.30001268]
448 [0.26887897]
449 [0.29102147]
450 [0.30708048]
451 [0.3076739]
452 [0.19516097]
453 [0.15702811]
454 [0.14757496]
455 [0.10055107]
456 [0.19321662]
457 [0.22891337]
458 [0.2062789]
459 [0.16157818]
460 [0.06983373]
461 [0.01782535]
462 [-0.05138357]
463 [-0.06776932]
464 [-0.06483626]
465 [0.08733518]
466 [-0.06102738]
467 [-0.12372878]
468 [-0.11927237]
469 [-0.1017909]
470 [-0.14928383]
471 [-0.0597246]
472 [-0.00301718]
473 [-0.02045107]
474 [-0.01479491]
475 [0.02173676]
476 [0.05532928]
477 [0.13763653]
478 [0.14912209]
479 [0.09560964]
480 [0.02909444]
481 [-0.04030037]
482 [-0.09307318]
483 [-0.07506059]
484 [-0.05497846]
485 [-0.05997622]
486 [-0.0878973]
487 [-0.03948313]
488 [-0.05433999]
489 [-0.06307875]
490 [-0.05074746]
491 [-0.05478529]
492 [-0.04234308]
493 [-0.03055905]
494 [-0.040598]
495 [-0.02570204]
496 [5.2640215e-05]
497 [-0.01496753]
498 [-0.00396335]
499 [-0.01273777]
500 [-0.01833113]
501 [-0.02115717]
502 [-0.03637308]
503 [-0.05566444]
504 [-0.07037787]
505 [-0.09905632]
506 [-0.09325733]
507 [-0.07796595]
508 [-0.09118132]
509 [-0.06710258]
510 [-0.0629762]
511 [-0.05210903]
512 [-0.05462341]
513 [-0.03321449]
514 [-0.04134032]
515 [-0.02171733]
516 [-0.0252279]
517 [-0.00043017]
518 [0.00685198]
519 [0.02611955]
520 [0.04983718]
521 [0.08835451]
522 [0.05345032]
523 [0.03195281]
524 [0.04771978]
525 [0.03485332]
526 [-0.04418579]
527 [-0.06359948]
528 [-0.05956283]
529 [-0.0444684]
530 [-0.02961099]
531 [0.00349873]
532 [0.03796534]
533 [0.06138347]
534 [0.04910245]
535 [0.05873124]
536 [0.04748101]
537 [0.00987969]
538 [-0.01535296]
539 [-0.03485228]
540 [-0.07828067]
541 [-0.08683006]
542 [-0.12865877]
543 [-0.15421388]
544 [-0.07601786]
545 [-0.04393586]
546 [-0.02582149]
547 [-0.03771107]
548 [-0.03233334]
549 [-0.02213726]
550 [-0.04124193]
551 [-0.0059311]
552 [0.02217506]
553 [0.02776222]
554 [0.02629966]
555 [0.0284475]
556 [0.02701273]
557 [0.00560299]
558 [-0.0329687]
559 [-0.06025638]
560 [-0.0486468]
561 [-0.02901915]
562 [-0.07916725]
563 [-0.06560607]
564 [-0.04489006]
565 [-0.04042362]
566 [-0.02632716]
567 [-0.01717565]
568 [-0.01287599]
569 [-0.0032499]
570 [0.00214828]
571 [0.00265474]
572 [0.00202968]
573 [0.01016925]
574 [0.01411152]
575 [0.01849619]
576 [0.03187805]
577 [0.04764088]
578 [0.04400267]
579 [0.02766901]
580 [0.02414779]
581 [0.02319847]
582 [-0.00937704]
583 [0.00139636]
584 [0.03276422]
585 [0.06577584]
586 [0.05250427]
587 [0.04182769]
588 [0.03232747]
589 [0.03021666]
590 [0.03226518]
591 [0.00365271]
592 [-0.02794367]
593 [-0.01353485]
594 [0.01479241]
595 [0.01277585]
596 [0.01793222]
597 [0.01352554]
598 [0.00965001]
599 [0.00815288]
600 [0.01035484]
601 [-0.02699438]
602 [-0.04473089]
603 [-0.06839812]
604 [-0.07257427]
605 [-0.08220593]
606 [-0.07053141]
607 [-0.04528476]
608 [-0.02938853]
609 [-0.0283728]
610 [-0.01829886]
611 [-0.02546366]
612 [-0.00896859]
613 [-0.00817572]
614 [-0.01045195]
615 [-0.01395535]
616 [-0.01437869]
617 [-0.02244277]
618 [-0.03835243]
619 [-0.04312559]
620 [-0.03552721]
621 [-0.02494972]
622 [-0.01927998]
623 [-0.0098467]
624 [0.00560314]
625 [0.01373576]
626 [0.01549088]
627 [0.01254229]
628 [0.00903858]
629 [0.00689146]
630 [0.00356346]
631 [-0.00389442]
632 [-0.00629403]
633 [-0.01703953]
634 [-0.03294172]
635 [-0.03453813]
636 [-0.02208002]
637 [-0.02339177]
638 [-0.03710695]
639 [-0.03335828]
640 [-0.02561286]
641 [0.00117311]
642 [0.00384936]
643 [-0.0050791]
644 [-0.01754227]
645 [-0.01854404]
646 [-0.01214153]
647 [-0.02350704]
648 [-0.02794039]
649 [-0.04203553]
650 [-0.03661865]
651 [-0.0198403]
652 [-0.01100307]
653 [-0.00114509]
654 [0.00677009]
655 [0.01864177]
656 [0.03235648]
657 [-0.00092503]
658 [0.01833327]
659 [0.02954795]
660 [0.00302102]
661 [0.01963305]
662 [-0.01185466]
663 [-0.00936978]
664 [-0.01064877]
665 [-0.01288207]
666 [-0.02716629]
667 [-0.04245953]
668 [-0.02161781]
669 [-0.00310081]
670 [-0.00388486]
671 [0.00170781]
672 [0.0252184]
673 [0.03470337]
674 [0.01410458]
675 [0.02364067]
676 [0.03189561]
677 [0.03913871]
678 [0.05567792]
679 [0.06619964]
680 [0.05614384]
681 [0.0513651]
682 [0.03477951]
683 [0.02030834]
684 [-0.03059946]
685 [-0.02801776]
686 [-0.03559262]
687 [-0.06353662]
688 [-0.04925889]
689 [-0.05711135]
690 [-0.05718556]
691 [-0.06226118]
692 [-0.0803599]
693 [-0.06137342]
694 [-0.06422]
695 [-0.06794346]
696 [-0.05735438]
697 [-0.04375315]
698 [-0.0215359]
699 [-0.01533243]
700 [0.00187572]
701 [0.00957356]
702 [0.02393726]
703 [0.01157468]
704 [0.00700984]
705 [0.00276124]
706 [0.00716071]
707 [0.01308937]
708 [0.01135239]
709 [0.00707136]
710 [0.01082681]
711 [0.01864602]
712 [0.02676421]
713 [0.03547063]
714 [0.02871893]
715 [0.01437661]
716 [0.01339383]
717 [0.02426526]
718 [0.02087615]
719 [0.01095353]
720 [0.00357211]
721 [-0.00285575]
722 [-0.01061909]
723 [-0.01399822]
724 [-0.0248265]
725 [-0.05106555]
726 [-0.05309123]
727 [-0.02565916]
728 [-0.0025574]
729 [0.01037074]
730 [-0.00293293]
731 [0.00445452]
732 [0.01264509]
733 [0.00893559]
734 [0.00235238]
735 [0.00647045]
736 [0.0092201]
737 [0.01611606]
738 [0.01799791]
739 [0.01412911]
740 [0.01225025]
741 [0.00951858]
742 [0.00479502]
743 [-0.0013892]
744 [-0.00400542]
745 [-0.00166828]
746 [-0.00354546]
747 [-0.00647381]
748 [0.00059915]
749 [0.00640786]
750 [-0.01423392]
751 [-0.01176213]
752 [-0.00300805]
753 [-0.0212936]
754 [0.0015519]
755 [-0.00543977]
756 [-0.01355251]
757 [-0.02109126]
758 [-0.02112347]
759 [-0.01443897]
760 [-0.003711]
761 [-0.0058881]
762 [-0.00029805]
763 [-0.00031157]
764 [0.00276107]
765 [0.00133641]
766 [-0.00402914]
767 [-0.00750264]
768 [-0.00273478]
769 [0.00278937]
770 [-0.00191859]
771 [-0.00010264]
772 [-0.00299622]
773 [-0.00520641]
774 [-0.00784981]
775 [-0.00806629]
776 [-0.01063642]
777 [-0.00862658]
778 [-0.00745092]
779 [-0.0032128]
780 [0.00083565]
781 [-0.00324809]
782 [0.00250707]
783 [0.0060688]
784 [0.00877442]
785 [0.00199232]
786 [-0.0041835]
787 [-0.00562241]
788 [0.00345315]
789 [0.00304401]
790 [-0.02942147]
791 [-0.03874435]
792 [-0.05161676]
793 [-0.03655799]
794 [-0.06509948]
795 [-0.03966013]
796 [-0.05028723]
797 [-0.03325053]
798 [-0.03747255]
799 [-0.03639439]
800 [-0.06320851]
801 [-0.07179685]
802 [-0.03523497]
803 [-0.06347526]
804 [-0.02096559]
805 [0.01322787]
806 [0.00560197]
807 [0.0185985]
808 [0.01115256]
809 [5.896762e-05]
810 [-0.0046821]
811 [-0.01541776]
812 [-0.04578564]
813 [-0.04593809]
814 [-0.06103821]
815 [-0.04736396]
816 [-0.03276639]
817 [-0.02636438]
818 [-0.03135186]
819 [-0.02185959]
820 [-0.01524231]
821 [-0.00890817]
822 [-0.00881101]
823 [0.00313681]
824 [0.0094123]
825 [0.01468638]
826 [0.06718301]
827 [0.07790971]
828 [0.06614383]
829 [0.04919792]
830 [0.02675954]
831 [-0.00286394]
832 [-0.01090574]
833 [-0.01673438]
834 [-0.02733708]
835 [-0.02872095]
836 [-0.0292852]
837 [-0.00917097]
838 [-0.00664275]
839 [0.02271439]
840 [0.00879915]
841 [0.02006346]
842 [0.0031834]
843 [0.01347283]
844 [0.02873105]
845 [0.01746003]
846 [0.02112427]
847 [-0.0250118]
848 [-0.01878958]
849 [-0.0378798]
850 [-0.05429471]
851 [-0.06580274]
852 [-0.05077064]
853 [-0.02777351]
854 [-0.00979761]
855 [0.00958233]
856 [0.00487924]
857 [0.00221826]
858 [0.01334111]
859 [-0.00740357]
860 [-0.00954497]
861 [-0.00914958]
862 [-0.01032236]
863 [-0.0145524]
864 [-0.00307425]
865 [-0.00319352]
866 [-0.01229992]
867 [-0.01543311]
868 [-0.01871446]
869 [-0.01811426]
870 [-0.0151125]
871 [-0.01365087]
872 [-0.00728597]
873 [-0.00389099]
874 [0.00112263]
875 [-0.00210472]
876 [0.00140445]
877 [0.01766032]
878 [0.02248192]
879 [0.02007866]
880 [0.02328103]
881 [0.00252731]
882 [0.00093884]
883 [-0.00249656]
884 [-0.00201123]
885 [0.001017]
886 [0.0162046]
887 [0.01358518]
888 [0.03383951]
889 [0.0600617]
890 [0.04953118]
891 [0.03514738]
892 [0.02831903]
893 [0.01064466]
894 [-0.00923338]
895 [-0.02121187]
896 [-0.02149733]
897 [-0.02366466]
898 [-0.01947148]
899 [-0.0152133]
900 [-0.01049959]
901 [0.00010679]
902 [0.00231217]
903 [0.00905158]
904 [0.00687275]
905 [0.01128148]
906 [0.01558658]
907 [0.01333347]
908 [0.01292432]
909 [0.00923615]
910 [0.00281833]
911 [0.00340776]
912 [0.00471876]
913 [0.00832959]
914 [0.01324997]
915 [0.01738184]
916 [0.01861607]
917 [0.01706329]
918 [0.01169332]
919 [0.00365968]
920 [0.0020836]
921 [0.0118163]
922 [-0.00739349]
923 [-0.00227149]
924 [-0.00392923]
925 [0.0037952]
926 [0.0150778]
927 [0.03168878]
928 [0.02977435]
929 [0.05879579]
930 [0.06926093]
931 [0.08870542]
932 [0.06918241]
933 [0.11741078]
934 [0.10686953]
935 [0.10260917]
936 [0.07068767]
937 [0.06143407]
938 [0.03506204]
939 [0.0096969]
940 [0.00186119]
941 [-0.01418048]
942 [-0.00163075]
943 [-0.00881003]
944 [-0.01232553]
945 [0.01476219]
946 [0.01434225]
947 [0.01349769]
948 [0.02931543]
949 [0.0372111]
950 [0.03453062]
951 [0.01949739]
952 [0.01396683]
953 [0.00492076]
954 [-0.0064042]
955 [-0.01215538]
956 [-0.00627768]
957 [-0.01335849]
958 [-0.00757606]
959 [0.00906531]
960 [0.01340379]
961 [0.02448502]
962 [0.0346166]
963 [0.03133878]
964 [0.03854828]
965 [0.0722262]
966 [0.04271375]
967 [0.06152384]
968 [0.09843731]
969 [0.1166146]
970 [0.14004268]
971 [0.16702724]
972 [0.18164913]
973 [0.1658859]
974 [0.07047525]
975 [0.1067776]
976 [0.01514704]
977 [0.00055958]
978 [0.00584569]
979 [0.01042251]
980 [0.00384301]
981 [0.00596493]
982 [0.03496958]
983 [0.04654591]
984 [0.04807568]
985 [0.06804159]
986 [0.06729603]
987 [0.0647173]
988 [0.05401803]
989 [0.02207064]
990 [-0.01919487]
991 [-0.02599617]
992 [-0.04877285]
993 [-0.06159287]
994 [-0.05325316]
995 [-0.07444411]
996 [-0.04735438]
997 [-0.04798937]
998 [-0.00550567]
999 [-0.01029791]
1000 [0.01846442]
1001 [0.03260109]
1002 [0.03940159]
1003 [0.06531759]
1004 [0.05593558]
1005 [0.06968454]
1006 [0.06637088]
1007 [0.07489002]
1008 [0.0690415]
1009 [0.07308316]
1010 [0.08728249]
1011 [0.09529316]
1012 [0.10822951]
1013 [0.14332719]
1014 [0.14292714]
1015 [0.12092973]
1016 [0.11632496]
1017 [0.06798268]
1018 [-0.0045988]
1019 [0.05961312]
1020 [-0.02983482]
1021 [-0.0472264]
1022 [-0.04319352]
1023 [-0.03204947]
1024 [-0.01906995]
1025 [0.00828597]
1026 [0.0745291]
1027 [0.05448047]
1028 [0.06030872]
1029 [0.06040923]
1030 [0.02401367]
1031 [-0.01659883]
1032 [-0.07084799]
1033 [-0.06777623]
1034 [-0.09842259]
1035 [-0.10256028]
1036 [-0.11755057]
1037 [-0.06494284]
1038 [-0.02780331]
1039 [-0.00051009]
1040 [0.01363698]
1041 [0.02797728]
1042 [0.03092043]
1043 [0.03213979]
1044 [-0.04335494]
1045 [-0.07081068]
1046 [-0.03925135]
1047 [-0.0101948]
1048 [-0.00966517]
1049 [-0.0059476]
1050 [0.00651557]
1051 [0.01586738]
1052 [0.04261485]
1053 [0.04823469]
1054 [0.07275653]
1055 [0.09102428]
1056 [0.07524236]
1057 [0.06430373]
1058 [0.05693454]
1059 [0.03440795]
1060 [0.00662831]
1061 [-0.00507459]
1062 [-0.01078163]
1063 [-0.0652562]
1064 [-0.05401488]
1065 [-0.0655917]
1066 [-0.0644055]
1067 [-0.02231857]
1068 [-0.02788991]
1069 [-0.0170398]
1070 [0.00789453]
1071 [0.00259514]
1072 [-0.00122552]
1073 [-0.00650898]
1074 [-0.01072152]
1075 [-0.01544258]
1076 [-0.01917694]
1077 [-0.02065026]
1078 [-0.02411419]
1079 [-0.02525499]
1080 [-0.02658892]
1081 [-0.02973466]
1082 [-0.01945687]
1083 [0.00627721]
1084 [0.0456402]
1085 [0.05959692]
1086 [0.05025542]
1087 [0.04135812]
1088 [0.02844816]
1089 [0.0197587]
1090 [-0.00808769]
1091 [-0.00100126]
1092 [-0.01277025]
1093 [-0.02344684]
1094 [-0.01465791]
1095 [-0.01299673]
1096 [0.02116893]
1097 [0.00662021]
1098 [-0.01756915]
1099 [-0.02434892]
1100 [-0.01767652]
1101 [-0.0140674]
1102 [-0.01558786]
1103 [-0.01683183]
1104 [-0.02286022]
1105 [-0.03330337]
1106 [-0.04738996]
1107 [-0.08006857]
1108 [-0.08303408]
1109 [-0.09101963]
1110 [-0.05168626]
1111 [-0.0263831]
1112 [-0.0034476]
1113 [0.01291398]
1114 [0.00774513]
1115 [-0.01199612]
1116 [-0.01148491]
1117 [-0.00740091]
1118 [-0.00305272]
1119 [0.0033622]
1120 [0.00613507]
1121 [0.01059841]
1122 [0.01031995]
1123 [0.01311853]
1124 [0.0095712]
1125 [0.00181223]
1126 [0.0014876]
1127 [-0.00142613]
1128 [-0.00798075]
1129 [-0.01389113]
1130 [-0.0143143]
1131 [-0.01216256]
1132 [-0.005858]
1133 [-0.00198761]
1134 [-0.00295343]
1135 [-0.00468127]
1136 [-0.00208508]
1137 [0.00640242]
1138 [0.00958399]
1139 [0.09738034]
1140 [0.08031783]
1141 [0.05915216]
1142 [0.06504542]
1143 [0.02290455]
1144 [-0.0060669]
1145 [-0.00914837]
1146 [0.00964826]
1147 [0.00557616]
1148 [-0.00343913]
1149 [-0.00398887]
1150 [-0.01990023]
1151 [-0.02878551]
1152 [-0.03079632]
1153 [-0.03271606]
1154 [-0.02581076]
1155 [-0.02116773]
1156 [-0.02368671]
1157 [-0.01699578]
1158 [-0.01706069]
1159 [-0.02837736]
1160 [-0.03931154]
1161 [-0.0428149]
1162 [-0.0549616]
1163 [-0.04582136]
1164 [-0.07494169]
1165 [-0.0854668]
1166 [-0.0546158]
1167 [-0.06763007]
1168 [-0.06099549]
1169 [-0.0170513]
1170 [0.01331923]
1171 [0.01380719]
1172 [0.01444903]
1173 [0.01658896]
1174 [0.01033355]
1175 [0.00531251]
1176 [-0.00310493]
1177 [-0.00829661]
1178 [-0.00253371]
1179 [0.0048066]
1180 [0.00654939]
1181 [0.00019262]
1182 [-0.00982521]
1183 [-0.008668]
1184 [-0.01151318]
1185 [-0.01572605]
1186 [-0.0102154]
1187 [-0.01269919]
1188 [-0.01747124]
1189 [-0.01585677]
1190 [-0.01411564]
1191 [-0.0012892]
1192 [0.01127569]
1193 [0.02080766]
1194 [0.02610993]
1195 [0.02902401]
1196 [0.01105703]
1197 [0.0003358]
1198 [0.00935903]
1199 [-0.00034748]
1200 [-0.00169427]
1201 [0.00310154]
1202 [0.00497928]
1203 [-0.00029887]
1204 [-0.00165606]
1205 [-0.00646622]
1206 [-0.00213922]
1207 [0.00822923]
1208 [0.02088333]
1209 [0.03995538]
1210 [0.05803232]
1211 [0.06388635]
1212 [0.04583068]
1213 [0.04319185]
1214 [0.0401255]
1215 [0.0354267]
1216 [0.03875784]
1217 [0.03109487]
1218 [0.02276322]
1219 [0.03210137]
1220 [0.04461594]
1221 [0.03676064]
1222 [0.02435433]
1223 [-0.00493266]
1224 [-0.01773359]
1225 [-0.01239784]
1226 [-0.01074531]
1227 [-0.02410734]
1228 [-0.01991747]
1229 [-0.01146524]
1230 [0.01202508]
1231 [0.0255075]
1232 [0.04325568]
1233 [0.07505944]
1234 [0.06709225]
1235 [0.04926724]
1236 [0.03271423]
1237 [0.01251574]
1238 [-0.00414057]
1239 [0.00954688]
1240 [0.02188274]
1241 [0.03012885]
1242 [0.03639055]
1243 [0.0395475]
1244 [0.0487095]
1245 [0.04405856]
1246 [0.04547063]
1247 [0.0302178]
1248 [0.01772836]
1249 [0.00426184]
1250 [-0.0060595]
1251 [-0.01469942]
1252 [-0.01185453]
1253 [-0.017351]
1254 [-0.02172667]
1255 [-0.01856017]
1256 [-0.00268459]
1257 [-0.00269164]
1258 [-0.01440335]
1259 [-0.02949207]
1260 [-0.04934678]
1261 [-0.04555118]
1262 [-0.05557579]
1263 [-0.06520885]
1264 [-0.04676272]
1265 [-0.03071605]
1266 [-0.00657897]
1267 [0.0055997]
1268 [0.01204325]
1269 [0.00328007]
1270 [0.00224326]
1271 [-0.03247232]
1272 [-0.05694928]
1273 [-0.07274027]
1274 [-0.11803553]
1275 [-0.11145555]
1276 [-0.14680927]
1277 [-0.14756693]
1278 [-0.11579663]
1279 [-0.09088603]
1280 [-0.07498489]
1281 [-0.02261056]
1282 [-0.04186985]
1283 [0.02896707]
1284 [0.04138676]
1285 [0.04082284]
1286 [0.05240357]
1287 [0.05085893]
1288 [0.03540455]
1289 [0.02482139]
1290 [0.01708241]
1291 [0.0203373]
1292 [0.00771543]
1293 [-0.01330503]
1294 [-0.0084492]
1295 [0.00222638]
1296 [0.01167308]
1297 [0.02383479]
1298 [0.03530425]
1299 [0.03365894]
1300 [0.03676373]
1301 [0.03528362]
1302 [0.02779652]
1303 [0.0228239]
1304 [0.01583997]
1305 [-0.01324279]
1306 [-0.01374278]
1307 [-0.0333203]
1308 [-0.01569911]
1309 [-0.01172151]
1310 [-0.0116547]
1311 [0.00735473]
1312 [0.02458515]
1313 [0.01981771]
1314 [0.02038282]
1315 [0.01336424]
1316 [0.02382854]
1317 [0.01606924]
1318 [0.0361172]
1319 [0.02869744]
1320 [0.05887473]
1321 [0.05852272]
1322 [0.07662754]
1323 [0.08714266]
1324 [0.09634051]
1325 [0.09486897]
1326 [0.09496654]
1327 [0.08062562]
1328 [0.06981795]
1329 [0.05708718]
1330 [0.0624709]
1331 [0.04116425]
1332 [0.03889889]
1333 [0.03073208]
1334 [-0.0103903]
1335 [-0.00589361]
1336 [-0.01576405]
1337 [-0.03685617]
1338 [-0.00060988]
1339 [0.01804975]
1340 [0.03771374]
1341 [0.04947449]
1342 [0.05181146]
1343 [0.02072348]
1344 [0.00883729]
1345 [0.00766227]
1346 [-0.03364816]
1347 [-0.06496846]
1348 [-0.05263358]
1349 [-0.03823186]
1350 [-0.03573394]
1351 [-0.01775666]
1352 [0.01290344]
1353 [0.02599049]
1354 [0.04314382]
1355 [0.0486646]
1356 [0.04378058]
1357 [0.0141278]
1358 [0.01782092]
1359 [-0.01144484]
1360 [0.00852454]
1361 [-0.00057521]
1362 [-0.02020238]
1363 [-0.00310237]
1364 [0.03204343]
1365 [-0.02333673]
1366 [-0.01450019]
1367 [-0.01448891]
1368 [-0.01522948]
1369 [-0.0194893]
1370 [-0.02124477]
1371 [-0.00460732]
1372 [-0.0030346]
1373 [-0.0029955]
1374 [-0.00512309]
1375 [-0.00623431]
1376 [0.00063808]
1377 [0.00208477]
1378 [-0.00124543]
1379 [-0.00313353]
1380 [-0.00606248]
1381 [-0.00645268]
1382 [-0.01859583]
1383 [-0.02192146]
1384 [-0.01796788]
1385 [-0.01197265]
1386 [-0.01243141]
1387 [-0.01001679]
1388 [-0.01286137]
1389 [-0.00692995]
1390 [0.0043376]
1391 [-0.00160782]
1392 [0.00818098]
1393 [0.00667806]
1394 [0.00700588]
1395 [0.01518125]
1396 [0.00817643]
1397 [0.00348072]
1398 [-0.00435368]
1399 [-0.0045208]
1400 [-0.00539652]
1401 [-0.00524959]
1402 [-0.00452956]
1403 [-0.00431918]
1404 [0.00115061]
1405 [0.00792082]
1406 [0.00473602]
1407 [0.00837587]
1408 [0.01436038]
1409 [0.01313454]
1410 [0.02339593]
1411 [0.03733391]
1412 [0.06060757]
1413 [0.09274211]
1414 [0.08847838]
1415 [0.0877994]
1416 [0.0726428]
1417 [0.0436791]
1418 [0.05046945]
1419 [0.04966372]
1420 [0.02441963]
1421 [0.01425022]
1422 [0.01407165]
1423 [0.0097137]
1424 [0.01158152]
1425 [0.01540862]
1426 [0.01235394]
1427 [0.00883934]
1428 [0.00130245]
1429 [-5.3239055e-05]
1430 [-0.00117629]
1431 [0.00216224]
1432 [0.01244383]
1433 [0.01964113]
1434 [0.01130752]
1435 [0.00950049]
1436 [-0.00125594]
1437 [-0.01375868]
1438 [-0.01432914]
1439 [-0.02715218]
1440 [-0.02790378]
1441 [-0.01182999]
1442 [-0.02348991]
1443 [-0.010217]
1444 [-0.01485759]
1445 [-0.00947963]
1446 [0.01004329]
1447 [0.00039761]
1448 [-0.00580808]
1449 [-0.00915036]
1450 [-0.01724849]
1451 [-0.03576242]
1452 [-0.03232409]
1453 [-0.07526366]
1454 [-0.0567141]
1455 [-0.03844473]
1456 [-0.00983458]
1457 [-0.00218437]
1458 [-0.00097836]
1459 [0.00790364]
1460 [0.01147685]
1461 [0.01308022]
1462 [0.01891179]
1463 [0.02308968]
1464 [0.02201027]
1465 [0.01585426]
1466 [0.01353404]
1467 [0.0103363]
1468 [-0.00575916]
1469 [-0.02026236]
1470 [-0.00946996]
1471 [-0.01128255]
1472 [-0.01176376]
1473 [0.00679156]
1474 [0.00239907]
1475 [0.00818391]
1476 [0.00861539]
1477 [0.00753572]
1478 [0.00259209]
1479 [-0.003619]
1480 [-0.00018467]
1481 [-0.00655485]
1482 [-0.00421581]
1483 [0.00142675]
1484 [0.01055435]
1485 [0.01919589]
1486 [0.01916377]
1487 [0.03222203]
1488 [0.03735261]
1489 [0.04110292]
1490 [0.03500652]
1491 [0.02808515]
1492 [0.0201315]
1493 [0.00753213]
1494 [0.0007124]
1495 [0.01573201]
1496 [0.03342066]
1497 [0.02725374]
1498 [0.05335668]
1499 [0.04947242]
1500 [0.07144848]
1501 [0.06886221]
1502 [0.05664527]
1503 [0.05079367]
1504 [0.03053976]
1505 [0.0626268]
1506 [0.03697649]
1507 [0.01947136]
1508 [0.04234293]
1509 [0.02383384]
1510 [0.02207918]
1511 [0.03440303]
1512 [0.05122235]
1513 [0.06647892]
1514 [0.06785582]
1515 [0.07902923]
1516 [0.06712412]
1517 [0.04896683]
1518 [0.07024135]
1519 [0.0580079]
1520 [0.05177848]
1521 [0.04956204]
1522 [0.03648699]
1523 [0.06353249]
1524 [0.05311549]
1525 [0.05988297]
1526 [0.06755264]
1527 [0.08536762]
1528 [0.08017237]
1529 [0.08894657]
1530 [0.06992701]
1531 [0.06099134]
1532 [0.0364846]
1533 [0.04574197]
1534 [0.0408434]
1535 [0.02399496]
1536 [0.02809995]
1537 [0.01631089]
1538 [0.0288304]
1539 [0.05176399]
1540 [0.06756984]
1541 [0.05291416]
1542 [0.0458108]
1543 [0.05364053]
1544 [0.0443396]
1545 [0.00462932]
1546 [-0.01340079]
1547 [-0.03591778]
1548 [-0.01284852]
1549 [-0.02602363]
1550 [-0.01476027]
1551 [0.01980289]
1552 [0.03570843]
1553 [0.03625112]
1554 [0.09949714]
1555 [0.12138538]
1556 [0.13390392]
1557 [0.1337192]
1558 [0.09322892]
1559 [0.09181447]
1560 [0.06341311]
1561 [0.00542453]
1562 [0.04964937]
1563 [0.04486523]
1564 [0.05670928]
1565 [0.08015706]
1566 [0.09714306]
1567 [0.13265173]
1568 [0.12001783]
1569 [0.12349701]
1570 [0.1178236]
1571 [0.13388585]
1572 [0.14474702]
1573 [0.16331813]
1574 [0.15001738]
1575 [0.19347149]
1576 [0.21604393]
1577 [0.2315534]
1578 [0.19201043]
1579 [0.16178666]
1580 [-0.00218519]
1581 [-0.02147378]
1582 [0.00362358]
1583 [-0.07453981]
1584 [-0.06976327]
1585 [-0.04166674]
1586 [-0.01051073]
1587 [0.00181486]
1588 [-0.02013871]
1589 [-0.05842614]
1590 [-0.05127248]
1591 [-0.09030322]
1592 [-0.08196682]
1593 [-0.08942583]
1594 [-0.07735218]
1595 [-0.04526468]
1596 [-0.02292255]
1597 [0.0037133]
1598 [0.02322485]
1599 [0.02457129]
1600 [0.02201937]
1601 [0.03940827]
1602 [0.06475502]
1603 [0.06783866]
1604 [0.0581558]
1605 [0.09408063]
1606 [0.10167241]
1607 [0.10789812]
1608 [0.11609572]
1609 [0.1194405]
1610 [0.10501057]
1611 [0.0928641]
1612 [0.08375816]
1613 [0.06359099]
1614 [0.06532971]
1615 [0.06238319]
1616 [0.05251544]
1617 [0.05484445]
1618 [0.09098988]
1619 [0.10867123]
1620 [0.08000353]
1621 [0.08271252]
1622 [0.04069842]
1623 [-0.00970185]
1624 [-0.09839814]
1625 [-0.09933909]
1626 [-0.16455421]
1627 [-0.16198587]
1628 [-0.07762226]
1629 [-0.00426315]
1630 [-0.04231863]
1631 [-0.03033511]
1632 [0.03970594]
1633 [0.02887748]
1634 [0.04885522]
1635 [0.03891531]
1636 [0.0404953]
1637 [0.07866693]
1638 [0.08374659]
1639 [0.08518633]
1640 [0.08550499]
1641 [0.07448164]
1642 [0.05385644]
1643 [0.04405094]
1644 [0.04071138]
1645 [0.03399499]
1646 [0.03066186]
1647 [0.02677679]
1648 [0.0133639]
1649 [-0.00345286]
1650 [-0.02722032]
1651 [-0.03104302]
1652 [-0.03375481]
1653 [-0.03451736]
1654 [-0.02744982]
1655 [0.00108912]
1656 [0.00877443]
1657 [0.05442198]
1658 [0.05582989]
1659 [0.05243343]
1660 [0.05876154]
1661 [0.04332359]
1662 [0.04928054]
1663 [0.01198728]
1664 [-0.01392051]
1665 [-0.00240456]
1666 [-0.00591418]
1667 [-0.00745502]
1668 [-0.00689956]
1669 [0.00358638]
1670 [0.01903471]
1671 [0.03549025]
1672 [0.04362902]
1673 [0.03316995]
1674 [0.0193406]
1675 [0.01339371]
1676 [0.00158841]
1677 [-0.03607829]
1678 [-0.07533818]
1679 [-0.0583444]
1680 [-0.07958172]
1681 [-0.06352205]
1682 [-0.07860583]
1683 [-0.0673918]
1684 [-0.03626965]
1685 [-0.01791355]
1686 [-0.00258413]
1687 [0.02086982]
1688 [0.03813614]
1689 [0.04440589]
1690 [0.04792508]
1691 [0.02506643]
1692 [0.01465932]
1693 [0.00517685]
1694 [-0.00871745]
1695 [0.0028741]
1696 [0.01299289]
1697 [0.01019703]
1698 [0.02313045]
1699 [0.0161675]
1700 [0.00748987]
1701 [-0.00092548]
1702 [-0.01363196]
1703 [-0.04880958]
1704 [-0.095911]
1705 [-0.07873908]
1706 [-0.07355745]
1707 [-0.08115146]
1708 [-0.0707205]
1709 [-0.08516477]
1710 [-0.06660841]
1711 [-0.08091497]
1712 [-0.06378769]
1713 [-0.03458008]
1714 [-0.00041245]
1715 [0.01529455]
1716 [-0.00875675]
1717 [-0.00741998]
1718 [-0.00485373]
1719 [-0.01280868]
1720 [-0.02053557]
1721 [-0.00897222]
1722 [-0.00677441]
1723 [0.01154344]
1724 [0.00679205]
1725 [0.00031646]
1726 [-0.01273291]
1727 [-0.02557834]
1728 [-0.01937785]
1729 [-0.0146951]
1730 [0.01291189]
1731 [0.01095992]
1732 [0.01736423]
1733 [0.02517844]
1734 [0.03020747]
1735 [0.03292646]
1736 [0.02383229]
1737 [0.02182894]
1738 [-0.00383601]
1739 [-0.03085171]
1740 [-0.07656945]
1741 [-0.06260484]
1742 [-0.06744455]
1743 [-0.07824858]
1744 [-0.03819996]
1745 [-0.03936618]
1746 [-0.02997101]
1747 [-0.0443341]
1748 [-0.01489527]
1749 [0.00275484]
1750 [0.01486856]
1751 [0.02936385]
1752 [0.01684107]
1753 [-0.00171571]
1754 [-0.00210629]
1755 [-0.01192811]
1756 [-0.01051275]
1757 [0.0006214]
1758 [-0.00545494]
1759 [-0.00906882]
1760 [-0.01706254]
1761 [-0.00811414]
1762 [-0.00462871]
1763 [-0.00778225]
1764 [-0.00989656]
1765 [-0.01854668]
1766 [-0.03368843]
1767 [-0.02473801]
1768 [-0.01096996]
1769 [-0.01710913]
1770 [-0.01268131]
1771 [-0.01338203]
1772 [-0.01711555]
1773 [-0.01494648]
1774 [0.00994507]
1775 [0.05482381]
1776 [0.07305151]
1777 [0.08453987]
1778 [0.10157975]
1779 [0.1304314]
1780 [0.09914257]
1781 [0.06431486]
1782 [0.03990296]
1783 [0.03098033]
1784 [-0.00809319]
1785 [-0.00046327]
1786 [0.00366437]
1787 [0.01733248]
1788 [0.04431665]
1789 [0.08872662]
1790 [0.10549625]
1791 [0.08086295]
1792 [0.06728798]
1793 [0.05872095]
1794 [0.05078264]
1795 [0.06775349]
1796 [0.00909838]
1797 [0.00492745]
1798 [-0.00036168]
1799 [-0.00034205]
1800 [0.00567848]
1801 [0.02997521]
1802 [0.0432217]
1803 [0.04470677]
1804 [0.06931158]
1805 [0.03731137]
1806 [0.01935913]
1807 [0.00181768]
1808 [-0.01371063]
1809 [-0.01546021]
1810 [-0.00438883]
1811 [-0.00791211]
1812 [0.00468541]
1813 [0.0120874]
1814 [0.01764996]
1815 [0.00254514]
1816 [0.03278503]
1817 [0.03922373]
1818 [0.02755277]
1819 [-0.00959991]
