980.32 477.33 0.0
980.7 477.7 0.0
976.69 473.7 0.0
952.56 862.66 0.0
950.81 860.91 0.0
955.93 866.03 0.0
961.38 871.49 0.0
962.39 872.49 0.0
993.32 903.42 0.0
1006.26 916.37 0.0
1008.05 918.16 0.0
983.63 893.74 0.0
995.24 905.35 0.0
993.33 903.44 0.0
999.04 909.15 0.0
993.92 904.02 0.0
991.7 901.8 0.0
989.29 899.39 0.0
982.29 892.39 0.0
981.49 891.59 0.0
988.11 898.21 0.0
1000.34 910.45 0.0
999.56 909.66 0.0
1036.8 946.9 0.0
1026.87 936.98 0.0
1025.2 935.31 0.0
1014.98 925.08 0.0
1017.42 927.52 0.0
1020.33 930.43 0.0
1033.48 943.58 0.0
1033.85 943.95 0.0
1032.69 942.8 0.0
1042.4 952.51 0.0
1042.4 952.51 0.0
1043.62 953.72 0.0
1039.82 949.92 0.0
1042.1 952.2 0.0
1041.03 951.13 0.0
1056.75 966.85 0.0
1056.38 966.48 0.0
1056.71 966.81 0.0
1062.13 972.23 0.0
1100.28 1010.38 0.0
1113.47 1023.57 0.0
1194.79 1104.9 0.0
1182.9 1093.01 0.0
1184.11 1094.22 0.0
1189.91 1100.02 0.0
1230.42 1140.52 0.0
1230.38 1140.48 0.0
1270.88 1180.99 0.0
1257.12 1167.22 0.0
1264.43 1174.54 0.0
1312.98 1223.08 0.0
1335.35 1245.46 0.0
1332.23 1242.33 0.0
1471.17 1381.27 0.0
1309.24 0.0 0.0
1309.24 0.0 0.0
1309.24 0.0 0.0
1309.24 0.0 0.0
1309.24 0.0 0.0
1309.24 0.0 0.0
1309.24 0.0 0.0
1309.24 0.0 0.0
1309.24 0.0 0.0
1295.27 338.75 0.0
1282.43 667.29 0.0
1281.16 923.23 0.0
1356.82 1147.17 0.0
1357.53 1218.35 0.0
1343.02 1203.83 0.0
1339.78 1208.41 0.0
1342.51 1211.14 0.0
1373.56 1242.19 0.0
1378.26 1246.88 0.0
1375.41 1244.04 0.0
1339.0 1207.63 0.0
1369.98 1238.61 0.0
1368.76 1237.38 0.0
1375.88 1244.5 0.0
1369.95 1238.58 0.0
1360.34 1014.04 224.2
1419.99 1108.56 276.96
1434.47 1133.37 292.36
1443.1 1140.4 296.8
1475.74 1175.98 295.16
1496.61 1196.84 295.16
1500.13 1201.42 295.16
1491.22 1190.56 297.97
1522.59 1220.9 299.0
1528.46 1224.07 301.7
1437.96 1134.85 300.41
1462.63 1161.59 298.35
1460.87 1159.83 298.35
1464.33 1164.55 298.35
1462.01 1163.71 296.88
1465.62 1165.24 298.94
1477.01 1178.55 297.4
1507.55 1205.31 302.03
1507.88 1205.34 302.37
1532.84 1230.33 302.37
1528.35 1225.87 302.37
1524.99 1223.68 301.24
1608.9 1308.62 300.24
1608.93 1311.77 295.59
1619.48 1321.2 298.28
1673.3 1373.65 299.66
1644.93 1345.28 299.66
1644.66 1345.01 299.66
1692.72 1392.3 300.5
1688.49 1391.34 300.12
1688.68 1397.05 296.49
1768.51 1477.43 295.94
1795.93 1507.61 293.17
1798.11 1509.79 293.17
1779.26 1490.95 293.17
1785.33 1495.95 294.23
1786.95 1501.0 290.81
1641.93 1357.75 289.03
1682.44 1398.9 288.4
1681.07 1398.45 287.47
1665.9 1383.29 287.47
1722.6 1439.99 287.47
1723.19 1435.4 287.84
1743.97 1456.08 287.93
1756.65 1470.14 286.54
1763.42 1469.68 296.77
1569.6 0.0 296.83
1569.6 0.0 296.83
1569.6 0.0 296.83
1570.27 0.0 297.5
1572.49 0.0 299.72
1574.29 0.0 301.52
1573.92 0.0 301.15
1573.92 0.0 301.15
1573.92 0.0 301.15
1564.06 239.17 301.15
1541.11 1362.17 303.58
1546.05 1367.18 303.5
1543.95 1366.57 302.02
1539.89 1363.06 301.46
1534.78 1358.91 300.51
1603.32 1427.45 300.51
1619.39 1443.52 300.51
1594.79 1418.33 301.09
1678.21 1499.24 303.6
1664.16 1488.05 300.74
1666.37 1488.64 302.36
1744.49 1563.4 305.72
1732.27 1551.18 305.72
1736.05 1554.97 305.72
1763.24 1586.11 301.76
1788.71 1610.89 302.45
1783.99 1601.01 307.62
1735.07 1549.7 310.0
1741.94 1556.58 310.0
1721.16 1566.53 310.0
1743.33 1588.71 310.0
1768.37 1613.75 310.0
1728.11 1590.9 308.74
1783.5 1646.26 308.77
1816.35 1678.37 309.5
1809.45 1671.54 309.44
1842.81 1704.9 309.44
1838.32 1700.41 309.44
1812.14 1677.23 306.44
1863.89 1729.37 306.05
1902.59 1769.51 304.61
1874.32 1741.0 304.84
1933.69 1799.49 305.72
1938.67 1804.47 305.72
1936.0 1801.8 305.72
2049.77 1915.57 305.72
2094.29 1962.75 303.07
2086.93 1956.64 301.82
2163.76 2038.74 296.55
2197.52 2072.59 296.45
2177.8 2052.88 296.45
2200.94 2076.01 296.45
2342.95 2217.6 296.88
2354.85 2231.77 294.61
2506.57 2382.87 295.22
2585.15 2461.41 295.27
2597.94 2472.24 297.23
2520.78 2395.08 297.23
2526.72 2401.02 297.23
2532.2 2406.0 297.72
2477.04 2350.63 297.94
2575.17 2443.15 303.54
2543.03 2411.38 303.18
2782.07 2651.36 302.24
2905.6 2774.89 302.24
2846.03 2715.32 302.24
2958.28 2825.92 303.89
3224.96 3092.27 304.21
3180.68 3049.84 302.37
3358.66 3226.76 303.43
3123.76 2989.9 305.39
3215.46 3081.6 305.39
3098.08 2964.22 305.39
3210.21 3076.35 305.39
3228.68 3095.39 304.82
3224.0 3089.87 305.66
3376.84 3243.03 305.34
3393.72 3257.47 307.78
3550.29 3414.04 307.78
3537.33 3401.08 307.78
3556.59 3419.13 308.98
4038.06 3897.34 312.25
3742.26 3602.14 311.65
3762.42 3626.62 307.33
3956.1 3821.88 305.75
3980.28 3846.05 305.75
4052.26 3918.04 305.75
3726.53 3592.35 305.71
3847.81 3714.69 304.65
3794.05 3657.67 307.91
3432.79 0.0 302.85
3433.0 0.0 303.06
3433.0 0.0 303.06
3310.65 2967.35 303.06
3438.86 3097.31 301.31
3417.06 3076.95 299.87
3501.21 3161.02 299.94
3569.77 3227.58 301.95
3554.62 3211.24 303.13
3407.5 3064.12 303.13
3316.61 2973.24 303.13
3301.85 2961.0 300.61
3321.68 2979.79 301.64
3401.12 3059.61 301.27
3368.02 3027.6 300.18
3272.27 2932.14 299.88
3300.14 2960.01 299.88
3205.54 2865.42 299.88
3368.05 3031.06 296.74
3412.29 3076.63 295.42
3410.46 3075.63 294.58
3424.68 3088.74 295.69
3281.89 2948.19 293.46
3295.69 2961.99 293.46
3335.19 3001.49 293.46
3133.02 0.0 292.56
3132.82 0.0 292.35
3134.69 0.0 294.22
3134.71 0.0 294.24
3137.46 0.0 297.0
3137.46 0.0 297.0
3120.87 402.37 297.0
3095.0 945.53 297.91
3279.26 1628.07 299.52
3226.89 1925.48 299.86
3216.47 2167.62 299.02
3613.25 2678.43 301.4
3736.97 2840.59 301.4
3755.08 2858.7 301.4
3682.22 2784.15 303.09
3488.87 2591.08 302.81
3489.33 2627.53 301.29
3576.25 2751.54 304.43
3714.08 2948.04 305.35
3713.93 3036.45 305.35
3668.6 3066.27 305.35
3800.95 3269.09 305.99
3796.03 3306.73 306.81
3597.98 3164.95 306.48
3715.68 3283.01 306.12
3707.02 3309.94 303.61
4214.92 3817.84 303.61
4255.79 3858.71 303.61
4204.78 3828.49 303.68
4500.47 4123.27 304.6
4382.83 4017.55 306.83
4365.65 3997.15 310.06
4715.76 4346.84 310.47
4979.37 4610.46 310.47
4998.18 4629.27 310.47
5493.24 5125.24 309.55
5411.41 5046.31 306.65
5367.66 5001.96 307.24
5548.66 5179.97 310.24
5313.95 4942.69 312.81
5283.16 4911.9 312.81
5346.88 4975.62 312.81
5209.48 4838.92 312.11
5138.64 4770.18 310.01
5365.0 4995.96 310.6
5563.46 5193.84 311.17
5551.43 5183.61 354.79
5585.83 5218.01 354.79
5578.4 5210.58 354.79
5560.15 5192.33 354.79
5890.95 5514.15 374.75
5872.48 5498.59 373.54
5858.48 5483.67 374.78
6254.92 5877.64 377.28
5858.4 5481.12 377.28
5864.6 5487.32 377.28
5579.28 0.0 380.91
5579.98 0.0 381.61
5580.63 0.0 382.27
5582.25 0.0 383.88
5583.03 0.0 384.67
5583.03 0.0 384.67
5583.03 0.0 384.67
5579.59 0.0 381.22
5577.39 0.0 379.02
5577.69 0.0 379.32
5576.83 0.0 378.47
5576.35 0.0 377.98
5576.35 0.0 377.98
5576.35 0.0 377.98
5573.28 0.0 374.91
5572.56 0.0 374.19
5573.05 0.0 374.68
5567.56 0.0 369.19
5568.33 0.0 369.97
5568.33 0.0 369.97
5568.33 0.0 369.97
5567.9 0.0 369.54
5569.83 0.0 371.47
5564.83 0.0 366.47
5565.06 0.0 366.69
5564.99 0.0 366.62
5564.99 0.0 366.62
5564.99 0.0 366.62
5562.3 0.0 363.94
5561.6 0.0 363.24
5378.63 4458.41 364.09
5488.57 4822.92 364.17
5460.65 4843.02 360.54
5524.98 4914.31 360.54
5778.87 5168.2 360.54
5782.95 5199.84 533.33
5986.48 5370.33 595.09
6026.98 5412.11 608.54
6030.39 5417.08 609.01
6867.93 6250.21 613.42
7065.23 6447.51 613.42
7162.46 6544.74 613.42
7035.26 6415.8 615.17
6905.75 6295.04 606.41
6893.44 6284.87 604.27
7045.74 6434.25 607.19
7326.18 6717.14 604.74
7334.02 6724.99 604.74
7330.36 6721.33 604.74
7207.07 6601.01 601.76
7235.34 6628.54 602.5
6975.19 6369.08 601.81
7225.69 6620.17 601.22
7218.52 6616.45 597.78
7091.15 6496.38 597.78
7517.07 6922.3 597.78
7498.39 6901.0 600.4
7781.08 7184.56 599.52
8095.47 7495.69 602.78
8193.96 7593.17 603.79
8689.56 8094.44 598.13
8959.27 8364.14 598.13
8878.8 8283.67 598.13
8456.67 7859.79 599.88
8574.78 7975.69 602.09
8619.81 8016.75 606.06
8653.24 8049.81 606.44
8159.72 7556.52 606.2
7990.83 0.0 606.2
7706.04 6906.96 606.2
8710.67 7914.58 603.2
8640.7 7846.2 601.62
9620.35 8822.25 605.21
10239.89 9442.83 604.17
10306.87 9507.77 606.22
10244.49 9445.38 606.22
10474.69 9675.58 606.22
10526.39 9726.41 607.1
10537.2 9738.59 605.73
10790.53 9990.2 607.45
10754.3 9952.36 609.06
10771.6 9969.59 609.13
11323.09 10521.08 609.13
11397.28 10595.27 609.13
12546.62 11742.53 611.2
12828.18 12025.53 609.76
12783.91 11985.04 605.99
13058.13 12260.98 604.27
13945.87 13150.94 602.05
13940.99 13146.06 602.05
14488.04 13693.11 602.05
14791.81 13997.85 601.08
14796.16 14005.57 597.7
17150.81 16361.45 596.48
20724.44 19939.19 592.37
21156.06 20372.86 590.32
19080.16 18296.96 590.32
18750.26 0.0 590.32
18748.61 0.0 588.67
18745.66 0.0 585.72
18746.48 0.0 586.54
18750.42 0.0 590.48
18752.12 0.0 592.18
18752.12 0.0 592.18
18752.12 0.0 592.18
18754.95 0.0 595.01
18754.84 0.0 594.9
18756.82 0.0 596.88
18432.76 0.0 16557.08
18432.76 0.0 16557.08
18432.76 0.0 16557.08
18432.76 0.0 16557.08
18432.76 0.0 16557.08
18432.76 0.0 16557.08
18627.2 0.0 16751.51
18779.08 0.0 16903.4
18777.3 43.15 16605.68
18772.01 94.77 16605.68
18770.12 312.73 16605.68
18751.54 557.22 16605.68
19057.22 944.48 16876.44
19088.99 1138.29 16913.1
19075.06 1324.49 16907.95
19297.17 1512.5 16942.04
19309.94 1525.28 16942.04
19295.57 1510.9 16942.04
19165.13 0.0 16978.06
19050.01 0.0 16862.94
19162.56 0.0 16975.48
19205.0 0.0 17017.93
19253.24 0.0 17066.17
19253.24 0.0 17066.17
19253.24 0.0 17066.17
19413.38 0.0 17226.31
19343.92 0.0 17156.85
19367.07 0.0 17180.0
19322.7 0.0 17135.62
19358.07 0.0 17171.0
19358.07 0.0 17171.0
19358.07 0.0 17171.0
19327.84 0.0 17140.77
19338.13 0.0 17151.06
19599.24 0.0 17412.17
19615.32 0.0 17428.25
19592.17 0.0 17405.1
19592.17 0.0 17405.1
19592.17 0.0 17405.1
19472.55 0.0 17285.47
19486.05 0.0 17298.98
19487.98 0.0 17300.91
19440.39 0.0 17253.32
19309.19 0.0 17122.12
19309.19 0.0 17122.12
19309.19 0.0 17122.12
19340.7 0.0 17153.63
19312.41 0.0 17125.33
19225.58 0.0 17038.51
19107.25 0.0 16920.17
19058.66 757.12 16902.81
19062.75 831.39 16902.81
19065.11 833.74 16902.81
19136.56 891.35 17155.61
19229.82 1053.82 17222.35
19458.87 1214.7 17187.72
19680.28 1292.14 17510.65
19757.6 1565.31 17391.59
19868.09 1675.8 17391.59
19905.78 1713.49 17391.59
19838.92 1717.38 17320.85
19795.29 1760.57 17234.02
19652.7 1738.25 17113.76
19421.81 0.0 17086.1
19416.66 0.0 17080.96
19416.66 0.0 17080.96
19416.66 0.0 17080.96
19488.05 0.0 17152.35
19388.36 0.0 17052.66
19286.75 0.0 16951.04
19156.84 0.0 16821.13
19343.99 0.0 17008.28
19343.99 0.0 17008.28
19343.99 0.0 17008.28
19319.55 0.0 16983.84
19461.04 0.0 17125.33
19435.31 0.0 17099.61
19327.27 0.0 16991.56
19322.12 0.0 16986.42
19322.12 0.0 16986.42
19322.12 0.0 16986.42
19303.47 0.0 16967.77
19349.78 0.0 17014.07
19360.07 0.0 17024.36
19298.33 0.0 16962.62
19187.06 0.0 16851.36
19187.06 0.0 16851.36
19187.06 0.0 16851.36
19207.28 40.3 17260.65
19187.04 86.46 17285.67
19325.61 122.36 16996.06
19416.52 118.84 17387.14
19645.26 119.32 17615.42
19644.4 118.46 17615.42
19643.79 117.84 17615.42
19717.48 115.67 17691.29
19566.28 0.0 17548.05
19448.55 0.0 17430.31
19336.05 0.0 17317.81
19336.05 0.0 17317.81
19336.05 0.0 17317.81
19336.05 0.0 17317.81
19336.05 0.0 17317.81
19461.63 0.0 17443.39
19511.99 0.0 17493.76
19386.41 0.0 17368.18
19432.2 0.0 17413.96
19425.72 156.98 17413.96
19426.97 355.65 17413.96
19401.61 801.07 17132.41
19491.72 1056.59 17222.45
19656.13 1307.96 17374.23
19702.48 1646.34 17253.32
19738.65 1998.12 17283.54
19756.94 2158.43 17283.54
19838.65 2240.14 17283.54
19915.23 2330.89 17356.22
19690.32 2199.22 17262.96
19885.66 2274.3 17383.23
19852.07 2277.37 17346.57
19888.15 2465.87 17194.15
19875.47 2453.2 17194.15
19909.85 2487.57 17194.15
19750.61 2488.48 17034.01
19982.3 2661.64 17092.53
19918.26 2690.21 16999.92
19794.71 2578.87 16987.7
19735.9 2509.77 16997.99
19713.12 2487.0 16997.99
19826.13 2600.01 16997.99
19698.56 2579.2 16891.23
19614.52 2573.62 16812.77
19572.17 2568.58 16775.47
19828.12 2684.96 16915.03
19787.22 2716.74 16842.36
19801.14 2730.66 16842.36
19752.9 2682.42 16842.36
19753.27 2682.78 16842.36
19605.05 2570.58 16806.34
19724.33 2596.6 16899.59
19784.74 2593.35 16963.26
19621.71 0.0 17034.65
19621.71 0.0 17034.65
19621.71 0.0 17034.65
19563.83 0.0 16976.77
19244.2 0.0 16657.13
19195.96 0.0 16608.9
19173.45 0.0 16586.39
19158.02 0.0 16570.95
19158.02 0.0 16570.95
19158.02 0.0 16570.95
19158.66 0.0 16571.6
19219.11 0.0 16632.05
19167.02 0.0 16579.96
19370.89 0.0 16783.83
19353.53 0.0 16766.47
19353.53 0.0 16766.47
19353.53 0.0 16766.47
19353.53 0.0 16766.47
19250.63 0.0 16663.56
19317.51 0.0 16730.45
19377.32 0.0 16790.26
19239.05 0.0 16651.99
19239.05 0.0 16651.99
19239.05 0.0 16651.99
19249.98 0.0 16662.92
19206.25 0.0 16619.19
19309.79 0.0 16722.73
19273.14 0.0 16686.07
19286.0 0.0 16698.94
19286.0 0.0 16698.94
19286.0 0.0 16698.94
19303.36 0.0 16716.3
19291.14 0.0 16704.08
19258.99 0.0 16671.93
19343.88 0.0 16756.82
19118.78 0.0 16531.72
19118.78 0.0 16531.72
19118.78 0.0 16531.72
19071.19 0.0 16484.13
19001.73 0.0 16414.67
18976.65 0.0 16389.59
18873.11 0.0 16286.05
18911.7 0.0 16324.63
18911.7 0.0 16324.63
18911.7 0.0 16324.63
18905.91 0.0 16318.85
18797.86 0.0 16210.8
18724.54 0.0 16137.48
18685.31 0.0 16098.25
18671.16 0.0 16084.1
18544.29 3077.11 16084.1
18619.18 3152.01 16084.1
18560.71 4883.58 10339.06
18714.56 5004.71 10371.79
18721.84 4979.67 10404.1
18728.22 4987.29 10402.86
18690.82 4951.13 10401.62
18720.1 4980.42 10401.62
18840.4 5100.71 10401.62
18873.62 5078.42 10457.13
18645.86 4917.36 10390.43
18523.54 4816.59 10368.89
18497.47 4836.09 10323.31
18342.72 4716.13 0.0
18340.18 4713.6 0.0
18346.1 4719.52 0.0
18546.66 4920.08 0.0
18815.17 5188.59 0.0
19156.33 5529.75 0.0
19212.81 5586.23 0.0
19236.71 5610.13 0.0
19166.43 5539.85 0.0
19254.27 5627.68 0.0
19434.47 5807.89 0.0
19453.51 5826.93 0.0
19858.38 6231.8 0.0
19810.17 6183.58 0.0
19623.23 5996.65 0.0
19806.34 6179.75 0.0
19824.53 6197.95 0.0
19835.53 6208.95 0.0
19605.85 5979.27 0.0
19344.58 5718.0 0.0
19372.4 5745.81 0.0
19211.38 5584.79 0.0
19100.56 0.0 0.0
19100.56 0.0 0.0
19100.56 0.0 0.0
19100.56 0.0 0.0
19100.56 0.0 0.0
19100.56 0.0 0.0
19100.56 0.0 0.0
19100.56 0.0 0.0
19100.56 0.0 0.0
19100.56 0.0 0.0
19100.56 0.0 0.0
19100.56 0.0 0.0
19100.56 0.0 0.0
19100.56 0.0 0.0
19100.56 0.0 0.0
19100.56 0.0 0.0
19100.56 0.0 0.0
19028.3 1752.52 0.0
19024.46 3048.31 0.0
18846.13 4790.15 0.0
18879.45 7581.08 0.0
18973.75 10436.9 0.0
18772.57 16055.04 0.0
18692.22 16860.24 0.0
19396.75 17564.77 0.0
19592.84 17760.87 0.0
19218.26 17624.14 0.0
19343.55 17749.43 0.0
19437.19 17843.07 0.0
20019.75 18425.62 0.0
20052.83 18458.71 0.0
20063.33 18469.21 0.0
19676.89 18082.77 0.0
17948.72 16354.6 0.0
18121.38 16527.26 0.0
17777.97 0.0 0.0
17777.97 0.0 0.0
17777.97 0.0 0.0
17777.97 0.0 0.0
17777.97 0.0 0.0
17777.97 0.0 0.0
17777.97 0.0 0.0
17777.97 0.0 0.0
17777.97 0.0 0.0
17777.97 0.0 0.0
17144.37 15366.57 0.0
17256.04 15478.24 0.0
17441.93 15664.13 0.0
18055.53 16277.73 0.0
18265.72 16487.92 0.0
18154.25 16376.46 0.0
17980.64 16202.84 0.0
17844.33 16066.53 0.0
17564.12 15786.32 0.0
17727.25 15949.46 0.0
18094.79 16316.99 0.0
17763.85 15986.06 0.0
17867.96 16090.17 0.0
17879.78 16133.82 1567.75
17778.74 16015.75 1746.1
17548.56 15790.65 1741.03
17584.35 15823.17 1744.29
17791.85 16030.17 1744.8
17823.42 16061.74 1744.8
17804.23 16042.54 1744.8
17889.13 16152.23 1738.61
17894.75 16159.91 1736.55
17911.76 16172.45 1741.02
16744.9 1791.18 14998.17
16924.97 1794.59 15174.84
16921.1 1790.71 15174.84
16936.12 1805.73 15174.84
17097.25 2084.13 13216.34
17152.66 2131.48 13224.4
17134.0 2130.55 13206.67
17059.87 2121.43 13141.66
17093.11 2102.56 13193.78
17086.4 2095.84 13193.78
17100.21 2109.66 13193.78
17031.91 2101.0 13134.14
17171.04 2093.45 13280.82
17121.7 2102.14 13222.79
17118.4 2096.15 13225.48
17146.0 2090.98 13258.25
17143.47 2088.44 13258.25
17140.66 2085.63 13258.25
17083.81 2061.56 13225.48
17002.13 2037.91 13167.45
16887.31 2035.37 13055.16
17074.52 2048.51 13229.24
17099.39 2063.17 13239.45
17100.28 2064.06 13239.45
17100.75 2064.53 13239.45
17116.93 2079.09 13241.06
17110.2 2079.35 13234.07
17125.1 2111.98 13216.34
17045.81 2095.01 13154.02
16895.47 2081.68 13017.02
16880.63 2066.84 13017.02
16873.92 2060.13 13017.02
16820.84 2069.91 12954.16
16771.99 2058.13 12917.08
16721.07 1994.85 12929.44
16637.68 0.0 15008.62
16768.34 0.0 15139.28
16768.34 0.0 15139.28
16768.34 0.0 15139.28
16758.43 0.0 15129.37
16775.77 0.0 15146.71
16814.17 0.0 15185.11
16825.93 0.0 15196.87
16783.82 0.0 15154.76
16783.82 0.0 15154.76
16783.82 0.0 15154.76
16780.73 0.0 15151.67
16753.48 0.0 15124.42
16655.02 0.0 15025.96
16816.02 0.0 15186.96
16708.28 0.0 15079.22
16708.28 0.0 15079.22
16708.28 0.0 15079.22
16866.18 0.0 15237.12
16990.03 0.0 15360.97
16935.54 0.0 15306.48
17017.9 0.0 15388.84
17027.19 0.0 15398.13
17027.19 0.0 15398.13
17027.19 0.0 15398.13
17052.57 0.0 15423.52
17051.96 0.0 15422.9
17057.53 0.0 15428.47
17020.37 0.0 15391.31
16928.73 0.0 15299.67
16928.73 0.0 15299.67
16928.73 0.0 15299.67
17006.75 0.0 15377.69
17064.34 0.0 15435.28
17172.09 0.0 15543.03
17230.92 0.0 15601.86
17211.1 0.0 15582.04
17211.1 0.0 15582.04
17211.1 0.0 15582.04
17211.1 0.0 15582.04
17211.1 0.0 15582.04
17211.1 0.0 15582.04
17333.09 0.0 15704.03
17469.33 0.0 15840.27
17469.33 0.0 15840.27
17469.33 0.0 15840.27
17469.33 0.0 15840.27
17469.33 0.0 15840.27
17517.63 0.0 15888.57
17611.13 0.0 15982.07
17480.47 0.0 15851.41
17480.47 0.0 15851.41
17480.47 0.0 15851.41
17632.81 0.0 16003.75
17561.59 0.0 15932.53
17588.22 0.0 15959.16
17629.09 0.0 16000.03
17592.56 0.0 15963.5
17592.56 0.0 15963.5
17592.56 0.0 15963.5
17639.62 0.0 16010.56
17660.05 0.0 16030.99
17634.05 0.0 16004.99
17614.23 0.0 15985.17
17533.73 0.0 15904.67
17533.73 0.0 15904.67
17533.73 0.0 15904.67
17476.14 0.0 15847.08
17507.72 0.0 15878.66
17479.23 0.0 15850.17
17527.54 0.0 15898.48
17653.86 0.0 16024.8
17653.86 0.0 16024.8
17653.86 0.0 16024.8
17756.04 0.0 16126.98
17822.91 0.0 16193.86
17861.93 0.0 16232.87
18017.36 0.0 16388.3
17961.01 0.0 16331.95
17961.01 0.0 16331.95
17961.01 0.0 16331.95
17879.89 0.0 16250.83
17905.27 0.0 16276.21
17639.09 5915.07 16253.92
17504.21 5809.92 16224.2
17545.61 5791.26 16284.27
17999.94 6245.58 16284.27
18005.57 6251.21 16284.27
17938.29 6288.59 16179.61
17885.95 6191.66 16224.2
17925.66 6196.69 16258.88
17878.37 6166.12 16242.16
17917.32 6141.91 16305.32
17930.78 6155.37 16305.32
17950.14 6174.73 16305.32
18148.32 6262.06 16416.16
18664.97 6671.59 16523.29
18810.7 6698.42 16642.19
18759.36 6801.89 16487.38
18659.95 6729.73 16460.13
18725.8 6795.58 16460.13
18992.13 7061.91 16460.13
18381.08 6426.09 16484.9
18445.7 6565.02 16410.59
18389.66 6536.22 16383.34
18346.87 6539.26 16337.52
18286.44 6568.01 16248.35
18260.07 6541.63 16248.35
18254.65 6536.21 16248.35
17897.06 6507.44 15919.53
17734.63 6364.83 15899.71
18001.02 6605.83 15925.1
18002.06 6613.67 15918.29
18160.87 6630.68 16060.1
18142.34 6612.15 16060.1
18269.61 6739.42 16060.1
18181.87 6701.22 16010.56
18154.81 6620.91 16063.81
18296.9 6640.39 16186.42
18130.57 6615.24 16045.24
18241.72 6627.93 16143.7
18329.22 6715.43 16143.7
18464.76 6850.97 16143.7
18454.89 6815.09 16169.7
18487.46 6821.66 16195.71
18489.68 6873.42 16146.17
18609.31 6919.97 16219.24
18521.08 6810.69 16240.3
18532.55 6822.16 16240.3
18554.48 6844.09 16240.3
18626.28 6813.71 16342.47
18301.09 11215.92 16302.22
18046.36 16264.22 16220.48
18281.32 16679.38 16040.28
18238.52 16633.49 16043.38
18560.61 16955.58 16043.38
18556.04 16951.01 16043.38
18531.36 16949.85 16019.85
18649.8 17107.93 15980.22
21660.62 20116.89 15982.07
21887.15 20433.83 15891.66
21752.69 20233.73 15957.3
22236.9 20717.94 15957.3
22338.86 20819.9 15957.3
23041.68 21379.67 16100.35
23405.62 21706.46 16137.5
23053.23 21323.73 16167.85
23524.46 21877.31 16085.49
22335.1 20743.69 16029.76
22490.95 20899.54 16029.76
22457.05 20865.64 16029.76
22712.01 21227.73 15922.63
22117.57 20748.47 15807.45
22772.49 21409.58 15801.25
22868.36 21507.31 15799.4
23098.82 21737.77 15799.4
23101.83 21740.78 15799.4
23234.66 21873.61 15799.4
23121.57 21760.51 15799.4
23437.65 22153.39 15722.61
24045.06 22734.17 15749.24
23812.43 22388.22 15862.56
22871.62 21405.3 15904.67
23272.16 21805.83 15904.67
23220.08 21753.76 15904.67
23248.8 21840.69 15846.46
23116.05 21673.26 15881.14
23172.28 21710.91 15899.71
23247.47 21945.25 15740.57
23603.17 22206.82 15834.69
24703.1 23306.75 15834.69
25172.52 23776.17 15834.69
24952.43 23556.08 15834.69
24848.51 23419.34 15867.51
25191.59 23712.89 15917.05
25948.44 24458.58 15928.2
26826.78 25324.54 15940.58
27655.33 26153.09 15940.58
31364.42 29862.18 15940.58
30358.64 28751.13 16045.86
33872.48 32230.29 16080.53
34579.8 32928.94 16089.2
35370.67 33811.46 15997.56
33913.44 32489.22 15862.56
31755.69 30331.48 15862.56
31355.36 29931.15 15862.56
35132.37 33757.07 15813.64
34292.72 32988.02 15743.05
34100.88 32763.36 15775.87
32877.44 31417.93 15897.86
33911.13 32465.86 15883.61
34417.75 32972.48 15883.61
34698.69 33253.42 15883.61
37471.24 36025.98 15883.61
37524.86 36131.61 15831.6
37359.62 35924.87 15873.09
37116.53 35690.45 15864.42
35688.45 34081.56 16045.24
36847.58 35240.69 16045.24
36851.66 35244.76 16045.24
37877.56 36003.77 16312.13
35477.25 33514.91 16400.68
33413.12 0.0 31623.16
33423.78 0.0 31633.82
33545.77 0.0 31755.81
33527.04 454.26 31755.81
33508.53 807.17 31755.81
33062.97 3943.57 20716.23
33139.66 5407.36 20649.18
33152.79 6382.94 20774.7
33351.0 8119.26 20830.06
33623.22 8948.14 21069.4
34087.33 10192.47 21069.4
34281.8 10386.94 21069.4
34209.35 9753.15 23742.96
34577.7 10131.69 24289.22
34351.23 9858.72 24455.86
35218.95 10081.96 25128.45
35811.51 10353.13 25455.45
36548.0 11089.62 25455.45
37046.85 11588.47 25455.45
37361.05 11746.89 25611.23
38049.82 11967.42 26079.47
38363.16 12780.89 25579.35
39603.44 14047.58 25552.93
37767.0 -0.0 25671.36
37767.0 -0.0 25671.36
37767.0 -0.0 25671.36
37422.65 -0.0 25327.01
37439.95 -0.0 25344.31
37848.98 -0.0 25753.34
37874.49 -0.0 25778.85
36577.76 19849.82 25267.39
36212.57 19484.62 25267.39
36705.02 19977.07 25267.39
37349.06 20412.77 25475.73
38680.5 21899.79 25320.16
39472.08 22386.59 25624.93
38705.29 21520.63 25724.1
37264.73 20191.98 25612.2
38067.05 20994.3 25612.2
37329.17 20256.42 25612.2
35121.27 0.0 33439.11
35060.89 0.0 33378.74
35072.73 0.0 33390.58
35240.83 0.0 33558.67
35767.6 0.0 34085.45
35767.6 0.0 34085.45
35767.6 0.0 34085.45
35484.68 0.0 33802.53
35432.6 0.0 33750.44
35465.74 0.0 33783.59
35208.86 0.0 33526.71
35310.67 0.0 33628.51
35310.67 0.0 33628.51
35310.67 0.0 33628.51
35227.31 1246.52 26536.93
35206.81 2941.38 30349.48
35231.58 3426.49 31303.03
34944.3 3676.61 31160.56
35807.42 4487.48 27281.72
35838.77 5059.79 27281.72
35961.32 5546.17 27281.72
36433.47 5961.61 29886.6
36861.37 6451.07 30308.87
37527.1 6279.43 31233.32
37583.48 6498.97 31078.45
37643.21 6518.31 31124.89
37567.27 6442.36 31124.89
37255.15 6130.25 31124.89
37555.28 6284.9 31270.36
37326.23 6186.78 31139.43
37347.87 5899.81 31448.04
36940.7 0.0 31497.92
36932.39 0.0 31489.61
36932.39 0.0 31489.61
36932.39 0.0 31489.61
36544.81 0.0 31102.03
36710.02 0.0 31267.24
36683.01 0.0 31240.22
36658.07 0.0 31215.29
36694.44 0.0 31251.65
36694.44 0.0 31251.65
36694.44 0.0 31251.65
36694.44 0.0 31251.65
37276.99 0.0 33001.76
37367.41 0.0 33092.18
37433.07 0.0 33157.84
37179.04 0.0 32903.81
37011.07 4073.63 32903.81
37018.49 4139.86 32903.81
36960.39 6108.7 31564.46
37580.84 6770.74 31810.61
37901.01 7007.17 31981.26
37524.87 6982.67 31629.62
37408.98 6978.48 31517.92
37237.23 6806.73 31517.92
37349.21 6918.71 31517.92
36995.9 6865.34 31217.98
36708.28 6804.22 30991.48
36410.79 6663.94 30834.27
36957.07 6702.4 31342.09
36878.86 6874.48 31091.8
36841.75 6837.36 31091.8
36840.05 6835.67 31091.8
36684.43 6802.09 30969.76
36756.23 6772.53 31071.12
36735.53 6722.87 31100.08
36655.99 6701.25 31042.16
36758.85 6779.29 31066.98
36691.05 6711.49 31066.98
36563.32 6583.76 31066.98
37016.49 6619.09 31484.82
36755.81 6388.4 31454.83
36178.02 0.0 31622.38
35715.71 0.0 31160.06
35374.4 0.0 30818.76
35374.4 0.0 30818.76
35374.4 0.0 30818.76
35279.25 0.0 30723.61
35034.13 0.0 30478.49
35430.25 0.0 30874.61
35937.04 0.0 31381.4
35565.74 0.0 31010.1
35565.74 0.0 31010.1
35565.74 0.0 31010.1
35609.18 0.0 31053.54
35704.33 0.0 31148.69
35733.29 0.0 31177.65
35475.76 0.0 30920.12
35152.04 0.0 30596.39
35152.04 0.0 30596.39
35152.04 0.0 30596.39
35388.88 0.0 30833.24
35330.96 0.0 30775.32
35275.11 0.0 30719.47
35431.29 0.0 30875.64
35376.47 0.0 30820.83
35376.47 0.0 30820.83
35376.47 0.0 30820.83
35410.6 0.0 30854.96
35217.76 1516.46 28106.75
35246.21 4090.81 28278.95
34948.98 5092.1 28318.68
35211.8 5825.07 28638.48
36157.86 7323.05 28638.48
36644.69 8169.61 28638.48
36439.96 9974.35 28240.15
35985.53 9626.84 28133.24
36310.86 9850.93 28234.48
36386.92 9570.3 28591.17
36328.86 9552.93 28550.49
36438.52 9662.58 28550.49
36488.84 9712.91 28550.49
36401.92 9613.68 28562.78
36235.27 9834.95 28174.87
36067.76 9722.32 28119.99
36068.32 9756.93 28085.93
35542.72 9611.68 27705.59
35085.12 9154.08 27705.59
35130.41 9199.37 27705.59
35265.07 9437.16 27602.46
34805.79 9103.71 27476.63
35098.52 9191.13 27681.94
35128.65 9150.3 27752.9
34997.52 9014.44 27757.63
34815.16 8832.08 27757.63
34841.27 8858.2 27757.63
34877.64 8880.37 27771.82
34550.32 -0.0 27786.96
34611.82 -0.0 27848.45
34523.83 -0.0 27760.46
34474.63 -0.0 27711.27
34474.63 -0.0 27711.27
34474.63 -0.0 27711.27
34360.14 -0.0 27596.78
34116.06 4198.71 27525.82
34075.03 5552.54 27520.15
34346.75 6150.56 27525.82
34374.94 6074.67 27629.9
34641.82 6341.56 27629.9
34478.53 6178.26 27629.9
34370.72 6051.53 27648.82
34600.21 5975.42 27954.42
34548.1 5964.94 27912.79
34479.23 5879.99 27928.88
34336.84 6046.04 27620.44
34460.46 6169.66 27620.44
34425.83 6135.03 27620.44
34478.98 6149.38 27659.23
34389.27 5998.17 27720.73
34328.91 5902.81 27755.73
34332.75 5887.73 27774.66
34299.29 5876.98 27751.95
34350.55 5928.24 27751.95
34200.03 5777.72 27751.95
34449.34 5813.2 27965.78
34220.27 5623.87 27926.04
33968.55 0.0 27892.92
33981.96 890.82 27943.07
33991.62 1300.04 27986.59
33998.77 1307.19 27986.59
33990.23 1298.65 27986.59
34116.37 1366.13 28045.25
34081.41 1331.17 28045.25
34068.43 1318.19 28045.25
34057.89 1307.65 28045.25
34614.52 1307.96 28601.58
34623.53 1316.96 28601.58
34633.91 1327.35 28601.58
34660.84 1342.67 31120.62
34629.23 1312.54 31193.28
34619.9 1303.21 31193.28
34875.57 1304.55 31447.6
35269.62 1498.3 31893.44
35342.45 1813.51 31893.44
35333.64 2161.87 31893.44
35792.04 3232.92 32394.88
35858.34 3530.12 32286.77
36127.59 3714.94 32371.2
35635.14 3659.06 31934.63
35591.59 3556.82 31993.32
35758.44 3723.67 31993.32
35684.2 3649.43 31993.32
35675.16 3772.67 31917.12
35491.68 5024.22 29237.38
36004.67 5911.99 29311.18
36085.63 6013.85 29416.2
36080.67 5951.17 29473.91
36202.33 6072.84 29473.91
36209.5 6080.01 29473.91
36116.18 5938.44 29522.16
35896.25 5885.97 29354.7
36067.58 5951.33 29460.66
36137.91 5908.13 29574.2
35971.03 5931.36 29600.69
35992.75 6120.0 29600.69
35914.6 6166.71 29600.69
36402.65 6463.13 29899.67
36514.58 6790.15 29784.24
36878.12 7164.09 29773.83
36888.13 7083.28 29864.66
37170.6 7253.16 29977.25
37041.91 7124.46 29977.25
37075.74 7158.29 29977.25
36847.37 7135.48 29798.43
36413.58 7181.09 29488.1
36318.02 7181.09 29392.54
36862.11 7535.95 29581.77
37149.36 7646.28 29758.7
37190.02 7686.94 29758.7
37268.07 7764.99 29758.7
37478.57 7965.08 29769.1
37186.37 7723.97 29718.01
37387.35 8053.62 29589.34
37663.98 8115.48 29804.11
37696.46 8027.8 29924.27
37795.29 8126.63 29924.27
37431.33 7762.68 29924.27
37446.24 7788.93 29912.92
37434.29 7605.73 30084.17
38079.47 7979.38 30355.71
37908.12 7501.49 30635.76
38369.61 7503.16 31095.58
38439.69 7573.23 31095.58
38418.64 7552.18 31095.58
39204.84 7801.92 31632.04
38546.51 7547.59 31228.04
37978.15 7270.64 30936.63
37892.76 0.0 31260.21
37095.17 0.0 30462.62
37095.17 0.0 30462.62
37095.17 0.0 30462.62
36840.15 0.0 33323.64
37163.05 176.72 31875.78
37658.91 173.58 33425.83
38018.26 173.67 33890.91
38515.5 179.79 34382.04
38517.26 181.54 34382.04
38512.15 176.44 34382.04
38267.42 0.0 34154.34
37924.35 0.0 33811.27
37884.53 0.0 33771.45
36188.55 0.0 32075.47
36027.22 0.0 31914.14
36027.22 0.0 31914.14
36027.22 0.0 31914.14
34493.6 0.0 -0.0
34493.6 0.0 -0.0
33950.62 13168.68 -0.0
33715.45 22138.04 -0.0
36711.58 27047.25 7185.86
36839.53 27388.17 7185.86
36673.5 27350.43 7185.86
35161.4 25819.07 9047.3
38645.92 28840.27 9768.94
39824.56 30013.31 9808.29
39693.28 29702.78 9990.41
39875.85 29992.29 9883.47
38125.83 28242.26 9883.47
37646.3 27762.74 9883.47
35987.17 0.0 9889.58
34707.91 29639.52 9542.84
34622.12 29745.9 9350.68
35900.11 30785.15 9589.4
36601.14 31508.13 9567.46
36289.07 31196.06 9567.46
36890.72 31797.71 9567.46
36663.37 31361.58 9776.23
39286.97 33979.55 9781.87
38641.42 33342.6 9773.27
39574.22 34080.57 9968.1
39244.11 33750.45 9968.1
37298.54 31804.88 9968.1
37383.5 31889.84 9968.1
37493.49 31999.83 9968.1
37589.72 31732.79 10331.38
37517.95 31798.91 10193.49
36434.03 30650.64 10257.84
38475.19 32910.96 10038.68
38117.13 32552.89 10038.68
39155.83 33591.6 10038.68
38519.76 32993.19 10001.02
37154.14 31652.18 9976.41
37380.0 31709.0 10145.44
38821.01 32997.58 10297.87
40304.19 34601.47 10177.17
40379.79 36212.95 10177.17
40584.51 36417.68 10177.17
41301.25 37140.05 10171.54
41603.31 37580.9 10032.75
41551.11 37458.71 10102.74
46430.72 42341.88 10099.18
45614.78 41623.81 10001.32
46559.72 42568.75 10001.32
47279.25 43288.27 10001.32
47077.73 42951.23 10136.84
46934.16 42864.3 10080.2
47586.02 43563.91 10032.46
48334.97 44238.42 10106.89
52346.91 48250.36 10106.89
51475.34 47378.79 10106.89
50055.16 45958.61 10106.89
45623.44 0.0 44354.13
45614.32 0.0 44345.01
45665.97 2537.86 32182.31
46006.91 6821.32 35908.8
46368.71 8410.8 36977.61
45936.12 8343.2 36977.61
46009.75 8416.84 36977.61
46250.32 8671.25 36963.76
46364.38 8716.06 37033.02
46644.44 8775.58 37253.56
45899.15 8528.91 36754.94
45677.14 8122.58 36939.26
45775.51 8220.95 36939.26
45785.43 8230.87 36939.26
45384.04 7829.48 36939.26
43950.69 39544.19 10202.98
43546.13 39291.77 10050.84
45257.07 40867.78 10185.77
46975.84 42519.23 10253.09
46323.76 42262.6 10253.09
47543.85 43482.68 10253.09
46446.5 42374.06 10264.36
49892.92 45751.98 10332.87
46631.8 42709.12 10114.6
47194.31 43303.07 10083.17
47707.96 43915.18 9984.71
46942.11 43149.33 9984.71
47151.4 43358.62 9984.71
47566.35 42109.82 10025.64
47827.74 42233.9 10162.94
47846.33 42201.78 10213.65
48447.44 42706.81 10309.73
45804.27 40091.81 10281.56
46553.53 40841.07 10281.56
46611.94 40899.48 10281.56
45856.0 40280.26 10144.85
46328.93 40697.43 10200.6
46783.77 36527.29 10254.77
46481.92 36254.31 10227.4
46285.88 35967.57 10318.28
45979.58 35661.27 10318.28
46199.22 35880.91 10318.28
46081.83 35602.33 10479.47
47684.86 37163.43 10521.41
47397.92 36893.44 10504.46
46018.87 35570.89 10447.95
45828.63 35433.89 10394.72
45497.33 35102.59 10394.72
44921.31 0.0 10394.72
45064.06 0.0 10537.47
44445.43 0.0 39959.84
44512.1 0.0 40026.51
44656.74 0.0 40171.15
44551.47 0.0 40188.62
44551.47 0.0 40188.62
44551.47 0.0 40188.62
44891.49 0.0 40528.65
44928.89 0.0 40566.05
45417.4 0.0 41054.55
45440.06 0.0 41077.22
45236.05 0.0 40873.21
45236.05 0.0 40873.21
45236.05 0.0 40873.21
45335.79 0.0 40972.95
45208.85 0.0 40846.01
45270.05 0.0 40907.21
45340.32 0.0 40977.48
45332.39 0.0 40969.55
45311.07 516.98 40969.55
45292.41 998.86 40969.55
45461.75 1564.9 41157.69
46036.91 2186.53 41767.47
46295.5 2708.81 41990.75
46908.59 3132.84 42577.86
47460.17 3467.9 43117.37
47427.01 3708.82 43117.37
47479.58 3965.71 43117.37
48351.75 4194.21 43900.56
48911.44 4717.09 43996.9
49089.18 4744.89 44223.58
49313.46 4854.34 44376.59
49482.84 4867.69 44540.94
49582.9 4972.98 44540.94
49793.01 5188.85 44540.94
49320.58 4865.28 44445.68
49831.89 4941.93 44835.63
51402.65 4931.49 46428.07
52077.93 5185.57 46858.77
51271.87 5195.57 46042.71
51198.02 5121.72 46042.71
51269.51 5193.22 46042.71
51535.27 5156.35 46345.33
49250.72 5248.57 43968.56
48854.12 5027.65 43792.88
49211.37 5166.38 44072.84
49313.92 5257.59 44084.17
49312.56 5256.23 44084.17
49357.02 5300.69 44084.17
50011.87 5318.56 44721.15
50995.17 5488.07 45534.94
50221.4 5343.34 44905.9
48895.57 5238.2 43685.21
48890.94 5297.05 43621.74
48737.82 5143.92 43621.74
48809.53 5215.63 43621.74
49240.25 5202.05 44066.04
48544.61 5171.74 43402.58
48852.18 4984.23 43897.66
48702.66 5041.37 43691.0
49390.75 4968.67 44451.79
49493.07 5070.99 44451.79
49469.72 5047.64 44451.79
49569.14 5147.06 44451.79
49888.6 5125.86 44792.44
49429.95 5241.79 44217.87
49048.9 5010.62 44067.98
48195.63 0.0 43746.64
48195.63 0.0 43746.64
48195.63 0.0 43746.64
48244.46 0.0 43795.46
47847.03 0.0 43398.03
48617.86 1271.21 44139.71
49025.62 2192.17 44571.54
48561.65 3757.16 44144.24
48552.01 4383.06 44144.24
48572.73 4423.5 44144.24
48779.7 4379.48 44400.39
48713.53 4525.25 44188.45
49026.11 4976.99 44470.67
48522.06 5052.11 43891.49
48850.93 5050.02 44222.45
48845.34 5044.43 44222.45
48914.39 5113.49 44222.45
47899.01 5038.83 43281.71
47597.33 4813.1 43205.78
46905.3 4860.05 -0.0
46767.91 4722.66 -0.0
46997.69 4952.44 -0.0
46979.42 4934.17 -0.0
46997.67 4952.43 -0.0
46278.62 4699.77 36365.41
46528.63 4627.86 41553.2
46657.96 4692.12 41618.27
46962.98 4664.91 41991.35
46917.48 4596.23 42014.53
46898.36 4577.1 42014.53
46888.28 4567.02 42014.53
47085.56 4619.69 42159.14
47111.23 7289.84 37323.16
45916.19 19447.11 16233.06
45833.76 25168.27 15947.67
46624.37 28369.07 16250.15
46867.91 31637.22 16250.15
47552.74 32322.06 16250.15
47615.42 36602.63 16269.16
47625.54 42627.15 4761.54
47259.77 42214.18 4808.75
47225.45 42225.55 4763.05
47526.03 42493.03 4796.16
46869.22 41990.31 4796.16
47011.68 42180.41 4796.16
47538.87 42706.21 4797.54
48448.33 43633.8 4779.42
49134.0 44254.64 4844.25
52438.07 47617.12 4785.84
53033.75 48206.01 4792.63
52864.05 48036.31 4792.63
53546.64 48718.9 4792.63
53193.3 48378.64 4779.54
53358.5 48525.6 4797.8
55402.66 50659.76 4707.79
54056.43 49363.21 4708.67
54715.25 49944.25 4761.43
55108.83 50337.83 4761.43
56020.24 51249.24 4761.43
55849.63 51058.35 4785.74
55214.46 50376.61 4834.05
56856.83 52039.63 4813.41
57444.73 52530.51 4910.43
62778.85 57858.68 4916.38
62795.11 57874.93 4916.38
59989.9 55069.72 4916.38
62218.64 57484.65 4730.19
61646.08 56883.22 4759.07
61558.48 56840.58 4714.11
63046.93 58293.82 4749.32
65265.61 60471.85 4789.97
65428.01 60634.24 4789.97
64506.73 59712.96 4789.97
64037.19 59256.85 4776.55
66855.07 62065.99 4785.29
70364.62 65608.34 4752.48
70757.72 66048.94 4704.99
70886.29 66131.03 4751.47
74103.23 69347.97 4751.47
74148.87 69393.61 4751.47
73029.27 68363.94 4661.54
72839.7 68277.21 4558.7
75737.37 71148.03 4585.55
74124.48 69542.23 4578.45
68158.99 63647.93 -0.0
68112.35 63601.28 -0.0
70314.97 65803.91 -0.0
71968.45 67507.9 2487.77
77650.35 73141.58 3532.08
74252.79 69879.47 4102.93
75884.21 71350.09 4421.38
76752.39 72194.59 4546.22
73842.83 69285.03 4546.22
75641.04 71083.24 4546.22
76508.91 71909.29 4588.03
75800.86 71181.02 4608.26
72534.91 67980.19 4543.14
73414.43 68853.3 4549.55
72271.64 67716.3 4543.75
71461.17 66905.83 4543.75
74333.74 69778.4 4543.75
75646.68 71118.19 4521.14
76110.81 71534.23 4571.7
76719.47 72139.7 4576.48
84013.55 79337.92 4673.33
89433.94 84785.5 4646.15
90559.58 85911.14 4646.15
93228.23 88579.79 4646.15
91821.14 87172.08 4646.76
89048.95 84407.06 4639.6
93049.76 88413.06 4634.41
90928.51 86291.81 4634.41
92643.56 88006.86 4634.41
96273.04 91636.34 4634.41
102765.81 98129.11 4634.41
102036.13 97399.43 4634.41
104966.43 100331.48 4633.38
106259.83 101592.01 4666.75
111752.83 107085.01 4667.1
112220.29 107552.48 4667.1
113746.2 109078.38 4667.1
124143.17 119475.35 4667.1
127269.13 122463.84 4804.57
123678.25 118880.01 4797.52
131122.55 126345.08 4776.75
141534.86 136786.69 4747.45
151136.99 146530.24 4606.03
155531.52 150924.77 4606.03
153937.56 149330.81 4606.03
146474.65 141906.6 4567.33
136458.28 0.0 4552.5
136501.79 0.0 4596.01
136459.51 0.0 4553.73
136452.72 0.0 4546.93
136452.72 0.0 4546.93
136452.72 0.0 4546.93
136438.0 0.0 4532.22
136442.08 0.0 4536.3
136496.23 0.0 4590.45
136509.83 0.0 4604.05
136486.59 0.0 4580.81
136486.59 0.0 4580.81
136486.59 0.0 4580.81
134731.41 42816.27 4591.07
133441.1 72969.72 4590.45
133250.03 93849.37 4556.82
125879.89 118650.02 4583.28
137543.96 130289.12 4608.25
141097.67 133842.82 4608.25
141112.65 133857.8 4608.25
136501.55 129248.81 4606.15
137935.06 130756.12 4532.35
145768.24 138583.49 4538.16
154018.51 146956.27 4415.64
151431.1 144326.71 4457.8
156410.17 149305.78 4457.8
160484.83 153380.44 4457.8
159023.37 151839.11 4537.66
188039.03 180844.02 4548.42
188925.28 181722.73 4555.96
182243.62 175047.37 4549.65
194413.79 187276.26 4490.93
192299.79 185162.27 4490.93
191183.43 184045.91 4490.93
197173.75 190033.88 4493.28
194119.15 187036.26 4436.29
198798.42 191749.05 -0.0
210336.61 203287.24 -0.0
208347.05 201297.67 -0.0
225151.77 218102.39 -0.0
225482.14 218432.77 -0.0
231280.86 224231.49 -0.0
218157.78 211108.4 -0.0
197707.57 0.0 -0.0
197707.57 0.0 -0.0
197707.57 0.0 -0.0
197707.57 0.0 -0.0
197707.57 0.0 -0.0
197707.57 0.0 -0.0
197707.57 0.0 -0.0
197707.57 0.0 -0.0
197707.57 0.0 -0.0
197707.57 0.0 -0.0
194754.35 71623.17 -0.0
192273.97 132526.53 -0.0
197161.66 170640.91 -0.0
200808.47 177325.21 -0.0
209563.6 186080.34 -0.0
213346.51 189863.25 -0.0
219336.89 195853.63 -0.0
217605.25 194121.99 -0.0
231186.06 207702.8 -0.0
223980.19 200496.93 -0.0
212524.26 189041.0 -0.0
216313.78 192830.52 -0.0
223232.67 199749.41 -0.0
219004.27 195521.01 -0.0
220391.7 196908.44 -0.0
220427.98 196944.72 -0.0
218140.59 194657.33 -0.0
207269.67 0.0 -0.0
207269.67 0.0 -0.0
207269.67 0.0 -0.0
207269.67 0.0 -0.0
207269.67 0.0 -0.0
207269.67 0.0 -0.0
207269.67 0.0 -0.0
202151.74 124122.69 -0.0
204185.64 134759.17 -0.0
201076.14 20418.56 153725.07
201076.72 20419.14 153725.07
201179.07 20521.49 153725.07
200499.5 19841.92 153725.07
200892.35 20234.77 153725.07
202843.54 20529.41 155381.62
201896.4 20170.08 154793.81
202729.81 19449.36 156347.94
202186.72 20179.86 155074.36
201322.37 41616.46 155074.36
202434.6 44873.69 155074.36
201788.25 45330.35 155958.41
203039.71 45287.79 157656.43
204734.91 48103.16 156624.36
206245.54 47660.14 158585.87
208016.92 47874.73 160142.67
206657.07 46514.88 160142.67
205620.98 45478.79 160142.67
202722.39 42575.69 160147.18
202609.7 0.0 160449.51
204446.27 0.0 162286.09
203503.17 0.0 161342.98
202966.18 0.0 160806.0
202966.18 0.0 160806.0
202966.18 0.0 160806.0
202203.58 0.0 160043.39
200107.14 74482.72 161010.26
200427.0 75881.0 159588.13
199308.85 75622.84 156984.73
197963.01 73831.69 157430.04
203767.22 79635.9 157430.04
203851.11 79719.79 157430.04
202132.85 78001.53 157430.04
205644.29 78832.21 160110.8
198451.23 20564.43 175488.43
203126.7 22198.83 178604.61
204990.17 21795.18 182776.13
205357.91 22162.93 182776.13
205956.03 22761.05 182776.13
206093.85 22510.73 183164.26
204038.36 21584.81 182034.69
204532.27 21919.49 182193.93
200655.86 0.0 181308.19
202278.06 0.0 182930.39
202278.06 0.0 182930.39
202278.06 0.0 182930.39
203830.6 0.0 184482.92
205129.35 0.0 185781.68
207288.97 0.0 187941.29
206278.82 0.0 186931.15
206039.97 0.0 186692.3
206039.97 0.0 186692.3
206039.97 0.0 186692.3
206462.94 0.0 187115.27
207144.66 0.0 187796.99
208413.56 0.0 189065.89
207587.53 0.0 188239.86
208433.46 0.0 189085.79
208433.46 0.0 189085.79
208433.46 0.0 189085.79
208433.46 0.0 189085.79
208373.75 0.0 189026.08
208712.12 0.0 189364.45
205109.45 0.0 185761.77
207502.94 0.0 188155.26
207502.94 0.0 188155.26
207502.94 0.0 188155.26
207283.99 0.0 187936.32
207756.72 0.0 188409.04
207705.47 4742.56 188553.35
207664.59 5293.82 187961.2
206818.36 5203.96 187204.83
206904.65 5290.25 187204.83
206646.86 5032.45 187204.83
205615.68 5538.88 185667.23
205772.77 5745.73 185617.47
205292.04 5697.92 185184.55
196862.07 5433.69 177018.81
196268.33 5397.27 176461.49
195936.82 0.0 176461.49
195936.82 0.0 176461.49
196130.89 0.0 176655.56
196130.89 0.0 176655.56
197777.97 0.0 178302.64
197106.2 0.0 177630.87
197285.34 0.0 177810.01
197285.34 0.0 177810.01
197285.34 0.0 177810.01
196653.38 0.0 177178.05
194180.27 0.0 174704.94
194946.58 0.0 175471.25
196772.8 0.0 177297.47
197235.58 0.0 177760.25
197235.58 0.0 177760.25
197235.58 0.0 177760.25
197753.09 0.0 178277.76
199594.24 0.0 180118.91
199076.72 0.0 179601.4
199380.27 0.0 179904.94
199211.08 0.0 179735.75
199211.08 0.0 179735.75
199211.08 0.0 179735.75
197857.59 0.0 178382.26
199992.32 0.0 180516.99
200922.85 0.0 181447.52
200977.58 0.0 181502.26
201032.32 0.0 181556.99
201032.32 0.0 181556.99
201032.32 0.0 181556.99
200096.82 0.0 180621.49
200907.92 0.0 181432.59
198827.92 0.0 179352.59
198559.21 0.0 179083.88
195731.99 68929.46 160275.57
198471.72 71669.19 160275.57
199960.75 73158.23 160275.57
202331.61 75475.65 160329.0
206512.89 79643.57 160342.36
210634.67 84099.33 160008.38
214820.2 85372.54 162920.7
214511.28 85379.79 162604.53
219224.02 90092.53 162604.53
218039.36 88907.87 162604.53
213226.03 85368.12 161330.95
211552.52 85080.65 161437.82
210545.86 87142.73 162902.89
211420.97 97704.82 160377.99
210397.74 111020.44 157007.0
215676.79 116299.49 157007.0
220587.14 121209.84 157007.0
213074.06 195378.64 0.0
224298.93 206603.51 0.0
219501.85 123855.52 77022.49
219337.38 125673.13 90296.99
217353.43 122744.61 93976.16
226793.8 132184.98 93976.16
224799.2 130190.38 93976.16
225307.29 130036.23 94638.39
222504.0 127068.72 94802.63
218408.72 125591.19 92159.87
218688.79 126227.93 92087.53
224043.44 131901.41 91932.5
231360.02 139269.54 91932.5
230241.32 138186.61 91932.5
232566.29 139349.24 93118.45
233430.09 139879.74 93451.75
227384.93 134855.16 92431.17
230743.53 138322.27 92322.65
225683.2 132647.01 92937.58
231597.89 138561.71 92937.58
231148.2 138112.02 92937.58
230891.54 137855.35 92937.58
226842.46 132982.54 93836.08
226913.86 133211.64 93678.39
231774.47 138033.47 93717.16
233668.1 139350.59 94293.67
235663.4 141345.89 94293.67
235414.94 141097.44 94293.67
240452.47 146243.54 94185.09
242012.8 148809.53 93179.44
224600.48 132232.24 92344.41
222652.39 0.0 92460.74
222980.72 0.0 92789.07
