1000.0
980.7
976.69
968.92
951.1
956.18
961.59
962.59
993.28
1006.12
1007.9
983.67
995.19
993.29
998.96
993.87
991.67
989.28
982.33
981.54
988.11
1000.25
999.47
1036.42
1026.57
1024.92
1014.77
1017.19
1020.07
1033.13
1033.49
1032.35
1041.98
1041.98
1043.18
1039.41
1041.68
1040.62
1056.21
1055.85
1056.18
1061.55
1099.4
1112.49
1193.18
1181.38
1182.59
1188.34
1228.53
1228.49
1268.68
1255.02
1262.28
1310.45
1332.65
1329.55
1467.4
1306.74
1306.74
1306.74
1306.74
1306.74
1306.74
1306.74
1306.74
1306.74
1306.74
1293.48
1288.88
1360.09
1357.34
1340.32
1337.39
1340.03
1370.96
1375.63
1372.8
1336.54
1367.39
1366.17
1373.26
1367.36
1362.32
1419.8
1432.43
1440.5
1473.01
1493.79
1497.34
1488.44
1519.72
1525.58
1435.25
1459.88
1458.12
1461.62
1459.26
1462.85
1474.24
1504.73
1505.04
1529.95
1525.47
1522.12
1605.87
1606.05
1616.49
1670.14
1641.83
1641.56
1689.53
1685.42
1685.57
1765.18
1792.53
1794.71
1775.9
1781.95
1783.58
1638.83
1679.27
1677.89
1662.75
1719.35
1719.93
1740.67
1753.33
1760.15
1566.64
1566.64
1566.64
1567.31
1569.53
1571.32
1570.95
1570.95
1570.95
1570.95
1583.6
1542.4
1540.3
1536.2
1531.04
1600.43
1616.7
1591.78
1676.2
1662.01
1664.23
1743.27
1730.9
1734.73
1762.31
1788.09
1783.24
1733.67
1740.63
1720.82
1742.85
1767.72
1728.36
1782.84
1815.16
1808.38
1841.19
1836.77
1810.97
1861.87
1899.92
1872.11
1930.53
1935.42
1932.79
2044.71
2088.46
2081.2
2156.7
2189.9
2170.5
2193.26
2332.96
2344.63
2493.87
2571.17
2583.77
2507.88
2513.72
2519.11
2464.86
2561.46
2529.85
2764.96
2886.47
2827.87
2938.31
3200.62
3157.04
3332.12
3101.1
3191.3
3075.84
3186.13
3204.3
3199.71
3350.03
3366.67
3520.68
3507.93
3526.89
4000.53
3709.56
3729.33
3919.82
3943.59
4014.4
3694.0
3813.28
3760.45
3405.03
3405.24
3405.24
3405.24
3411.05
3389.41
3472.88
3540.9
3525.87
3379.94
3289.79
3275.14
3294.81
3373.61
3340.77
3245.79
3273.43
3179.6
3340.77
3384.65
3382.83
3396.94
3255.3
3268.98
3308.16
3107.62
3107.42
3109.28
3109.31
3112.06
3112.06
3112.06
3092.34
3272.25
3214.46
3200.26
3588.28
3707.85
3724.29
3652.08
3460.43
3462.22
3548.63
3686.02
3687.01
3641.55
3772.59
3766.62
3570.8
3685.27
3677.0
4181.97
4222.69
4172.69
4465.76
4349.74
4332.81
4678.62
4939.01
4957.59
5446.58
5365.72
5322.51
5501.32
5269.52
5239.1
5302.04
5166.32
5096.32
5319.92
5515.95
5504.96
5537.77
5530.43
5512.4
5839.8
5821.15
5807.34
6199.04
5807.39
5813.51
5531.88
5532.61
5533.29
5534.98
5535.8
5535.8
5535.8
5532.21
5529.91
5530.22
5529.33
5528.82
5528.82
5528.82
5525.62
5524.88
5525.38
5519.66
5520.47
5520.47
5520.47
5520.02
5522.03
5516.82
5517.06
5516.98
5516.98
5516.98
5514.18
5513.45
5514.34
5451.32
5415.32
5477.4
5728.23
5736.37
5936.42
5976.04
5979.25
6811.45
7007.52
7104.14
6977.69
6849.2
6837.01
6988.29
7267.04
7274.83
7271.19
7148.74
7176.82
6918.31
7167.26
7160.21
7033.93
7456.73
7438.12
7718.77
8030.78
8128.52
8620.62
8888.34
8808.47
8389.39
8506.59
8551.2
8584.38
8094.48
7926.83
7926.83
8640.96
8571.59
9543.31
10157.91
10224.32
10162.43
10390.79
10442.05
10452.81
10704.07
10668.09
10685.25
11232.33
11305.92
12446.01
12725.35
12681.52
12953.58
13834.25
13829.42
14372.08
14673.44
14677.83
17013.65
20558.75
20986.95
18927.67
18600.42
18598.82
18595.95
18596.75
18600.58
18602.23
18602.23
18602.23
18604.97
18604.86
18606.78
18606.78
18285.06
18285.06
18285.06
18285.06
18285.06
18477.94
18628.46
18628.46
18623.72
18628.21
18611.6
18918.31
18943.9
18930.0
19141.42
19154.0
19139.84
19011.66
18897.36
19009.1
19051.25
19099.14
19099.14
19099.14
19258.15
19189.18
19212.17
19168.11
19203.23
19203.23
19203.23
19173.22
19183.43
19442.69
19458.66
19435.67
19435.67
19435.67
19316.9
19330.31
19332.22
19284.97
19154.7
19154.7
19154.7
19185.99
19157.89
19071.68
18954.19
18936.95
18912.96
18912.55
18990.16
19079.71
19304.53
19528.92
19608.23
19706.13
19741.64
19674.22
19627.69
19485.84
19266.57
19261.4
19261.4
19261.4
19333.12
19232.97
19130.88
19000.37
19188.39
19188.39
19188.39
19163.84
19305.98
19280.14
19171.59
19166.42
19166.42
19166.42
19147.68
19194.2
19204.54
19142.51
19030.74
19030.74
19030.74
19060.46
19037.62
19174.26
19269.83
19492.43
19491.62
19491.03
19564.63
19414.3
19296.9
19184.73
19184.73
19184.73
19184.73
19184.73
19309.95
19360.17
19234.95
19280.6
19280.6
19283.06
19270.09
19350.51
19512.79
19554.25
19596.83
19606.78
19681.72
19761.12
19535.31
19728.73
19695.36
19729.86
19717.36
19751.24
19593.13
19821.96
19758.17
19636.28
19578.37
19555.92
19667.33
19540.81
19457.41
19415.4
19668.71
19627.87
19641.59
19594.04
19594.4
19448.02
19566.27
19626.28
19466.06
19466.06
19466.06
19408.59
19091.22
19043.33
19020.98
19005.66
19005.66
19005.66
19006.29
19066.32
19014.6
19217.02
19199.78
19199.78
19199.78
19199.78
19097.61
19164.02
19223.41
19086.11
19086.11
19086.11
19096.97
19053.55
19156.36
19119.96
19132.73
19132.73
19132.73
19149.97
19137.84
19105.91
19190.2
18966.7
18966.7
18966.7
18919.45
18850.48
18825.58
18722.77
18761.08
18761.08
18761.08
18755.34
18648.06
18575.26
18536.31
18522.26
18522.26
18470.98
18481.68
18564.84
18572.15
18578.45
18541.46
18570.42
18689.42
18722.47
18496.94
18375.87
18349.93
18196.72
18194.21
18200.07
18398.47
18664.09
19001.57
19057.44
19081.08
19011.56
19098.44
19276.7
19295.54
19696.05
19648.35
19463.43
19644.56
19662.56
19673.44
19446.24
19187.79
19215.3
19056.02
18946.39
18946.39
18946.39
18946.39
18946.39
18946.39
18946.39
18946.39
18946.39
18946.39
18946.39
18946.39
18946.39
18946.39
18946.39
18946.39
18946.39
18946.39
18921.96
18769.44
18835.39
18929.08
18849.63
18576.13
19240.17
19434.23
19072.86
19195.24
19286.71
19855.75
19888.06
19898.32
19520.85
17832.77
18001.42
17665.98
17665.98
17665.98
17665.98
17665.98
17665.98
17665.98
17665.98
17665.98
17665.98
17665.98
17147.34
17332.06
17941.72
18151.02
18040.03
17867.15
17731.42
17452.41
17614.85
17980.82
17651.29
17754.96
17798.42
17669.58
17437.66
17473.22
17679.42
17710.79
17691.72
17776.45
17781.67
17798.57
16906.04
16817.45
16813.6
16827.67
16995.38
17044.05
17022.8
16940.15
16984.63
16979.04
16990.54
16914.46
17077.56
17017.78
17015.9
17049.44
17047.34
17045.0
16987.12
16900.44
16768.67
16980.61
17004.6
17005.33
17005.73
17019.7
17011.85
17018.52
16932.44
16763.15
16750.8
16745.22
16680.77
16628.16
16589.79
16583.81
16714.71
16714.71
16714.71
16704.79
16722.16
16760.62
16772.41
16730.22
16730.22
16730.22
16727.12
16699.82
16601.18
16762.48
16654.53
16654.53
16654.53
16812.74
16936.82
16882.22
16964.74
16974.04
16974.04
16974.04
16999.48
16998.86
17004.44
16967.22
16875.4
16875.4
16875.4
16953.57
17011.27
17119.22
17178.16
17158.3
17158.3
17158.3
17158.3
17158.3
17158.3
17280.52
17417.01
17417.01
17417.01
17417.01
17417.01
17465.4
17559.08
17428.18
17428.18
17428.18
17580.8
17509.45
17536.13
17577.08
17540.47
17540.47
17540.47
17587.62
17608.1
17582.04
17562.19
17481.53
17481.53
17481.53
17423.84
17455.48
17426.94
17475.33
17601.89
17601.89
17601.89
17704.26
17771.26
17810.35
17966.07
17909.61
17909.61
17909.61
17828.34
17853.78
17831.44
17470.18
17512.63
17944.1
17949.44
17880.09
17832.71
17872.23
17826.44
17866.74
17879.52
17897.91
18091.89
18588.14
18732.74
18675.9
18580.07
18642.61
18895.53
18316.53
18374.02
18319.37
18276.35
18214.31
18189.26
18184.11
17827.36
17672.07
17926.37
17927.0
18085.23
18067.63
18188.49
18102.58
18079.67
18221.01
18055.68
18166.37
18249.47
18378.18
18370.17
18402.46
18401.98
18519.4
18436.72
18447.6
18468.44
18541.95
18407.3
18181.21
18187.7
18145.27
18464.86
18460.32
18435.6
18552.75
21540.25
21764.16
21631.37
22111.83
22213.0
22911.75
23273.23
22923.86
23390.64
22209.96
22364.61
22330.97
22582.93
21991.98
22641.77
22736.87
22965.55
22968.54
23100.33
22988.12
23301.02
23903.97
23674.24
22741.13
23138.56
23086.88
23114.82
22983.43
23039.41
23112.49
23466.33
24557.73
25023.51
24805.14
24702.34
25043.24
25794.32
26665.98
27488.11
31168.45
30171.48
33658.42
34360.34
35144.2
33696.96
31555.94
31158.71
34905.98
34072.15
33882.12
32669.34
33694.88
34197.57
34476.33
37227.4
37280.1
37116.54
36875.25
35459.98
36610.12
36614.17
37634.69
35253.83
33510.98
33250.52
33365.82
33365.82
33323.64
32970.93
33002.83
33001.03
33234.4
33477.21
33960.88
34132.05
34123.91
34462.94
34217.03
35078.1
35673.8
36437.94
36955.58
37272.52
37959.89
38314.26
39602.81
37690.25
37690.25
37690.25
37353.04
37369.99
37770.54
37795.52
37327.17
36099.21
36610.1
37266.13
38656.45
39459.93
38658.68
37170.71
38003.06
37237.56
35104.97
34920.27
34931.04
35089.31
35585.3
35585.3
35585.3
35318.92
35269.88
35301.09
35059.22
35155.08
35155.08
35155.08
35124.98
35197.35
35114.82
34801.3
35679.84
35722.57
35826.7
36406.4
36701.81
37485.5
37439.13
37495.25
37444.08
37233.78
37492.7
37287.34
37422.21
37167.29
37158.45
37158.45
37158.45
36746.24
36921.95
36893.22
36866.7
36905.38
36905.38
36905.38
36905.38
37549.67
37642.5
37709.91
37449.1
37449.1
37313.38
37319.7
37810.88
38079.86
37690.25
37568.54
37471.99
37534.94
37184.46
36908.08
36661.24
37225.47
37054.77
37033.91
37032.95
36883.67
36975.36
36978.38
36904.34
36974.74
36936.62
36864.81
37331.14
37169.4
36929.41
36435.43
36070.74
36070.74
36070.74
35969.07
35707.16
36130.42
36671.92
36275.19
36275.19
36275.19
36321.6
36423.27
36454.22
36179.04
35833.15
35833.15
35833.15
36086.22
36024.33
35964.65
36131.52
36072.95
36072.95
36072.95
36109.42
35970.18
36127.83
36001.96
36340.71
36752.72
36963.52
36605.44
36299.68
36516.45
36809.45
36754.3
36802.54
36824.68
36795.39
36439.83
36326.22
36301.68
35793.73
35592.44
35612.36
35596.56
35302.97
35581.12
35646.01
35591.77
35511.55
35523.04
35549.36
35416.39
35488.19
35385.46
35328.02
35328.02
35328.02
35194.36
35111.52
34930.48
35192.33
35194.11
35499.11
35312.5
35186.49
35403.52
35350.13
35269.04
35151.97
35293.25
35253.67
35308.67
35197.04
35122.88
35124.47
35089.59
35148.18
34976.16
35229.42
34973.52
34690.75
34740.63
34723.3
34711.42
34701.66
34837.14
34797.18
34782.34
34770.3
35324.07
35334.36
35346.23
35424.93
35323.45
35312.79
35573.72
35980.38
36062.82
36059.56
36558.78
36590.94
36861.79
36359.27
36314.39
36485.32
36409.27
36402.62
36267.24
36772.23
36832.29
36813.29
36948.96
36956.96
36847.09
36621.99
36800.29
36865.05
36685.34
36705.91
36614.8
37124.25
37265.93
37675.03
37673.62
37978.52
37832.39
37870.8
37637.86
37195.11
37091.29
37684.06
37985.83
38032.19
38121.16
38359.61
38033.93
38281.72
38565.88
38585.46
38698.13
38283.23
38301.87
38263.39
38959.45
38723.46
39182.79
39262.63
39238.64
40056.85
39365.18
38759.74
38615.67
37822.24
37822.24
37822.24
37630.24
37890.33
38415.01
38763.64
39275.61
39277.3
39272.38
39021.33
38667.82
38626.79
36879.21
36712.97
36712.97
36712.97
35132.69
35132.69
35132.69
34711.38
37611.64
37530.68
37358.16
35852.1
39367.35
40563.28
40428.77
40614.66
38832.21
38343.81
36653.93
36595.73
35263.6
36565.26
37279.28
36961.43
37574.22
37342.66
40014.87
39357.35
40307.44
39971.21
37989.6
38076.13
38188.16
38286.18
38213.07
37109.07
39188.05
38823.35
39881.3
39233.44
37842.52
38072.57
39540.27
41050.94
41189.88
41332.18
42064.59
42373.71
42320.14
47306.35
46472.92
47438.5
48173.74
47967.37
47820.86
48487.11
49252.18
53351.75
52461.14
51009.93
47192.14
46543.03
46689.37
47173.98
47372.36
46877.43
46937.31
47180.56
47296.69
47582.35
46823.08
46600.37
46699.9
46709.93
46303.81
46167.4
44430.04
46170.62
47919.07
47271.69
48501.63
47395.53
50870.51
47580.77
48147.49
48664.26
47892.23
48103.21
48521.94
48788.02
48806.99
49418.67
46729.53
47491.81
47551.24
46782.01
47263.22
47726.56
47416.74
47217.86
46906.01
47129.62
47011.6
48644.0
48351.72
46947.21
46753.04
46415.75
45829.32
45975.97
45954.58
45414.52
45562.03
45457.16
45456.17
45456.17
45802.3
45840.38
46337.65
46360.73
46153.05
46153.05
46153.05
46254.58
46125.36
46187.66
46259.2
46251.12
46251.12
46230.12
46405.52
46993.13
47250.23
47871.28
48429.97
48393.4
48445.3
49332.59
49910.13
50088.64
50317.08
50487.59
50591.29
50809.97
50323.16
50845.47
52447.29
53139.97
52318.13
52241.85
52315.7
52586.21
50257.81
49850.45
50218.3
50319.75
50318.32
50364.91
51032.05
52038.05
51246.08
49893.31
49890.35
49729.92
49805.05
50243.1
49538.1
49845.7
49688.88
50393.61
50495.95
50472.6
50572.03
50898.94
50427.73
50043.37
49182.99
49182.99
49182.99
49232.89
48826.76
49668.03
50066.78
49620.66
49570.59
49566.76
49775.5
49711.9
50048.37
49519.88
49854.59
49848.75
49920.93
48885.27
48572.02
47868.84
47725.23
47965.4
47946.31
47965.39
47985.57
47586.72
47615.33
47929.09
47880.55
47860.9
47850.54
48053.2
48190.56
47377.9
47008.02
47694.97
47957.94
48535.41
48770.24
48840.84
48219.96
48184.75
48492.98
47825.73
47973.23
48511.34
49439.53
50139.72
53511.9
54119.95
53946.74
54643.46
54282.73
54451.45
56537.47
55165.42
55837.88
56239.61
57169.89
56995.83
56347.5
58023.9
58623.85
64068.39
64084.98
61221.7
63496.81
62912.37
62823.01
64342.23
66606.79
66772.55
65832.2
65352.96
68229.16
71811.41
72212.71
72343.88
75627.41
75674.0
74531.34
74337.97
77295.6
75649.33
69560.43
69512.82
71761.05
73500.31
79268.47
75797.65
77452.79
78336.41
75365.05
77200.48
78086.28
77363.56
74030.05
74927.77
73761.33
72934.08
75866.11
77206.35
77680.02
78301.27
85746.23
91278.86
92427.8
95151.69
93715.47
90885.9
94969.54
92804.38
94554.93
98259.55
104886.73
104141.95
107132.93
108453.06
114059.78
114536.91
116094.4
126706.62
129897.1
126231.89
133830.33
144458.25
154259.35
158744.85
157117.9
149500.54
139276.83
139321.19
139278.09
139271.16
139271.16
139271.16
139256.17
139260.33
139315.52
139329.38
139305.69
139305.69
139305.69
139316.15
137468.07
136852.48
129780.83
140078.82
143544.87
143559.48
139062.04
140456.94
148097.15
156138.52
153616.79
158473.04
162447.19
161025.3
189325.71
190190.42
183673.3
195540.69
193478.84
192390.01
198232.67
195250.91
199813.29
211066.87
209126.38
225516.58
225838.81
231494.49
218695.12
198749.35
198749.35
198749.35
198749.35
198749.35
198749.35
198749.35
198749.35
198749.35
198749.35
198749.35
195810.34
199523.27
201987.51
210694.5
214567.17
220699.69
218926.96
232830.02
225453.17
213725.41
217604.84
224687.91
220359.18
221779.53
221816.67
219475.0
208346.13
208346.13
208346.13
208346.13
208346.13
208346.13
208346.13
208346.13
205588.51
205257.89
202121.04
202223.93
201540.79
201935.7
203897.03
202944.95
203782.64
203236.78
203255.65
203571.37
202882.5
204103.47
205800.08
207316.92
209097.34
207730.4
206688.9
203775.19
203661.9
205508.0
204560.01
204020.24
204020.24
204020.24
203253.68
204233.42
201467.83
200343.88
198991.0
204825.49
204909.81
203182.6
206712.27
199823.76
204126.46
206042.35
206393.99
206975.18
207124.41
205082.53
205568.75
201767.12
203407.4
203407.4
203407.4
204977.23
206290.46
208474.15
207452.75
207211.24
207211.24
207211.24
207638.92
208328.24
209611.28
208776.04
209631.4
209631.4
209631.4
209631.4
209571.02
209913.17
206270.34
208690.51
208690.51
208690.51
208469.12
208947.11
209093.03
208833.27
207982.84
208065.07
207819.4
206747.27
206894.09
206410.78
197902.22
197303.98
196988.06
196988.06
197184.29
197184.29
198849.72
198170.47
198351.6
198351.6
198351.6
197712.6
195211.92
195986.78
197833.35
198301.29
198301.29
198301.29
198824.57
200686.23
200162.95
200469.88
200298.81
200298.81
200298.81
198930.23
201088.76
202029.65
202085.0
202140.35
202140.35
202140.35
201194.42
202014.56
199911.38
199639.67
199654.77
199551.68
201050.41
203436.62
207645.1
211794.14
216003.06
215692.56
220435.97
219243.59
214400.62
212775.59
211881.64
212870.54
211996.79
216873.04
221815.35
217426.49
225489.7
222301.18
220907.46
218627.83
228067.21
226059.7
226569.72
223747.95
219718.48
219920.36
225304.97
232664.14
231537.62
233874.66
234742.41
228660.44
232040.85
226946.75
232899.47
232446.89
232188.57
228113.66
228183.95
233075.72
234980.36
236988.49
236738.44
241808.56
243380.94
225858.39
223897.54
224227.32
